latitude,longitude,brightness,scan,track,acq_date,acq_time,satellite,confidence,version,bright_t31,frp
27.898,116.25,342.4,1.9,1.3,2016-02-12, 02:35,T,91,5.0       ,293.5,136
27.896,116.269,317.5,1.9,1.3,2016-02-12, 02:35,T,68,5.0       ,292.6,41
27.886,116.248,311.2,1.9,1.3,2016-02-12, 02:35,T,47,5.0       ,292.9,23.6
27.337,114.533,316.1,2.5,1.5,2016-02-12, 02:35,T,65,5.0       ,290.3,66.6
26.796,118.271,325.3,1.4,1.2,2016-02-12, 02:35,T,78,5.0       ,293.8,42.8
26.794,118.286,360.8,1.4,1.2,2016-02-12, 02:35,T,100,5.0       ,296.6,152.4
27.359,111.735,311,3.9,1.8,2016-02-12, 02:35,T,46,5.0       ,289.8,86.2
26.952,113.602,312.2,2.8,1.6,2016-02-12, 02:35,T,53,5.0       ,291.7,59.4
26.416,113.185,321.5,3,1.6,2016-02-12, 02:35,T,70,5.0       ,290.7,109.2
26.416,113.179,325.9,3,1.6,2016-02-12, 02:35,T,69,5.0       ,291.2,139.6
0.087,117.345,312,1,1,2016-02-12, 02:45,T,40,5.0       ,288.9,8.9
0.173,116.638,313.4,1,1,2016-02-12, 02:45,T,44,5.0       ,290.1,10.4
0.171,116.647,312.1,1,1,2016-02-12, 02:45,T,34,5.0       ,289.1,8.7
-2.582,121.378,321.7,2,1.4,2016-02-12, 02:45,T,74,5.0       ,285.1,58.6
19.818,109.842,318.4,4.4,1.9,2016-02-12, 02:40,T,69,5.0       ,298.5,133.3
19.816,109.834,319.8,4.4,1.9,2016-02-12, 02:40,T,72,5.0       ,298.5,142.1
18.006,120.883,318.5,1,1,2016-02-12, 02:40,T,70,5.0       ,296.5,17.1
17.797,121.526,315.4,1.1,1,2016-02-12, 02:40,T,47,5.0       ,297.7,8.9
17.591,121.54,316.6,1.1,1,2016-02-12, 02:40,T,66,5.0       ,298.6,11.3
17.445,120.93,317.2,1,1,2016-02-12, 02:40,T,67,5.0       ,296.4,16.3
17.272,121.692,315.8,1.1,1,2016-02-12, 02:40,T,64,5.0       ,299.3,9.5
17.224,121.756,315.4,1.1,1,2016-02-12, 02:40,T,64,5.0       ,300.8,8.3
17.222,121.766,316.3,1.1,1,2016-02-12, 02:40,T,66,5.0       ,301.4,9.4
16.616,121.632,313,1.1,1,2016-02-12, 02:40,T,57,5.0       ,298.5,8.2
16.098,120.442,319.3,1,1,2016-02-12, 02:40,T,71,5.0       ,301.7,12.4
15.74,120.065,318.9,1,1,2016-02-12, 02:40,T,70,5.0       ,301,14.4
15.629,120.25,316.1,1,1,2016-02-12, 02:40,T,65,5.0       ,293,15.5
15.628,120.259,311.2,1,1,2016-02-12, 02:40,T,41,5.0       ,294.1,9.5
15.596,120.22,310.9,1,1,2016-02-12, 02:40,T,44,5.0       ,300.6,10.2
15.612,120.052,315.3,1,1,2016-02-12, 02:40,T,55,5.0       ,302.2,10
15.476,120.223,313.2,1,1,2016-02-12, 02:40,T,57,5.0       ,302.9,13.1
15.32,121.064,320.9,1.1,1,2016-02-12, 02:40,T,73,5.0       ,298.7,16.1
15.287,121.042,321.9,1.1,1,2016-02-12, 02:40,T,75,5.0       ,301.2,14.8
15.278,121.041,316.1,1.1,1,2016-02-12, 02:40,T,41,5.0       ,300.1,7.1
15.33,120.093,326.2,1,1,2016-02-12, 02:40,T,70,5.0       ,304.7,17.9
15.321,120.092,337.7,1,1,2016-02-12, 02:40,T,88,5.0       ,307.9,35.1
15.234,120.605,320.3,1,1,2016-02-12, 02:40,T,50,5.0       ,304.1,9.3
15.252,120.424,313.3,1,1,2016-02-12, 02:40,T,54,5.0       ,299.5,8.8
14.84,120.405,314.4,1,1,2016-02-12, 02:40,T,61,5.0       ,300.3,9.8
13.873,121.178,319.2,1.1,1,2016-02-12, 02:40,T,71,5.0       ,297.5,15.3
13.09,120.935,320.2,1.1,1,2016-02-12, 02:40,T,68,5.0       ,300.7,18.1
12.564,121.227,318.8,1.1,1.1,2016-02-12, 02:40,T,70,5.0       ,297.6,18.9
12.134,120.122,322.7,1,1,2016-02-12, 02:40,T,71,5.0       ,302.8,16.6
11.205,122.115,315.2,1.3,1.1,2016-02-12, 02:40,T,40,5.0       ,300.9,15.9
11.195,122.114,317.8,1.3,1.1,2016-02-12, 02:40,T,30,5.0       ,302.8,18.5
10.834,122.983,311.1,1.6,1.2,2016-02-12, 02:40,T,46,5.0       ,290.2,16.2
9.928,122.535,311.8,1.5,1.2,2016-02-12, 02:40,T,51,5.0       ,295,16
7.104,124.13,315.1,2.2,1.4,2016-02-12, 02:40,T,63,5.0       ,291.2,28.2
26.554,112.554,312.2,1,1,2016-02-12, 05:45,A,53,5.0       ,298.4,7.2
26.726,113.652,326,1,1,2016-02-12, 05:45,A,79,5.0       ,298.5,24.9
26.513,112.144,313.2,1,1,2016-02-12, 05:45,A,49,5.0       ,294.7,10.3
26.611,112.558,316.1,1,1,2016-02-12, 05:45,A,65,5.0       ,299.5,12.5
26.654,112.733,315.3,1,1,2016-02-12, 05:45,A,63,5.0       ,297.8,11
26.653,112.723,311,1,1,2016-02-12, 05:45,A,45,5.0       ,298.4,6.7
26.843,114.037,310.1,1.1,1,2016-02-12, 05:45,A,29,5.0       ,297.1,8.9
26.948,114.621,310.5,1.1,1,2016-02-12, 05:45,A,36,5.0       ,297.4,8.7
26.947,114.61,318.6,1.1,1,2016-02-12, 05:45,A,70,5.0       ,297.6,18.6
26.953,114.615,313.4,1.1,1,2016-02-12, 05:45,A,58,5.0       ,297.4,12.6
26.891,114.066,350.4,1.1,1,2016-02-12, 05:45,A,95,5.0       ,296.1,75.3
26.89,114.056,315.4,1.1,1,2016-02-12, 05:45,A,64,5.0       ,295.9,14.8
26.837,113.32,312.1,1,1,2016-02-12, 05:45,A,53,5.0       ,297.2,8.4
26.836,113.31,311,1,1,2016-02-12, 05:45,A,45,5.0       ,297.2,7.2
26.962,114.108,321.6,1.1,1,2016-02-12, 05:45,A,66,5.0       ,293.5,21.3
26.961,114.098,386.1,1.1,1,2016-02-12, 05:45,A,100,5.0       ,302.2,199.7
26.96,114.087,345.6,1.1,1,2016-02-12, 05:45,A,93,5.0       ,299.5,62.7
26.754,112.536,310.2,1,1,2016-02-12, 05:45,A,34,5.0       ,297.3,6.7
26.753,112.526,312.9,1,1,2016-02-12, 05:45,A,56,5.0       ,297.9,9.5
26.722,111.933,312,1,1,2016-02-12, 05:45,A,52,5.0       ,296.6,10.5
27.725,120.336,310.4,2.5,1.5,2016-02-12, 05:45,A,38,5.0       ,294.9,35.4
26.692,111.607,312.3,1,1,2016-02-12, 05:45,A,35,5.0       ,298,8
26.701,111.606,316.4,1,1,2016-02-12, 05:45,A,66,5.0       ,297.1,12.7
26.644,111.117,321.7,1,1,2016-02-12, 05:45,A,74,5.0       ,294.9,25.1
26.642,111.107,319.9,1,1,2016-02-12, 05:45,A,72,5.0       ,293.6,23
26.495,110.007,317.4,1.2,1.1,2016-02-12, 05:45,A,68,5.0       ,295,21.1
27.096,113.87,319.6,1,1,2016-02-12, 05:45,A,71,5.0       ,296.5,19.6
27.094,113.86,318.3,1,1,2016-02-12, 05:45,A,69,5.0       ,297.1,18.2
27.223,114.695,318.6,1.1,1.1,2016-02-12, 05:45,A,70,5.0       ,295.2,18.6
27.254,114.513,319.3,1.1,1,2016-02-12, 05:45,A,71,5.0       ,296.7,20.3
27.326,115.006,311.7,1.1,1.1,2016-02-12, 05:45,A,43,5.0       ,293.7,9.4
27.325,114.995,312.8,1.1,1.1,2016-02-12, 05:45,A,47,5.0       ,295.5,10.7
27.323,114.983,312.5,1.1,1.1,2016-02-12, 05:45,A,21,5.0       ,295.7,10.1
25.993,106.507,318.2,1.9,1.4,2016-02-12, 05:45,A,69,5.0       ,295.5,46
27.272,114.509,312.7,1.1,1,2016-02-12, 05:45,A,47,5.0       ,294.5,12.2
27.598,106.03,312,2.6,1.6,2016-02-12, 04:15,T,52,5.0       ,287.9,67.3
25.141,105.528,320.2,2.8,1.6,2016-02-12, 04:15,T,72,5.0       ,290.6,101.5
23.595,105.447,314.8,3,1.6,2016-02-12, 04:15,T,62,5.0       ,291.6,84.2
23.467,104.627,315.4,2.6,1.6,2016-02-12, 04:15,T,63,5.0       ,292.5,70.8
22.588,108.002,311.8,4.7,2,2016-02-12, 04:15,T,50,5.0       ,293.7,105.7
23.53,103.289,320.3,2.1,1.4,2016-02-12, 04:15,T,72,5.0       ,296.8,55.2
22.876,101.893,313,1.7,1.3,2016-02-12, 04:15,T,56,5.0       ,292.6,32.9
20.98,106.986,319.4,4.4,1.9,2016-02-12, 04:15,T,62,5.0       ,292.6,171
22.46,99.233,314.1,1.2,1.1,2016-02-12, 04:15,T,60,5.0       ,294.8,19.4
20.978,106.978,320.1,4.4,1.9,2016-02-12, 04:15,T,63,5.0       ,292.7,180.4
21.505,104.167,315.1,2.7,1.6,2016-02-12, 04:15,T,63,5.0       ,292.2,71.6
21.499,104.162,311.4,2.7,1.6,2016-02-12, 04:15,T,48,5.0       ,292.5,52.7
22.484,97.377,310.2,1,1,2016-02-12, 04:15,T,23,5.0       ,297.3,7.3
22.483,97.387,324.4,1,1,2016-02-12, 04:15,T,77,5.0       ,299.4,23.2
21.563,102.48,321.2,2,1.4,2016-02-12, 04:15,T,74,5.0       ,293.7,66.6
21.559,102.502,321.6,2,1.4,2016-02-12, 04:15,T,74,5.0       ,293.8,68.3
22.375,96.51,315,1,1,2016-02-12, 04:15,T,63,5.0       ,299.7,9.9
21.621,101.079,322.5,1.6,1.2,2016-02-12, 04:15,T,75,5.0       ,294.7,48.5
22.242,96.785,312.4,1,1,2016-02-12, 04:15,T,54,5.0       ,299.1,7.8
22.109,94.018,318.6,1.1,1.1,2016-02-12, 04:15,T,70,5.0       ,298.9,16.9
20.444,103.912,315.4,2.7,1.6,2016-02-12, 04:15,T,64,5.0       ,293,71.4
20.438,103.939,311.7,2.7,1.6,2016-02-12, 04:15,T,50,5.0       ,293.6,54.6
21.721,96.445,312.6,1,1,2016-02-12, 04:15,T,38,5.0       ,300.1,6.6
21.627,96.949,318.3,1,1,2016-02-12, 04:15,T,69,5.0       ,300.4,13.7
20.439,103.905,313.6,2.7,1.6,2016-02-12, 04:15,T,55,5.0       ,292.7,60.8
20.434,103.934,323.3,2.7,1.6,2016-02-12, 04:15,T,76,5.0       ,294.2,108.4
21.307,98.177,319,1.1,1,2016-02-12, 04:15,T,69,5.0       ,300.9,18.1
21.364,96.856,331.6,1,1,2016-02-12, 04:15,T,84,5.0       ,304,30.1
21.363,96.866,318.6,1,1,2016-02-12, 04:15,T,70,5.0       ,304,12.2
21.339,96.473,314.2,1,1,2016-02-12, 04:15,T,60,5.0       ,300,10.3
21.29,96.797,327.3,1,1,2016-02-12, 04:15,T,80,5.0       ,306.2,21
21.288,96.807,319.7,1,1,2016-02-12, 04:15,T,57,5.0       ,306.6,10.3
21.629,93.636,311.2,1.2,1.1,2016-02-12, 04:15,T,41,5.0       ,289.5,15.1
21.228,96.345,323.5,1,1,2016-02-12, 04:15,T,75,5.0       ,298,20.5
21.226,96.296,321.7,1,1,2016-02-12, 04:15,T,74,5.0       ,304.7,12.9
21.17,96.676,318.8,1,1,2016-02-12, 04:15,T,67,5.0       ,300.6,14.8
19.737,104.679,318,3.2,1.7,2016-02-12, 04:15,T,69,5.0       ,294.2,106.3
19.731,104.707,315.7,3.2,1.7,2016-02-12, 04:15,T,64,5.0       ,293.4,94.5
19.733,104.701,317.4,3.2,1.7,2016-02-12, 04:15,T,45,5.0       ,293.3,94.6
19.752,103.33,314.9,2.5,1.5,2016-02-12, 04:15,T,62,5.0       ,292.7,65.7
20.566,98.191,312.4,1.1,1.1,2016-02-12, 04:15,T,54,5.0       ,297.9,10.9
20.397,98.148,311.5,1.1,1.1,2016-02-12, 04:15,T,49,5.0       ,297.7,11
19.878,100.462,314,1.5,1.2,2016-02-12, 04:15,T,60,5.0       ,295.8,27
19.876,100.476,321.7,1.6,1.2,2016-02-12, 04:15,T,74,5.0       ,296.6,45.5
20.869,92.984,322.8,1.2,1.1,2016-02-12, 04:15,T,76,5.0       ,297.4,27
20.093,97.958,310.6,1.1,1,2016-02-12, 04:15,T,37,5.0       ,298.6,8.5
20.333,96.164,321.5,1,1,2016-02-12, 04:15,T,74,5.0       ,305.2,11.2
20.331,96.174,319.8,1,1,2016-02-12, 04:15,T,72,5.0       ,305.2,8.8
20.056,97.786,311.5,1.1,1,2016-02-12, 04:15,T,32,5.0       ,299.5,6.4
20.26,96.03,317.3,1,1,2016-02-12, 04:15,T,68,5.0       ,303.3,8.3
19.997,97.696,318,1.1,1,2016-02-12, 04:15,T,67,5.0       ,303.1,13.8
19.995,97.707,316.2,1.1,1,2016-02-12, 04:15,T,65,5.0       ,301.9,11.1
20.308,95.583,325,1,1,2016-02-12, 04:15,T,78,5.0       ,306.4,13.7
19.879,94.981,317.6,1,1,2016-02-12, 04:15,T,68,5.0       ,304.2,6.9
19.392,98.143,312,1.1,1.1,2016-02-12, 04:15,T,46,5.0       ,299.7,12.3
19.755,95.583,326.9,1,1,2016-02-12, 04:15,T,80,5.0       ,306.8,15.4
19.595,95.1,320.7,1,1,2016-02-12, 04:15,T,73,5.0       ,303.7,11.8
19.584,95.112,317.1,1,1,2016-02-12, 04:15,T,67,5.0       ,304.2,8
18.747,100.245,312.8,1.6,1.2,2016-02-12, 04:15,T,56,5.0       ,300.9,17
19.184,97.283,313.9,1.1,1,2016-02-12, 04:15,T,58,5.0       ,301.6,8
19.373,95.363,318.6,1,1,2016-02-12, 04:15,T,57,5.0       ,303.5,8.2
19.107,97.122,311,1.1,1,2016-02-12, 04:15,T,45,5.0       ,298.2,10
19.077,97.263,317.5,1.1,1,2016-02-12, 04:15,T,68,5.0       ,299.7,13.7
19.076,97.273,310.3,1.1,1,2016-02-12, 04:15,T,30,5.0       ,298.2,4.9
18.975,97.493,311,1.1,1,2016-02-12, 04:15,T,42,5.0       ,299,8.2
18.974,97.503,313.6,1.1,1,2016-02-12, 04:15,T,57,5.0       ,297.6,11.7
19.283,95.278,320.4,1,1,2016-02-12, 04:15,T,64,5.0       ,306.3,8.3
19.159,95.691,316,1,1,2016-02-12, 04:15,T,65,5.0       ,303.7,7.4
19.011,95.626,318.2,1,1,2016-02-12, 04:15,T,61,5.0       ,306.2,7.7
18.593,98.266,312.4,1.2,1.1,2016-02-12, 04:15,T,47,5.0       ,297.6,14.3
18.43,99.194,310.1,1.4,1.2,2016-02-12, 04:15,T,19,5.0       ,299.2,10.5
18.466,98.794,312.6,1.3,1.1,2016-02-12, 04:15,T,44,5.0       ,301.9,10
18.667,95.144,323,1,1,2016-02-12, 04:15,T,57,5.0       ,309.1,12.3
18.227,97.916,313.8,1.2,1.1,2016-02-12, 04:15,T,57,5.0       ,301.4,12.9
18.592,95.279,317.7,1,1,2016-02-12, 04:15,T,68,5.0       ,305.1,8.4
17.238,102.229,316.8,2.3,1.5,2016-02-12, 04:15,T,67,5.0       ,303,31.4
18.382,95.075,336.8,1,1,2016-02-12, 04:15,T,88,5.0       ,307.2,34.1
18.381,95.084,321.1,1,1,2016-02-12, 04:15,T,73,5.0       ,307.5,10.9
17.789,98.666,317.3,1.3,1.1,2016-02-12, 04:15,T,62,5.0       ,303.4,17.8
18.218,95.756,320.2,1,1,2016-02-12, 04:15,T,52,5.0       ,308.1,8.9
18.136,95.871,319.2,1,1,2016-02-12, 04:15,T,58,5.0       ,303.6,10.1
17.684,98.678,316,1.3,1.1,2016-02-12, 04:15,T,65,5.0       ,304,16.9
18.032,95.078,318,1,1,2016-02-12, 04:15,T,59,5.0       ,305.9,7
17.359,98.902,320,1.3,1.1,2016-02-12, 04:15,T,0,5.0       ,302.2,26.2
17.357,98.914,312.7,1.3,1.2,2016-02-12, 04:15,T,52,5.0       ,300.5,14
15.814,102.498,316.7,2.6,1.6,2016-02-12, 04:15,T,66,5.0       ,303.8,30.2
16.36,99.189,314.9,1.5,1.2,2016-02-12, 04:15,T,45,5.0       ,299.9,19.3
16.347,99.201,313.9,1.5,1.2,2016-02-12, 04:15,T,20,5.0       ,303.1,15.8
16.286,99.431,320.2,1.5,1.2,2016-02-12, 04:15,T,72,5.0       ,306.3,19.6
16.745,95.246,315.1,1,1,2016-02-12, 04:15,T,53,5.0       ,303.3,7.8
16.479,96.214,320.6,1,1,2016-02-12, 04:15,T,73,5.0       ,308.2,7.5
16.442,96.212,328.6,1,1,2016-02-12, 04:15,T,82,5.0       ,308.9,19
16.441,96.221,324.5,1,1,2016-02-12, 04:15,T,78,5.0       ,307.6,12.8
15.952,99.289,313.1,1.5,1.2,2016-02-12, 04:15,T,57,5.0       ,302,16.1
15.625,101.136,319.4,2.1,1.4,2016-02-12, 04:15,T,71,5.0       ,303.4,22.6
15.069,102.305,330.5,2.6,1.6,2016-02-12, 04:15,T,83,5.0       ,308,87.2
15.161,101.981,320.5,2.5,1.5,2016-02-12, 04:15,T,64,5.0       ,306.5,27.2
15.077,102.3,329.3,2.6,1.6,2016-02-12, 04:15,T,82,5.0       ,308.8,81.2
15.507,99.673,319.1,1.6,1.3,2016-02-12, 04:15,T,71,5.0       ,306,15.7
16.104,95.707,347.7,1,1,2016-02-12, 04:15,T,94,5.0       ,308.5,54.5
16.103,95.716,323.1,1,1,2016-02-12, 04:15,T,63,5.0       ,308.1,12.3
15.15,100.401,317.3,1.9,1.3,2016-02-12, 04:15,T,56,5.0       ,300.6,17.5
15.156,100.396,321,1.9,1.3,2016-02-12, 04:15,T,63,5.0       ,301.3,26.5
14.854,101.998,321.1,2.5,1.5,2016-02-12, 04:15,T,71,5.0       ,305.6,35.2
15.054,100.629,321.4,2,1.4,2016-02-12, 04:15,T,74,5.0       ,302.1,24.5
14.478,103.24,316.9,3.2,1.7,2016-02-12, 04:15,T,67,5.0       ,303.3,34.7
14.227,104.566,332.9,4.1,1.9,2016-02-12, 04:15,T,85,5.0       ,301.1,209.9
14.463,103.237,317.7,3.2,1.7,2016-02-12, 04:15,T,68,5.0       ,304.2,40.7
14.238,104.564,322.9,4.1,1.9,2016-02-12, 04:15,T,76,5.0       ,300.7,105.1
14.464,103.232,319.8,3.2,1.7,2016-02-12, 04:15,T,72,5.0       ,304.2,53.3
14.221,104.56,327.9,4.1,1.9,2016-02-12, 04:15,T,81,5.0       ,300.7,152.1
15.106,99.313,316.8,1.6,1.2,2016-02-12, 04:15,T,67,5.0       ,299.8,23.3
15.103,99.327,312.4,1.6,1.2,2016-02-12, 04:15,T,52,5.0       ,299.1,14.9
14.97,99.571,325.2,1.6,1.3,2016-02-12, 04:20,T,78,5.0       ,304.7,34.8
14.851,99.998,317.5,1.8,1.3,2016-02-12, 04:20,T,68,5.0       ,301.4,16.6
14.969,99.092,312.9,1.5,1.2,2016-02-12, 04:20,T,49,5.0       ,300.4,14.3
14.978,98.907,311.1,1.5,1.2,2016-02-12, 04:20,T,40,5.0       ,300.3,14.8
14.94,98.999,316.1,1.5,1.2,2016-02-12, 04:20,T,53,5.0       ,299.6,21.8
13.801,105.063,323.1,4.5,2,2016-02-12, 04:20,T,76,5.0       ,299.2,117.6
13.801,105.056,320.3,4.5,2,2016-02-12, 04:20,T,72,5.0       ,299.4,94
13.793,105.096,317.1,4.5,2,2016-02-12, 04:20,T,65,5.0       ,298.6,66.6
14.801,99.212,311.9,1.6,1.2,2016-02-12, 04:20,T,28,5.0       ,297.8,13.8
14.797,99.219,311.1,1.6,1.2,2016-02-12, 04:20,T,19,5.0       ,297,11.8
14.876,98.212,313.1,1.3,1.1,2016-02-12, 04:20,T,57,5.0       ,301,15.9
13.814,104.011,317.1,3.8,1.8,2016-02-12, 04:20,T,67,5.0       ,300.9,48
13.879,103.49,322.5,3.4,1.7,2016-02-12, 04:20,T,75,5.0       ,304.1,65.3
13.883,103.486,320.8,3.4,1.7,2016-02-12, 04:20,T,67,5.0       ,303.9,50.5
14.624,98.948,311.9,1.5,1.2,2016-02-12, 04:20,T,33,5.0       ,300.3,12.1
13.621,102.474,319.3,2.9,1.6,2016-02-12, 04:20,T,71,5.0       ,303.4,37.7
13.691,99.289,327,1.6,1.3,2016-02-12, 04:20,T,80,5.0       ,299.3,50.5
13.241,98.733,310.6,1.5,1.2,2016-02-12, 04:20,T,34,5.0       ,298.5,10.9
11.709,104.293,318.8,4.3,1.9,2016-02-12, 04:20,T,69,5.0       ,296.1,79.3
11.706,104.288,318.4,4.3,1.9,2016-02-12, 04:20,T,66,5.0       ,295.9,76.8
18.44,98.108,359.4,2.9,1.6,2016-02-12, 07:25,A,99,5.0       ,304.7,419.5
18.43,98.129,318.8,2.9,1.6,2016-02-12, 07:25,A,47,5.0       ,300.3,65.3
18.456,98.097,379.7,2.9,1.6,2016-02-12, 07:25,A,100,5.0       ,304.6,739.2
18.573,98.371,316.9,3.1,1.7,2016-02-12, 07:25,A,62,5.0       ,304.6,49.8
18.57,98.343,316.7,3.1,1.7,2016-02-12, 07:25,A,63,5.0       ,303.8,46.9
18.739,98.218,315.9,3,1.7,2016-02-12, 07:25,A,33,5.0       ,300.7,51.4
18.735,98.188,319.8,3,1.6,2016-02-12, 07:25,A,58,5.0       ,299.9,75.9
18.75,98.187,321.7,3,1.6,2016-02-12, 07:25,A,62,5.0       ,300.4,84.6
18.505,95.783,318.4,2,1.4,2016-02-12, 07:25,A,44,5.0       ,303.9,16.4
18.503,95.765,319,1.9,1.4,2016-02-12, 07:25,A,50,5.0       ,304.9,16.7
18.98,97.482,318.4,2.7,1.6,2016-02-12, 07:25,A,66,5.0       ,303.6,48.2
19.669,98.935,316.7,3.5,1.8,2016-02-12, 07:25,A,55,5.0       ,300.4,70.9
19.527,97.377,316.5,2.7,1.6,2016-02-12, 07:25,A,46,5.0       ,303,31.6
19.53,97.371,323.4,2.7,1.6,2016-02-12, 07:25,A,76,5.0       ,303.3,67
19.358,95.596,323.7,1.9,1.4,2016-02-12, 07:25,A,77,5.0       ,307.3,32.3
19.984,99.603,322.4,4,1.9,2016-02-12, 07:25,A,75,5.0       ,299.2,151.5
19.934,98.725,315.8,3.4,1.7,2016-02-12, 07:25,A,37,5.0       ,300.3,58.4
19.991,99.596,318.8,4,1.9,2016-02-12, 07:25,A,70,5.0       ,299,116.5
19.946,98.715,318,3.4,1.7,2016-02-12, 07:25,A,69,5.0       ,300.1,71.4
19.589,95.098,323.4,1.8,1.3,2016-02-12, 07:25,A,76,5.0       ,306.8,25.1
19.603,95.114,326.3,1.8,1.3,2016-02-12, 07:25,A,79,5.0       ,304.9,33.6
19.952,97.983,319,3,1.6,2016-02-12, 07:25,A,70,5.0       ,303.7,54.8
19.951,97.98,320,3,1.6,2016-02-12, 07:25,A,72,5.0       ,304.1,63.9
19.683,94.728,320.6,1.7,1.3,2016-02-12, 07:25,A,69,5.0       ,306.2,16.4
20.051,97.935,312,3,1.6,2016-02-12, 07:25,A,28,5.0       ,299.6,33.7
19.683,94.737,321.5,1.7,1.3,2016-02-12, 07:25,A,58,5.0       ,306,19.3
19.694,94.623,323.3,1.7,1.3,2016-02-12, 07:25,A,76,5.0       ,303.3,25.4
19.743,94.746,340.5,1.7,1.3,2016-02-12, 07:25,A,90,5.0       ,305.6,85.2
19.741,94.73,327.3,1.7,1.3,2016-02-12, 07:25,A,80,5.0       ,306.6,37.7
19.754,94.744,324.9,1.7,1.3,2016-02-12, 07:25,A,78,5.0       ,304.5,32.9
19.752,94.728,323.3,1.7,1.3,2016-02-12, 07:25,A,76,5.0       ,307,27.7
20.074,94.762,325.3,1.7,1.3,2016-02-12, 07:25,A,69,5.0       ,308.8,21.2
20.072,94.746,324.6,1.7,1.3,2016-02-12, 07:25,A,74,5.0       ,308.3,21.1
20.519,97.933,311.8,3,1.7,2016-02-12, 07:25,A,25,5.0       ,298.3,35.8
21.985,96.264,320,2.4,1.5,2016-02-12, 07:25,A,72,5.0       ,296.7,56
22.11,94.012,320.4,1.6,1.3,2016-02-12, 07:25,A,46,5.0       ,300.3,30.3
22.108,93.996,313,1.6,1.3,2016-02-12, 07:25,A,32,5.0       ,298,13.7
22.166,94.005,333.3,1.6,1.3,2016-02-12, 07:25,A,65,5.0       ,299.7,64.9
22.625,93.539,317,1.5,1.2,2016-02-12, 07:25,A,67,5.0       ,294.4,30.1
25.914,92.062,310.6,1.4,1.2,2016-02-12, 07:25,A,40,5.0       ,295.4,14.8
26.045,93.125,316.2,1.6,1.2,2016-02-12, 07:25,A,65,5.0       ,298.8,18.4
26.17,92.417,316.3,1.5,1.2,2016-02-12, 07:25,A,65,5.0       ,298.8,21.8
26.168,92.403,313.5,1.5,1.2,2016-02-12, 07:25,A,58,5.0       ,298.8,16.4
26.174,92.409,322.3,1.5,1.2,2016-02-12, 07:25,A,75,5.0       ,298.7,33
26.739,91.055,323.8,1.2,1.1,2016-02-12, 07:25,A,77,5.0       ,297.5,31.3
26.737,91.042,312.6,1.2,1.1,2016-02-12, 07:25,A,53,5.0       ,298.3,14
26.765,89.398,324.3,1.1,1,2016-02-12, 07:25,A,77,5.0       ,304.8,21.9
12.76,105.28,316.5,4.5,1.9,2016-02-12, 05:45,A,41,5.0       ,290.9,80.9
15.321,120.092,331.4,1.6,1.3,2016-02-12, 05:45,A,84,5.0       ,306.8,46.7
15.32,120.078,324,1.6,1.3,2016-02-12, 05:45,A,63,5.0       ,307.1,25.6
15.599,120.222,314.4,1.7,1.3,2016-02-12, 05:45,A,55,5.0       ,301,25.1
13.307,105.187,328,4.4,1.9,2016-02-12, 05:45,A,81,5.0       ,298.7,189.8
13.325,105.184,327,4.4,1.9,2016-02-12, 05:45,A,80,5.0       ,297.5,169.1
13.309,105.179,344.2,4.4,1.9,2016-02-12, 05:45,A,92,5.0       ,298.5,428
14.623,108.247,312.8,2.4,1.5,2016-02-12, 05:45,A,30,5.0       ,300,38.9
14.636,108.262,316,2.4,1.5,2016-02-12, 05:45,A,65,5.0       ,295.7,54.6
14.632,108.239,351.4,2.4,1.5,2016-02-12, 05:45,A,96,5.0       ,299,268.5
14.655,108.137,311,2.5,1.5,2016-02-12, 05:45,A,38,5.0       ,300.4,36
14.652,108.117,313,2.5,1.5,2016-02-12, 05:45,A,52,5.0       ,300,43.4
14.662,108.131,312.2,2.5,1.5,2016-02-12, 05:45,A,31,5.0       ,299.4,38.9
14.84,107.979,322.3,2.5,1.5,2016-02-12, 05:45,A,75,5.0       ,296.5,76.3
14.849,107.993,317.5,2.5,1.5,2016-02-12, 05:45,A,68,5.0       ,297.5,57.5
14.846,107.972,318.2,2.5,1.5,2016-02-12, 05:45,A,69,5.0       ,298.7,63.1
14.798,106.794,332.1,3.1,1.7,2016-02-12, 05:45,A,84,5.0       ,296,153.3
26.804,111.067,317.9,1,1,2016-02-12, 05:45,A,69,5.0       ,297.1,17
25.779,105.192,310.9,2.4,1.5,2016-02-12, 05:45,A,41,5.0       ,297.3,28.7
26.399,108.53,311.4,1.4,1.2,2016-02-12, 05:45,A,49,5.0       ,292.8,18.1
26.84,111.129,314,1,1,2016-02-12, 05:45,A,60,5.0       ,297,12.2
27.34,114.549,342.8,1.1,1,2016-02-12, 05:45,A,91,5.0       ,295,61.2
27.339,114.538,369.8,1.1,1,2016-02-12, 05:45,A,100,5.0       ,298.6,141.4
27.839,118.426,312.4,1.9,1.3,2016-02-12, 05:45,A,54,5.0       ,293.7,27.5
27.837,118.407,312.1,1.9,1.3,2016-02-12, 05:45,A,52,5.0       ,293.7,26.8
27.833,118.42,318.1,1.9,1.3,2016-02-12, 05:45,A,69,5.0       ,293.5,40.7
26.986,111.537,316.5,1,1,2016-02-12, 05:45,A,66,5.0       ,297.2,14.1
26.918,111.033,321.8,1,1,2016-02-12, 05:45,A,74,5.0       ,295.9,22.1
26.916,111.023,330.7,1,1,2016-02-12, 05:45,A,83,5.0       ,296.7,35.4
26.692,109.575,313.4,1.2,1.1,2016-02-12, 05:45,A,58,5.0       ,294.8,17.2
26.656,109.36,311.6,1.2,1.1,2016-02-12, 05:45,A,45,5.0       ,293.8,15.7
27.442,114.549,327.8,1.1,1,2016-02-12, 05:45,A,81,5.0       ,295.3,34.2
26.975,111.097,313.5,1,1,2016-02-12, 05:45,A,58,5.0       ,295.5,11
26.973,111.086,323,1,1,2016-02-12, 05:45,A,76,5.0       ,297.3,22.6
26.007,105.34,321.8,2.3,1.5,2016-02-12, 05:45,A,74,5.0       ,298.6,67.6
26.003,105.316,313.1,2.3,1.5,2016-02-12, 05:45,A,31,5.0       ,299.1,33.3
27.515,114.634,326,1.1,1.1,2016-02-12, 05:45,A,79,5.0       ,295.6,30.7
27.514,114.623,315.9,1.1,1.1,2016-02-12, 05:45,A,65,5.0       ,295.4,16.2
26.763,89.388,321.8,1.1,1,2016-02-12, 07:25,A,74,5.0       ,303.7,18.2
26.809,89.182,314.7,1,1,2016-02-12, 07:25,A,43,5.0       ,300.4,9.6
27.483,89.622,316.3,1.1,1,2016-02-12, 07:25,A,45,5.0       ,293.3,21.1
27.482,89.611,325.4,1.1,1,2016-02-12, 07:25,A,72,5.0       ,291.9,35.8
-4.546,136.884,310.5,2.6,1.6,2016-02-12, 04:00,A,21,5.0       ,290.2,31.5
14.796,106.789,328.1,3.1,1.7,2016-02-12, 05:45,A,81,5.0       ,296.3,121.8
14.811,106.786,313.2,3.1,1.7,2016-02-12, 05:45,A,42,5.0       ,293.1,29.1
14.999,105.974,319.8,3.6,1.8,2016-02-12, 05:45,A,72,5.0       ,297.3,104.8
15.008,105.968,318.1,3.6,1.8,2016-02-12, 05:45,A,51,5.0       ,296.5,87.4
16.502,106.715,315.5,2.9,1.6,2016-02-12, 05:45,A,54,5.0       ,302.7,43.1
16.497,106.687,319.7,2.9,1.6,2016-02-12, 05:45,A,72,5.0       ,304,66.5
16.79,106.931,311.7,2.8,1.6,2016-02-12, 05:45,A,29,5.0       ,298.5,31.5
16.885,104.949,314.3,3.9,1.8,2016-02-12, 05:45,A,47,5.0       ,302.3,43.6
17.241,106.399,311.8,3,1.6,2016-02-12, 05:45,A,51,5.0       ,299.9,40.7
17.242,106.392,314.1,3,1.6,2016-02-12, 05:45,A,60,5.0       ,300,54.3
17.098,105.563,315.9,3.5,1.8,2016-02-12, 05:45,A,65,5.0       ,302.6,54.6
17.032,104.473,318.8,4.2,1.9,2016-02-12, 05:45,A,70,5.0       ,305,65.9
18.372,105.712,311,3.2,1.7,2016-02-12, 05:45,A,46,5.0       ,300.1,35.1
19.636,109.241,315.7,1.6,1.3,2016-02-12, 05:45,A,64,5.0       ,301.3,15.6
19.749,109.494,314.1,1.6,1.2,2016-02-12, 05:45,A,60,5.0       ,303.3,11.7
19.097,105.482,314.8,3.2,1.7,2016-02-12, 05:45,A,62,5.0       ,299.8,58.3
19.095,105.476,310.2,3.2,1.7,2016-02-12, 05:45,A,33,5.0       ,299.8,36.4
19.483,105.491,311.5,3.1,1.7,2016-02-12, 05:45,A,49,5.0       ,301.2,37.5
21.198,110.026,315.1,1.4,1.2,2016-02-12, 05:45,A,63,5.0       ,302.8,10.4
21.526,110.586,325.3,1.3,1.1,2016-02-12, 05:45,A,78,5.0       ,299.2,31.2
21.524,110.574,314.9,1.3,1.1,2016-02-12, 05:45,A,62,5.0       ,298.8,13.8
21.18,106.957,316.1,2.2,1.5,2016-02-12, 05:45,A,65,5.0       ,297,49.6
21.176,106.936,312.1,2.3,1.5,2016-02-12, 05:45,A,52,5.0       ,296.5,37.5
21.636,109.329,317.9,1.5,1.2,2016-02-12, 05:45,A,61,5.0       ,298.3,19.5
21.215,106.649,314.7,2.4,1.5,2016-02-12, 05:45,A,62,5.0       ,299.5,43.3
21.75,109.516,313.7,1.4,1.2,2016-02-12, 05:45,A,59,5.0       ,296.4,18.9
22.107,108.117,311.1,1.8,1.3,2016-02-12, 05:45,A,46,5.0       ,298.3,20.3
21.159,103.213,311.3,4.2,1.9,2016-02-12, 05:45,A,48,5.0       ,293.4,87.8
21.605,103.857,322.5,3.7,1.8,2016-02-12, 05:45,A,75,5.0       ,294.5,155.2
21.612,103.849,328.5,3.7,1.8,2016-02-12, 05:45,A,81,5.0       ,294.8,212.4
22.01,105.339,311.3,2.8,1.6,2016-02-12, 05:45,A,48,5.0       ,294.7,48.1
22.547,108.171,314,1.7,1.3,2016-02-12, 05:45,A,37,5.0       ,301.1,13.9
22.544,108.154,316,1.7,1.3,2016-02-12, 05:45,A,64,5.0       ,301.4,18.1
22.544,108.165,317.8,1.7,1.3,2016-02-12, 05:45,A,68,5.0       ,301.3,24.4
22.52,108.032,314.1,1.8,1.3,2016-02-12, 05:45,A,60,5.0       ,301.5,17.8
21.998,105.334,313.5,2.8,1.6,2016-02-12, 05:45,A,58,5.0       ,295.2,57.9
23.147,111.202,313.9,1.1,1.1,2016-02-12, 05:45,A,60,5.0       ,298,13.8
21.553,102.469,313,4.7,2,2016-02-12, 05:45,A,56,5.0       ,293.9,136.3
21.552,102.455,310.1,4.7,2,2016-02-12, 05:45,A,29,5.0       ,293.8,103.7
23.256,109.067,310.6,1.5,1.2,2016-02-12, 05:45,A,40,5.0       ,299,10.8
24.02,113.898,312.3,1,1,2016-02-12, 05:45,A,29,5.0       ,296,10
23.66,111.337,332,1.1,1,2016-02-12, 05:45,A,80,5.0       ,294.7,39.5
23.658,111.327,324.7,1.1,1,2016-02-12, 05:45,A,68,5.0       ,294.7,27.6
23.834,111.684,320.9,1.1,1,2016-02-12, 05:45,A,73,5.0       ,296.2,21.2
22.83,104.732,313.7,3,1.7,2016-02-12, 05:45,A,59,5.0       ,288.6,77.2
24.183,112.527,323.2,1,1,2016-02-12, 05:45,A,0,5.0       ,290.2,24.3
22.831,104.725,310.8,3,1.7,2016-02-12, 05:45,A,43,5.0       ,288.5,64.5
23.7,108.613,313.6,1.5,1.2,2016-02-12, 05:45,A,58,5.0       ,296.9,21.6
24.492,113.071,311,1,1,2016-02-12, 05:45,A,34,5.0       ,292.8,10.1
24.615,112.338,323.8,1,1,2016-02-12, 05:45,A,77,5.0       ,297.4,22.9
24.614,112.328,321.3,1,1,2016-02-12, 05:45,A,74,5.0       ,296.9,19.5
24.691,112.416,323.4,1,1,2016-02-12, 05:45,A,76,5.0       ,297.6,21.6
24.727,112.601,347.9,1,1,2016-02-12, 05:45,A,94,5.0       ,297.7,63.6
24.726,112.591,319.9,1,1,2016-02-12, 05:45,A,72,5.0       ,295.8,17.8
24.761,112.508,323.8,1,1,2016-02-12, 05:45,A,77,5.0       ,296.3,23.4
24.381,109.597,320.4,1.3,1.1,2016-02-12, 05:45,A,73,5.0       ,296.4,25.4
24.602,110.361,316.9,1.2,1.1,2016-02-12, 05:45,A,67,5.0       ,296.8,18
24.6,110.349,312.5,1.2,1.1,2016-02-12, 05:45,A,55,5.0       ,296.7,12.2
23.591,104.515,310.4,3,1.6,2016-02-12, 05:45,A,37,5.0       ,293.8,53.1
24.239,107.744,314.9,1.7,1.3,2016-02-12, 05:45,A,62,5.0       ,295.8,32.9
24.383,108.48,319.4,1.5,1.2,2016-02-12, 05:45,A,71,5.0       ,298.9,30.5
24.145,106.266,311.6,2.2,1.4,2016-02-12, 05:45,A,50,5.0       ,295.7,32.9
23.531,103.288,312.8,3.7,1.8,2016-02-12, 05:45,A,56,5.0       ,295.4,65.9
25.242,112.593,311.2,1,1,2016-02-12, 05:45,A,44,5.0       ,294.6,7.7
25.289,112.725,311.4,1,1,2016-02-12, 05:45,A,41,5.0       ,292.4,8.7
25.103,111.351,313.2,1.1,1,2016-02-12, 05:45,A,57,5.0       ,297.2,11.3
25.101,111.341,310,1.1,1,2016-02-12, 05:45,A,24,5.0       ,296.7,8.4
25.173,111.512,327.1,1,1,2016-02-12, 05:45,A,80,5.0       ,294.7,30.7
24.022,104.82,319.8,2.8,1.6,2016-02-12, 05:45,A,72,5.0       ,296,87.7
24.011,104.818,312.7,2.8,1.6,2016-02-12, 05:45,A,55,5.0       ,296.3,51.5
23.922,104.32,311.9,3,1.7,2016-02-12, 05:45,A,52,5.0       ,293.6,58.9
25.5,113.23,311,1,1,2016-02-12, 05:45,A,45,5.0       ,295.7,8.6
24.067,104.806,314.7,2.8,1.6,2016-02-12, 05:45,A,62,5.0       ,295.2,60.9
25.34,111.635,317.4,1,1,2016-02-12, 05:45,A,68,5.0       ,297.8,16.5
25.524,112.371,332.3,1,1,2016-02-12, 05:45,A,85,5.0       ,297.7,32.5
25.468,111.875,323.5,1,1,2016-02-12, 05:45,A,77,5.0       ,297.9,23.7
25.45,111.755,324.4,1,1,2016-02-12, 05:45,A,77,5.0       ,297.4,24.8
25.455,111.608,324,1,1,2016-02-12, 05:45,A,77,5.0       ,295.5,23.9
24.985,108.401,310,1.5,1.2,2016-02-12, 05:45,A,23,5.0       ,295.5,15.8
25.646,112.388,358.6,1,1,2016-02-12, 05:45,A,99,5.0       ,295.6,88
25.645,112.378,314.8,1,1,2016-02-12, 05:45,A,46,5.0       ,297.8,10.6
25.676,112.463,316.2,1,1,2016-02-12, 05:45,A,65,5.0       ,298,12.5
25.567,111.612,337.2,1,1,2016-02-12, 05:45,A,88,5.0       ,296.2,43.6
25.733,112.417,321.6,1,1,2016-02-12, 05:45,A,74,5.0       ,297,19.4
25.732,112.407,313.2,1,1,2016-02-12, 05:45,A,57,5.0       ,295.8,10.2
25.707,112.055,313.1,1,1,2016-02-12, 05:45,A,28,5.0       ,294.8,10.1
25.735,112.122,320.8,1,1,2016-02-12, 05:45,A,66,5.0       ,298.1,17.1
24.434,104.491,325.2,2.9,1.6,2016-02-12, 05:45,A,78,5.0       ,296.9,127.5
24.436,104.485,316,2.9,1.6,2016-02-12, 05:45,A,65,5.0       ,296,72.6
24.925,106.611,313.1,2,1.4,2016-02-12, 05:45,A,57,5.0       ,297.1,31.9
24.921,106.592,325.5,2,1.4,2016-02-12, 05:45,A,79,5.0       ,297.9,71.6
24.928,106.606,313.8,2,1.4,2016-02-12, 05:45,A,59,5.0       ,296.9,32.4
24.924,106.586,310.4,2,1.4,2016-02-12, 05:45,A,37,5.0       ,297.3,22.3
26.007,112.912,333,1,1,2016-02-12, 05:45,A,85,5.0       ,299.3,33.5
26.006,112.902,325.1,1,1,2016-02-12, 05:45,A,78,5.0       ,300,22
26.016,112.91,316.3,1,1,2016-02-12, 05:45,A,66,5.0       ,299.3,11.6
25.969,112.585,326.3,1,1,2016-02-12, 05:45,A,79,5.0       ,297.9,26.5
26.027,112.858,333.9,1,1,2016-02-12, 05:45,A,86,5.0       ,297,37
25.922,112.136,316,1,1,2016-02-12, 05:45,A,35,5.0       ,293.6,12.7
25.983,112.491,342.5,1,1,2016-02-12, 05:45,A,91,5.0       ,299.2,49.9
25.982,112.481,325.8,1,1,2016-02-12, 05:45,A,79,5.0       ,298.1,22.7
25.993,112.499,323.8,1,1,2016-02-12, 05:45,A,77,5.0       ,297.1,21.4
25.992,112.49,385.6,1,1,2016-02-12, 05:45,A,100,5.0       ,303.8,181.8
25.991,112.48,319.3,1,1,2016-02-12, 05:45,A,67,5.0       ,298.8,15.2
25.921,112.004,321.8,1,1,2016-02-12, 05:45,A,56,5.0       ,291,22
25.964,110.901,310.2,1.1,1,2016-02-12, 05:45,A,29,5.0       ,295.5,8.6
26.366,113.043,334.6,1,1,2016-02-12, 05:45,A,86,5.0       ,295.7,39.3
26.227,111.768,316.7,1,1,2016-02-12, 05:45,A,66,5.0       ,296.5,14.8
26.225,111.758,315.9,1,1,2016-02-12, 05:45,A,65,5.0       ,296.4,13.9
26.407,112.939,326.1,1,1,2016-02-12, 05:45,A,77,5.0       ,297.9,24.4
26.512,113.628,310.7,1,1,2016-02-12, 05:45,A,29,5.0       ,293.6,9.3
26.466,113.296,317.4,1,1,2016-02-12, 05:45,A,68,5.0       ,297.5,15.8
26.475,113.294,326.6,1,1,2016-02-12, 05:45,A,80,5.0       ,297,26.6
26.394,112.595,347.5,1,1,2016-02-12, 05:45,A,94,5.0       ,300.9,59.6
26.393,112.586,344.5,1,1,2016-02-12, 05:45,A,92,5.0       ,300.6,53.8
26.425,112.675,324.6,1,1,2016-02-12, 05:45,A,78,5.0       ,299.1,21.6
26.499,113.068,312.1,1,1,2016-02-12, 05:45,A,52,5.0       ,297.7,8.3
26.498,113.058,311.7,1,1,2016-02-12, 05:45,A,47,5.0       ,297.5,7.8
26.324,111.856,315.2,1,1,2016-02-12, 05:45,A,63,5.0       ,297.1,12.5
26.516,112.994,316.7,1,1,2016-02-12, 05:45,A,66,5.0       ,297.7,13.1
26.522,112.973,335.3,1,1,2016-02-12, 05:45,A,87,5.0       ,297.8,37.4
26.521,112.963,351,1,1,2016-02-12, 05:45,A,96,5.0       ,298.7,68.3
26.481,112.685,310.9,1,1,2016-02-12, 05:45,A,43,5.0       ,297.3,6.7
26.461,112.546,327.8,1,1,2016-02-12, 05:45,A,70,5.0       ,291.6,25.5
25.61,107.243,313.3,1.7,1.3,2016-02-12, 05:45,A,57,5.0       ,293.3,29.6
25.606,107.239,316.9,1.7,1.3,2016-02-12, 05:45,A,67,5.0       ,292.6,36.2
26.498,112.483,311.4,1,1,2016-02-12, 05:45,A,48,5.0       ,298.6,6
26.557,112.828,319.5,1,1,2016-02-12, 05:45,A,71,5.0       ,297.5,16.5
26.555,112.819,327.4,1,1,2016-02-12, 05:45,A,80,5.0       ,298.4,26.3
26.747,114.081,311.7,1.1,1,2016-02-12, 05:45,A,49,5.0       ,297.1,10
26.353,111.324,321.6,1,1,2016-02-12, 05:45,A,74,5.0       ,296.6,20.9
26.362,111.322,316.2,1,1,2016-02-12, 05:45,A,65,5.0       ,296.7,14
26.667,113.351,331.3,1,1,2016-02-12, 05:45,A,0,5.0       ,292,34.4
26.556,112.564,314,1,1,2016-02-12, 05:45,A,60,5.0       ,298.2,8.9
26.003,105.334,323.8,2.3,1.5,2016-02-12, 05:45,A,77,5.0       ,299.2,80.7
27.154,111.863,316.8,1,1,2016-02-12, 05:45,A,67,5.0       ,295.6,14.3
27.113,111.528,315.8,1,1,2016-02-12, 05:45,A,64,5.0       ,296.8,13.3
27.201,112.06,316.1,1,1,2016-02-12, 05:45,A,65,5.0       ,296.3,13.7
27.155,111.687,311.4,1,1,2016-02-12, 05:45,A,49,5.0       ,296.7,8.7
26.278,106.347,311.2,1.9,1.4,2016-02-12, 05:45,A,37,5.0       ,295.6,23.1
26.29,106.344,325.8,1.9,1.4,2016-02-12, 05:45,A,79,5.0       ,296.1,66.7
26.282,106.339,317,1.9,1.4,2016-02-12, 05:45,A,67,5.0       ,296.3,39
26.294,106.336,312.6,1.9,1.4,2016-02-12, 05:45,A,45,5.0       ,295.6,26.9
27.493,113.539,311.8,1,1,2016-02-12, 05:45,A,48,5.0       ,296.1,8.6
27.502,113.537,311.4,1,1,2016-02-12, 05:45,A,48,5.0       ,295.1,8.5
27.501,113.527,310.6,1,1,2016-02-12, 05:45,A,40,5.0       ,295.2,7.8
27.171,111.238,311,1,1,2016-02-12, 05:45,A,46,5.0       ,296.7,9.3
27.142,110.988,320.4,1,1,2016-02-12, 05:45,A,65,5.0       ,294,20.2
27.561,113.771,331.3,1,1,2016-02-12, 05:45,A,84,5.0       ,297.8,33.6
26.99,109.899,310.5,1.2,1.1,2016-02-12, 05:45,A,39,5.0       ,293.3,13.6
26.379,106.231,334.3,2,1.4,2016-02-12, 05:45,A,86,5.0       ,295.5,104.1
27.341,111.753,312.9,1,1,2016-02-12, 05:45,A,44,5.0       ,295.9,9.1
27.647,113.185,327,1,1,2016-02-12, 05:45,A,80,5.0       ,297.8,27.5
26.408,105.564,325.3,2.2,1.4,2016-02-12, 05:45,A,78,5.0       ,295.7,81.1
26.407,105.558,325.1,2.2,1.4,2016-02-12, 05:45,A,78,5.0       ,295.8,79
27.013,108.209,311.1,1.4,1.2,2016-02-12, 05:45,A,37,5.0       ,290.6,18.9
27.945,114.25,310.6,1.1,1,2016-02-12, 05:45,A,38,5.0       ,296.6,9.3
27.625,111.618,318.7,1,1,2016-02-12, 05:45,A,60,5.0       ,291.2,18.1
27.631,111.413,310.6,1,1,2016-02-12, 05:45,A,30,5.0       ,295.3,7.4
27.63,111.403,335.5,1,1,2016-02-12, 05:45,A,87,5.0       ,297.1,40.3
21.753,109.51,318.4,1.4,1.2,2016-02-12, 05:45,A,70,5.0       ,295.7,27
22.123,111.366,311.5,1.1,1.1,2016-02-12, 05:45,A,39,5.0       ,295.7,8.7
22.132,111.365,315.5,1.1,1.1,2016-02-12, 05:45,A,64,5.0       ,295,14.6
20.871,103.354,330.8,4.2,1.9,2016-02-12, 05:45,A,83,5.0       ,293.3,289.2
20.882,103.378,310.5,4.2,1.9,2016-02-12, 05:45,A,40,5.0       ,291.1,88
20.875,103.346,326.7,4.2,1.9,2016-02-12, 05:45,A,80,5.0       ,293.1,241.4
21.949,108.332,313.7,1.7,1.3,2016-02-12, 05:45,A,59,5.0       ,297.3,26.6
21.946,108.315,311.4,1.7,1.3,2016-02-12, 05:45,A,48,5.0       ,297.6,22
22.489,111.287,321.6,1.1,1.1,2016-02-12, 05:45,A,74,5.0       ,296.4,24.8
22.487,111.276,339.6,1.1,1.1,2016-02-12, 05:45,A,90,5.0       ,298.2,57.4
22.497,111.275,328,1.1,1.1,2016-02-12, 05:45,A,81,5.0       ,295.3,34.8
22.409,110.332,310.6,1.3,1.1,2016-02-12, 05:45,A,40,5.0       ,296.4,12
26.715,105.714,311.5,2.1,1.4,2016-02-12, 05:45,A,49,5.0       ,294,33.8
26.72,105.726,314.2,2.1,1.4,2016-02-12, 05:45,A,61,5.0       ,294.7,41.7
27.784,111.814,320.4,1,1,2016-02-12, 05:45,A,73,5.0       ,294.7,18.4
27.782,111.804,316.7,1,1,2016-02-12, 05:45,A,66,5.0       ,295.5,14.2
27.821,111.511,313.1,1,1,2016-02-12, 05:45,A,57,5.0       ,287.9,11.2
27.941,111.324,321.8,1,1,2016-02-12, 05:45,A,74,5.0       ,294.5,22.3
28.044,111.768,314.6,1,1,2016-02-12, 05:45,A,62,5.0       ,294.7,13.7
-0.224,117.41,333.4,1,1,2016-02-12, 05:40,A,85,5.0       ,285.7,35.3
-0.252,116.639,315.4,1.1,1.1,2016-02-12, 05:40,A,64,5.0       ,289.9,13.3
-0.043,117.39,333.2,1,1,2016-02-12, 05:40,A,80,5.0       ,286.1,32.8
-0.03,117.417,323.8,1,1,2016-02-12, 05:40,A,62,5.0       ,284.3,19
0.024,117.403,317.4,1,1,2016-02-12, 05:40,A,28,5.0       ,288.2,12.2
0.115,117.403,324.9,1,1,2016-02-12, 05:40,A,65,5.0       ,288.9,20.1
0.295,116.733,318.7,1.1,1,2016-02-12, 05:40,A,65,5.0       ,294,16.5
0.946,117.863,311,1,1,2016-02-12, 05:40,A,39,5.0       ,283.6,8.1
1.151,117.886,316.9,1,1,2016-02-12, 05:40,A,23,5.0       ,292.3,9
5.328,115.637,314.4,1.1,1,2016-02-12, 05:40,A,46,5.0       ,290.6,12.4
5.377,115.544,313.3,1.1,1,2016-02-12, 05:40,A,58,5.0       ,283.2,13.9
5.376,115.534,313.9,1.1,1,2016-02-12, 05:40,A,60,5.0       ,283.9,14.8
8.574,117.458,319.8,1,1,2016-02-12, 05:40,A,72,5.0       ,298,11.3
9.523,118.597,321.3,1.1,1.1,2016-02-12, 05:40,A,71,5.0       ,302.6,13.4
13.691,99.268,316.8,3.1,1.7,2016-02-12, 07:20,A,40,5.0       ,298.2,47.2
13.928,99.088,318.9,3,1.6,2016-02-12, 07:20,A,40,5.0       ,300.2,48.8
13.929,99.108,319.3,3,1.7,2016-02-12, 07:20,A,62,5.0       ,299,49.8
14.371,99.794,324.5,3.4,1.7,2016-02-12, 07:20,A,74,5.0       ,302.3,75.2
14.38,99.787,322,3.4,1.7,2016-02-12, 07:20,A,65,5.0       ,301.7,60.1
15.098,99.305,315.2,3.2,1.7,2016-02-12, 07:20,A,63,5.0       ,298.7,45.9
15.116,99.188,315.7,3.2,1.7,2016-02-12, 07:20,A,60,5.0       ,300.7,45.6
15.096,99.296,314.8,3.2,1.7,2016-02-12, 07:20,A,62,5.0       ,298.7,43.8
15.344,98.786,313.6,3,1.6,2016-02-12, 07:20,A,58,5.0       ,299.3,45.9
15.343,98.782,313.6,3,1.6,2016-02-12, 07:20,A,59,5.0       ,299.4,48.5
15.884,98.891,314.3,3.1,1.7,2016-02-12, 07:20,A,61,5.0       ,301.8,48
15.882,98.886,312.6,3.1,1.7,2016-02-12, 07:20,A,51,5.0       ,301.7,39.4
16.062,95.576,329.2,1.7,1.3,2016-02-12, 07:20,A,82,5.0       ,307.5,38
16.089,95.705,345.1,1.8,1.3,2016-02-12, 07:20,A,93,5.0       ,306.8,107.7
16.087,95.688,332.2,1.8,1.3,2016-02-12, 07:20,A,80,5.0       ,307.3,54.1
16.101,95.703,331.7,1.8,1.3,2016-02-12, 07:20,A,80,5.0       ,309,54.3
16.099,95.687,326.3,1.8,1.3,2016-02-12, 07:20,A,72,5.0       ,308.4,33.1
16.183,95.821,322.8,1.8,1.3,2016-02-12, 07:20,A,54,5.0       ,307.3,30.9
16.195,95.819,321.1,1.8,1.3,2016-02-12, 07:20,A,31,5.0       ,308.1,26.1
16.826,100.994,326.2,4.6,2,2016-02-12, 07:20,A,79,5.0       ,299.8,209.6
16.285,95.964,320.1,1.9,1.3,2016-02-12, 07:20,A,62,5.0       ,305.9,21.8
16.824,100.99,320.5,4.6,2,2016-02-12, 07:20,A,73,5.0       ,299.6,145.2
16.789,97.943,322.6,2.7,1.6,2016-02-12, 07:20,A,75,5.0       ,308.5,51.3
16.787,97.918,320.4,2.7,1.6,2016-02-12, 07:20,A,68,5.0       ,306.2,38.9
16.383,94.522,320.2,1.5,1.2,2016-02-12, 07:20,A,56,5.0       ,307.9,19
16.78,97.936,324.7,2.7,1.6,2016-02-12, 07:20,A,78,5.0       ,307.5,63.3
16.864,95.991,320.9,1.9,1.4,2016-02-12, 07:20,A,28,5.0       ,309.4,18.4
17.592,98.645,319.1,3.1,1.7,2016-02-12, 07:20,A,48,5.0       ,308.3,44.3
17.571,95.907,330,1.9,1.4,2016-02-12, 07:20,A,83,5.0       ,312.4,55.8
12.015,107.977,305.9,1,1,2016-02-12, 15:10,T,39,5.0       ,269.9,15
12.183,106.662,308.1,1.1,1,2016-02-12, 15:10,T,59,5.0       ,282.7,12.9
12.222,106.803,310.7,1.1,1,2016-02-12, 15:10,T,72,5.0       ,278.8,16.5
12.206,106.629,310.8,1.1,1,2016-02-12, 15:10,T,73,5.0       ,278.7,15.7
12.205,106.619,317.6,1.1,1,2016-02-12, 15:10,T,94,5.0       ,278.2,23.9
12.25,106.744,311.1,1.1,1,2016-02-12, 15:10,T,73,5.0       ,286.6,15
12.245,106.715,325.3,1.1,1,2016-02-12, 15:10,T,100,5.0       ,287.2,32
12.255,106.714,321.6,1.1,1,2016-02-12, 15:10,T,100,5.0       ,286.4,26
12.163,106.103,306.8,1.1,1.1,2016-02-12, 15:10,T,49,5.0       ,282.5,13.2
12.281,106.7,307.1,1.1,1,2016-02-12, 15:10,T,51,5.0       ,286.1,10
12.747,108.597,313.1,1,1,2016-02-12, 15:10,T,81,5.0       ,282.7,18.3
12.867,105.345,310.6,1.2,1.1,2016-02-12, 15:10,T,71,5.0       ,277.8,20.9
13.295,107.855,306.5,1,1,2016-02-12, 15:10,T,46,5.0       ,291,9.5
13.548,107.05,321.8,1,1,2016-02-12, 15:10,T,100,5.0       ,290,26.6
13.551,105.821,306.1,1.1,1.1,2016-02-12, 15:10,T,41,5.0       ,289.3,10.8
14.035,107.679,305.2,1,1,2016-02-12, 15:10,T,25,5.0       ,293,8.8
13.62,104.719,319.8,1.3,1.1,2016-02-12, 15:10,T,99,5.0       ,291.5,32.4
13.728,105.161,308.1,1.2,1.1,2016-02-12, 15:10,T,59,5.0       ,291.4,14.1
13.751,105.246,312.6,1.2,1.1,2016-02-12, 15:10,T,79,5.0       ,291.6,18
13.755,105.25,309.6,1.2,1.1,2016-02-12, 15:10,T,67,5.0       ,291.6,15.5
14.122,107.584,306.9,1,1,2016-02-12, 15:10,T,49,5.0       ,294.2,9.5
13.681,101.998,306.8,2,1.4,2016-02-12, 15:10,T,49,5.0       ,294.6,23.7
14.345,104.574,306,1.3,1.1,2016-02-12, 15:10,T,40,5.0       ,295.4,11.8
14.142,102.871,316.1,1.6,1.3,2016-02-12, 15:10,T,90,5.0       ,295.6,37.8
14.542,104.069,307.9,1.3,1.1,2016-02-12, 15:10,T,57,5.0       ,290.8,19
15.072,106.452,311.8,1,1,2016-02-12, 15:10,T,76,5.0       ,284.6,19.6
15.139,106.406,305.7,1,1,2016-02-12, 15:10,T,36,5.0       ,282.2,15.2
16.096,104.906,306.9,1.2,1.1,2016-02-12, 15:10,T,50,5.0       ,292.4,14.9
15.876,101.528,305.1,1.9,1.4,2016-02-12, 15:10,T,18,5.0       ,294.6,22.8
17.519,103.772,305.7,1.3,1.1,2016-02-12, 15:10,T,36,5.0       ,291.3,16.1
19.171,103.836,352.6,1.2,1.1,2016-02-12, 15:10,T,100,5.0       ,287.9,110
19.169,103.825,330.1,1.2,1.1,2016-02-12, 15:10,T,100,5.0       ,285.1,55
19.923,103.546,308.5,1.2,1.1,2016-02-12, 15:10,T,55,5.0       ,285.9,19.9
19.922,103.535,311.4,1.2,1.1,2016-02-12, 15:10,T,75,5.0       ,285.5,24.1
20.45,103.898,320,1.1,1.1,2016-02-12, 15:10,T,99,5.0       ,288,32.3
20.448,103.887,314.9,1.1,1.1,2016-02-12, 15:10,T,87,5.0       ,287.8,25.6
20.761,103.591,318.1,1.2,1.1,2016-02-12, 15:10,T,95,5.0       ,288.5,31.8
21.621,107.334,316.4,1,1,2016-02-12, 15:10,T,91,5.0       ,290.9,22.4
22.343,111.218,314.3,1.7,1.3,2016-02-12, 15:10,T,85,5.0       ,290.1,43.9
21.655,104.06,308.2,1.1,1,2016-02-12, 15:10,T,59,5.0       ,285.4,17.1
21.653,104.049,308,1.1,1,2016-02-12, 15:10,T,58,5.0       ,287.2,16.5
22.837,105.625,308.5,1,1,2016-02-12, 15:10,T,61,5.0       ,288,14.3
23.452,106.327,327.5,1,1,2016-02-12, 15:10,T,100,5.0       ,289,36.6
24.176,107.549,305,1.1,1,2016-02-12, 15:10,T,13,5.0       ,290.1,11.4
24.994,114.484,310,3.2,1.7,2016-02-12, 15:10,T,69,5.0       ,285,94.9
23.929,105.079,309.6,1,1,2016-02-12, 15:10,T,67,5.0       ,287.9,15.9
24.044,104.304,306.6,1,1,2016-02-12, 15:10,T,47,5.0       ,286.1,15.4
24.173,104.988,323.4,1,1,2016-02-12, 15:10,T,100,5.0       ,286.4,31.5
24.172,104.978,309.1,1,1,2016-02-12, 15:10,T,65,5.0       ,285.9,15.7
24.182,104.987,326,1,1,2016-02-12, 15:10,T,100,5.0       ,286.5,34.3
24.181,104.977,322.8,1,1,2016-02-12, 15:10,T,100,5.0       ,285.6,30.3
24.251,104.576,307.3,1,1,2016-02-12, 15:10,T,53,5.0       ,286.8,14.7
24.567,105.549,343,1,1,2016-02-12, 15:10,T,100,5.0       ,289.2,62
24.565,105.54,326.5,1,1,2016-02-12, 15:10,T,100,5.0       ,287.5,34.6
24.452,104.501,310.5,1,1,2016-02-12, 15:10,T,71,5.0       ,288.1,17
24.765,106.316,320.5,1,1,2016-02-12, 15:10,T,100,5.0       ,287.7,28.5
24.977,105.388,305.7,1,1,2016-02-12, 15:10,T,36,5.0       ,289.3,11.6
25.363,105.517,322.8,1,1,2016-02-12, 15:10,T,100,5.0       ,286.2,31
25.376,105.545,310,1,1,2016-02-12, 15:10,T,69,5.0       ,287.7,16.8
25.375,105.535,329.7,1,1,2016-02-12, 15:10,T,100,5.0       ,287.9,40
25.426,105.44,308.3,1,1,2016-02-12, 15:10,T,60,5.0       ,286.5,15.8
25.84,106.104,313.4,1,1,2016-02-12, 15:10,T,82,5.0       ,284.9,22.5
25.881,105.865,309.7,1,1,2016-02-12, 15:10,T,68,5.0       ,286.5,17.9
26.097,107.283,311,1.1,1.1,2016-02-12, 15:10,T,52,5.0       ,284.7,20.1
26.005,106.526,319.1,1.1,1,2016-02-12, 15:10,T,97,5.0       ,285.4,29.7
26.004,106.516,308.5,1.1,1,2016-02-12, 15:10,T,61,5.0       ,284.2,17.7
26.225,106.445,326.1,1.1,1,2016-02-12, 15:10,T,100,5.0       ,283.7,40.8
26.308,106.308,305.9,1,1,2016-02-12, 15:10,T,39,5.0       ,283.2,16.2
26.401,106.798,311,1.1,1,2016-02-12, 15:10,T,73,5.0       ,282.4,22
26.461,107.218,305.6,1.1,1.1,2016-02-12, 15:10,T,33,5.0       ,284.9,16.6
26.22,105.388,315.1,1,1,2016-02-12, 15:10,T,87,5.0       ,283.6,24.6
26.388,105.275,329.5,1,1,2016-02-12, 15:10,T,100,5.0       ,284.4,43.4
27.728,102.212,320,1.1,1.1,2016-02-12, 15:10,T,99,5.0       ,286.8,33.7
26.126,112.69,311.4,2,1.4,2016-02-12, 17:55,A,75,5.0       ,289,45.1
26.124,112.711,322.3,1.9,1.4,2016-02-12, 17:55,A,100,5.0       ,288.9,77.8
24.99,114.502,305.7,1.4,1.2,2016-02-12, 17:55,A,36,5.0       ,288,19.5