latitude,longitude,brightness,scan,track,acq_date,acq_time,satellite,confidence,version,bright_t31,frp
0.648,117.458,316.9,1.5,1.2,2016-03-29,02:55,T,48,5.0       ,296,17.1
-8.483,121.253,315.9,4.1,1.9,2016-03-29,02:55,T,30,5.0       ,290.9,96.8
-8.884,120.747,313,3.8,1.8,2016-03-29,02:55,T,0,5.0       ,290.9,75.9
-7.051,107.752,314.5,1.4,1.2,2016-03-29,02:55,T,45,5.0       ,295.6,13.1
-8.235,113.046,317.8,1.1,1,2016-03-29,02:55,T,68,5.0       ,296.6,14.3
-8.285,113.268,318.3,1.1,1,2016-03-29,02:55,T,0,5.0       ,298.1,10.7
-8.287,113.277,317.8,1.1,1,2016-03-29,02:55,T,52,5.0       ,297.3,10.6
-10.215,120.676,310.4,3.9,1.8,2016-03-29,02:55,T,0,5.0       ,291.6,57.5
-10.221,120.67,311,3.9,1.8,2016-03-29,02:55,T,0,5.0       ,291.9,60.1
25.132,121.745,313.7,1.2,1.1,2016-03-29,02:50,T,17,5.0       ,296.2,10.2
25.139,121.502,313.8,1.2,1.1,2016-03-29,02:50,T,17,5.0       ,298.2,13
25.047,121.62,310.1,1.2,1.1,2016-03-29,02:50,T,13,5.0       ,297.8,11.1
24.675,121.769,312.6,1.2,1.1,2016-03-29,02:50,T,0,5.0       ,300,12.5
24.209,120.515,319,1.1,1,2016-03-29,02:50,T,53,5.0       ,298.1,18.2
24.067,120.407,322.4,1.1,1,2016-03-29,02:50,T,0,5.0       ,297.1,22.4
23.782,120.453,313.3,1.1,1,2016-03-29,02:50,T,56,5.0       ,296.3,9.4
23.246,114.467,310.4,1.4,1.2,2016-03-29,02:50,T,38,5.0       ,290.8,15.8
17.578,120.995,315.3,1.4,1.2,2016-03-29,02:50,T,33,5.0       ,297.4,17.5
17.226,120.78,312.2,1.4,1.2,2016-03-29,02:50,T,41,5.0       ,296.3,16.6
16.129,120.716,329.7,1.4,1.2,2016-03-29,02:50,T,61,5.0       ,301.2,38
16.131,120.068,322.5,1.3,1.1,2016-03-29,02:50,T,75,5.0       ,302.4,16
16.081,119.872,332.5,1.3,1.1,2016-03-29,02:50,T,85,5.0       ,301.9,33
15.838,120.17,315.5,1.3,1.1,2016-03-29,02:50,T,58,5.0       ,296.5,13.1
15.225,120.469,318.5,1.4,1.2,2016-03-29,02:50,T,66,5.0       ,293.5,21
14.733,120.327,321.2,1.4,1.2,2016-03-29,02:50,T,44,5.0       ,297.6,27.9
14.725,120.333,319.3,1.4,1.2,2016-03-29,02:50,T,41,5.0       ,296.1,24.7
-4.555,136.886,320.8,1,1,2016-03-29,01:15,T,50,5.0       ,299.4,13.5
8.527,117.382,328.2,1.2,1.1,2016-03-29,02:55,T,81,5.0       ,298.8,25.9
7.217,122.133,312.9,2.6,1.6,2016-03-29,02:55,T,56,5.0       ,294.8,26.5
7.213,122.157,314.4,2.7,1.6,2016-03-29,02:55,T,61,5.0       ,294.6,32.5
6.404,116.481,324.5,1.1,1,2016-03-29,02:55,T,43,5.0       ,302.7,14.3
5.9,117.562,316.5,1.3,1.1,2016-03-29,02:55,T,65,5.0       ,295.6,17.2
5.993,116.467,318.5,1.1,1.1,2016-03-29,02:55,T,51,5.0       ,297.8,15.6
5.956,116.462,326.7,1.1,1.1,2016-03-29,02:55,T,80,5.0       ,298.6,29.2
5.552,116.953,313.6,1.2,1.1,2016-03-29,02:55,T,29,5.0       ,295.5,12.8
5.483,115.747,324.5,1.1,1,2016-03-29,02:55,T,25,5.0       ,305.4,18.4
5.455,115.757,320.2,1.1,1,2016-03-29,02:55,T,31,5.0       ,300,12
5.445,115.755,323,1.1,1,2016-03-29,02:55,T,65,5.0       ,300.2,16.9
5.44,115.668,325.4,1,1,2016-03-29,02:55,T,65,5.0       ,302.1,18.1
5.438,115.678,322.2,1,1,2016-03-29,02:55,T,46,5.0       ,300.8,14.2
5.185,116.874,312.2,1.2,1.1,2016-03-29,02:55,T,48,5.0       ,296.8,9.5
5.339,115.666,328,1,1,2016-03-29,02:55,T,40,5.0       ,307.4,20.5
5.334,115.637,321.9,1,1,2016-03-29,02:55,T,42,5.0       ,305.7,14.6
5.246,115.985,326.2,1.1,1,2016-03-29,02:55,T,79,5.0       ,299.6,24.2
5.061,116.158,316.2,1.1,1,2016-03-29,02:55,T,62,5.0       ,299.7,10.1
4.721,117.979,314.7,1.4,1.2,2016-03-29,02:55,T,62,5.0       ,298.8,16.1
4.623,117.689,321.1,1.3,1.2,2016-03-29,02:55,T,70,5.0       ,299.1,19.8
4.612,117.687,327.7,1.3,1.2,2016-03-29,02:55,T,81,5.0       ,300.4,33.1
4.602,117.686,327.6,1.3,1.2,2016-03-29,02:55,T,78,5.0       ,296.7,33.1
4.225,117.606,312.1,1.3,1.2,2016-03-29,02:55,T,43,5.0       ,297.5,9.1
4.571,114.137,321.8,1,1,2016-03-29,02:55,T,42,5.0       ,298.7,14.1
4.57,114.146,319.3,1,1,2016-03-29,02:55,T,32,5.0       ,298.8,10.6
4.51,114.049,326.6,1,1,2016-03-29,02:55,T,74,5.0       ,300.5,18.1
3.987,117.564,310.5,1.4,1.2,2016-03-29,02:55,T,0,5.0       ,297,7.4
4.5,114.057,321.8,1,1,2016-03-29,02:55,T,28,5.0       ,301,12.6
3.92,117.653,311,1.4,1.2,2016-03-29,02:55,T,0,5.0       ,296.5,8.2
3.94,117.334,314.8,1.3,1.1,2016-03-29,02:55,T,39,5.0       ,298.4,12.4
3.938,117.346,313.6,1.3,1.1,2016-03-29,02:55,T,40,5.0       ,298.3,10.5
3.876,117.691,314.3,1.4,1.2,2016-03-29,02:55,T,39,5.0       ,296.8,12.8
2.146,117.497,317.5,1.4,1.2,2016-03-29,02:55,T,51,5.0       ,299.1,19.4
0.808,117.547,314.5,1.5,1.2,2016-03-29,02:55,T,38,5.0       ,297.1,16.8
0.659,117.459,316.7,1.5,1.2,2016-03-29,02:55,T,23,5.0       ,297.3,18.4
13.21,120.798,316,1.6,1.3,2016-03-29,02:50,T,63,5.0       ,295.2,20.1
12.934,120.933,316.2,1.7,1.3,2016-03-29,02:50,T,45,5.0       ,300.4,15.1
12.712,121.089,327.3,1.7,1.3,2016-03-29,02:50,T,78,5.0       ,302.2,40.9
12.709,121.105,326.3,1.7,1.3,2016-03-29,02:50,T,77,5.0       ,301.7,36.6
13.904,106.729,316.1,3.7,1.8,2016-03-29,02:50,T,62,5.0       ,295.4,69.3
13.897,106.72,316.1,3.7,1.8,2016-03-29,02:50,T,65,5.0       ,295.4,69.1
13.821,107.117,315.6,3.5,1.8,2016-03-29,02:50,T,64,5.0       ,296.2,51.9
13.59,107.421,320.3,3.3,1.7,2016-03-29,02:50,T,72,5.0       ,295.1,80
13.587,107.451,315.6,3.2,1.7,2016-03-29,02:50,T,64,5.0       ,296.5,50.9
13.655,106.36,315.6,3.9,1.8,2016-03-29,02:50,T,58,5.0       ,296.8,57
13.593,107.416,315.8,3.3,1.7,2016-03-29,02:50,T,41,5.0       ,295,49.8
13.59,107.446,319.3,3.2,1.7,2016-03-29,02:50,T,64,5.0       ,296.4,70.9
13.649,106.354,336.6,3.9,1.8,2016-03-29,02:50,T,88,5.0       ,297.2,267
13.645,106.39,315.4,3.9,1.8,2016-03-29,02:50,T,61,5.0       ,296.8,54.7
13.667,105.695,322,4.4,1.9,2016-03-29,02:50,T,71,5.0       ,295.3,141.7
13.663,105.736,318.5,4.4,1.9,2016-03-29,02:50,T,57,5.0       ,296.1,101
13.666,105.687,317.9,4.4,1.9,2016-03-29,02:50,T,53,5.0       ,295.1,102.6
13.662,105.728,321.2,4.4,1.9,2016-03-29,02:50,T,69,5.0       ,295.9,129.8
13.491,105.663,315.4,4.4,1.9,2016-03-29,02:50,T,64,5.0       ,294.5,94.3
13.486,105.704,315,4.4,1.9,2016-03-29,02:50,T,63,5.0       ,294.8,83.3
13.49,105.655,311.8,4.4,1.9,2016-03-29,02:50,T,46,5.0       ,294.5,64.4
13.485,105.696,317.8,4.4,1.9,2016-03-29,02:50,T,68,5.0       ,294.8,111.1
13.314,106.335,320.9,3.9,1.8,2016-03-29,02:50,T,71,5.0       ,296.2,112.2
13.308,106.328,318.4,3.9,1.8,2016-03-29,02:50,T,66,5.0       ,296.1,93.5
12.268,106.668,322.2,3.6,1.8,2016-03-29,02:50,T,21,5.0       ,298.5,51.1
12.272,106.694,323.4,3.6,1.8,2016-03-29,02:50,T,71,5.0       ,299.6,66.1
18.083,104.58,322,2.2,1.5,2016-03-29,05:55,A,56,5.0       ,297.9,40.4
18.118,104.552,326.1,2.3,1.5,2016-03-29,05:55,A,68,5.0       ,297.4,64.6
18.234,105.128,310.1,2,1.4,2016-03-29,05:55,A,25,5.0       ,294.1,21.6
18.144,104.183,322.1,2.4,1.5,2016-03-29,05:55,A,43,5.0       ,299.4,40.1
18.262,104.689,314.6,2.2,1.4,2016-03-29,05:55,A,49,5.0       ,290.2,38.2
-0.87,134.059,311.9,2.1,1.4,2016-03-29,04:15,A,33,5.0       ,291.7,22.4
-0.896,131.303,311.4,3.5,1.8,2016-03-29,04:15,A,24,5.0       ,292.8,45.5
25.787,96.66,320,1.1,1.1,2016-03-29,04:25,T,70,5.0       ,299.8,18.1
25.606,96.722,314.5,1.1,1.1,2016-03-29,04:25,T,46,5.0       ,296.9,9.4
25.604,96.734,320.9,1.1,1.1,2016-03-29,04:25,T,73,5.0       ,300.2,18.5
25.499,96.753,312.7,1.2,1.1,2016-03-29,04:25,T,55,5.0       ,296.5,11.9
25.236,96.1,310.9,1.1,1,2016-03-29,04:25,T,45,5.0       ,296,9.9
24.1,96.87,320.2,1.2,1.1,2016-03-29,04:25,T,72,5.0       ,294.8,25.8
23.357,96.633,322.8,1.2,1.1,2016-03-29,04:25,T,76,5.0       ,285.8,26.9
22.818,98.101,313,1.5,1.2,2016-03-29,04:25,T,49,5.0       ,287,27.7
23.936,89.767,314.8,1.4,1.2,2016-03-29,04:25,T,24,5.0       ,297.2,14.6
22.184,97.707,342.1,1.5,1.2,2016-03-29,04:30,T,91,5.0       ,278.4,100.2
21.807,99.596,314.9,2,1.4,2016-03-29,04:30,T,62,5.0       ,296.5,28.2
21.859,99.113,312.5,1.9,1.3,2016-03-29,04:30,T,55,5.0       ,294,28.9
21.677,99.498,311.5,2,1.4,2016-03-29,04:30,T,46,5.0       ,296.1,17.5
21.372,100.913,330.1,2.6,1.5,2016-03-29,04:30,T,83,5.0       ,290.3,133.8
21.537,99.702,316.7,2.1,1.4,2016-03-29,04:30,T,66,5.0       ,291.6,47.8
21.533,99.725,375.8,2.1,1.4,2016-03-29,04:30,T,100,5.0       ,294.3,423
21.532,99.717,368.4,2.1,1.4,2016-03-29,04:30,T,100,5.0       ,293.5,348.4
21.528,99.739,332.2,2.1,1.4,2016-03-29,04:30,T,85,5.0       ,291.8,106
21.563,99.482,325.9,2,1.4,2016-03-29,04:30,T,79,5.0       ,296.8,65.5
21.42,99.901,316,2.2,1.4,2016-03-29,04:30,T,65,5.0       ,293.1,49.7
21.42,99.896,310.4,2.2,1.4,2016-03-29,04:30,T,37,5.0       ,293.3,30.9
-6.244,138.746,313.5,1.2,1.1,2016-03-29,04:10,A,33,5.0       ,294.3,11.6
-4.554,136.89,314.9,1.5,1.2,2016-03-29,04:10,A,29,5.0       ,293.9,12.5
-4.517,136.844,312.6,1.5,1.2,2016-03-29,04:10,A,30,5.0       ,295.8,16.3
21.416,99.914,312.5,2.2,1.4,2016-03-29,04:30,T,55,5.0       ,292,40.3
1.684,109.328,343.6,1.9,1.4,2016-03-29,05:55,A,92,5.0       ,293.6,138.4
2.373,113.739,310.5,1,1,2016-03-29,05:55,A,39,5.0       ,295.2,7
4.5,114.061,324,1,1,2016-03-29,05:55,A,77,5.0       ,302.5,15.4
4.498,114.052,329.9,1,1,2016-03-29,05:55,A,83,5.0       ,304.2,21.8
4.497,114.043,333.6,1,1,2016-03-29,05:55,A,86,5.0       ,301.5,25.9
4.509,114.06,326.2,1,1,2016-03-29,05:55,A,52,5.0       ,304.4,18.3
4.507,114.051,344.3,1,1,2016-03-29,05:55,A,92,5.0       ,305.5,46.8
4.506,114.042,349.9,1,1,2016-03-29,05:55,A,95,5.0       ,301,57.3
4.518,114.058,332.1,1,1,2016-03-29,05:55,A,84,5.0       ,301.1,27.3
4.516,114.049,345.3,1,1,2016-03-29,05:55,A,93,5.0       ,302.9,49.7
4.531,114.013,332.2,1,1,2016-03-29,05:55,A,81,5.0       ,303,25.2
4.529,114.004,336.6,1,1,2016-03-29,05:55,A,88,5.0       ,305.6,32.1
4.528,113.996,323.2,1,1,2016-03-29,05:55,A,43,5.0       ,302.2,12.1
4.588,114.351,339.3,1,1,2016-03-29,05:55,A,76,5.0       ,300.2,37
4.538,114.003,336.1,1,1,2016-03-29,05:55,A,87,5.0       ,305.2,30.5
4.537,113.994,327,1,1,2016-03-29,05:55,A,38,5.0       ,302.6,14.6
16.671,105.982,330,1.9,1.3,2016-03-29,05:55,A,71,5.0       ,298.5,60.5
16.671,105.91,318.1,1.9,1.3,2016-03-29,05:55,A,31,5.0       ,300.6,20.4
16.697,105.702,320.3,2,1.4,2016-03-29,05:55,A,65,5.0       ,300.8,34
16.83,106.361,312.9,1.8,1.3,2016-03-29,05:55,A,56,5.0       ,296.6,21.5
16.764,105.626,326.8,2,1.4,2016-03-29,05:55,A,80,5.0       ,301.6,51.8
16.755,105.623,324.4,2,1.4,2016-03-29,05:55,A,77,5.0       ,302.5,42.5
16.863,106.022,313,1.9,1.3,2016-03-29,05:55,A,57,5.0       ,299.1,21.2
16.872,105.932,322.8,1.9,1.3,2016-03-29,05:55,A,76,5.0       ,300.6,44.3
16.869,105.914,338.9,1.9,1.3,2016-03-29,05:55,A,89,5.0       ,301.2,104.7
16.844,105.599,314.5,2,1.4,2016-03-29,05:55,A,29,5.0       ,300.5,19.2
16.88,105.592,318.5,2,1.4,2016-03-29,05:55,A,70,5.0       ,299,34
16.877,105.574,318.1,2,1.4,2016-03-29,05:55,A,68,5.0       ,299.5,30.9
16.972,105.977,368.6,1.9,1.3,2016-03-29,05:55,A,100,5.0       ,301.2,279
16.972,105.906,318.5,1.9,1.3,2016-03-29,05:55,A,39,5.0       ,299.7,25.7
16.969,105.889,331.5,1.9,1.3,2016-03-29,05:55,A,84,5.0       ,299.7,69.2
17.034,105.944,346.9,1.9,1.3,2016-03-29,05:55,A,94,5.0       ,294.4,149.6
17.049,105.959,312.1,1.9,1.3,2016-03-29,05:55,A,47,5.0       ,295.9,20.2
17.046,105.942,332.9,1.9,1.3,2016-03-29,05:55,A,85,5.0       ,293.8,86.1
17.014,105.619,324.7,2,1.4,2016-03-29,05:55,A,57,5.0       ,300.5,47.2
17.026,105.615,344.9,2,1.4,2016-03-29,05:55,A,93,5.0       ,302.1,133.8
17.078,105.772,328.4,1.9,1.4,2016-03-29,05:55,A,81,5.0       ,300.9,52.8
17.033,105.625,328,2,1.4,2016-03-29,05:55,A,73,5.0       ,302.4,49
17.03,105.607,326.8,2,1.4,2016-03-29,05:55,A,68,5.0       ,301.8,48.7
17.12,105.974,341.8,1.8,1.3,2016-03-29,05:55,A,91,5.0       ,297.2,124.8
17.117,105.957,315.2,1.9,1.3,2016-03-29,05:55,A,63,5.0       ,297.2,29.6
17.083,105.764,333.2,1.9,1.4,2016-03-29,05:55,A,85,5.0       ,301.6,77.1
17.094,105.688,320.4,1.9,1.4,2016-03-29,05:55,A,66,5.0       ,300.9,32.8
17.14,105.808,314.5,1.9,1.3,2016-03-29,05:55,A,61,5.0       ,297.5,24.4
17.199,106.079,322.9,1.8,1.3,2016-03-29,05:55,A,75,5.0       ,290.3,62.4
17.196,106.063,344.1,1.8,1.3,2016-03-29,05:55,A,92,5.0       ,290.8,140.6
17.137,105.717,318,1.9,1.4,2016-03-29,05:55,A,56,5.0       ,299.3,29.3
17.161,105.689,316.9,1.9,1.4,2016-03-29,05:55,A,40,5.0       ,298.1,25.6
17.225,105.911,314.8,1.9,1.3,2016-03-29,05:55,A,62,5.0       ,298.1,30.9
17.188,105.628,317.8,2,1.4,2016-03-29,05:55,A,63,5.0       ,299.2,31
17.325,105.669,324.6,1.9,1.4,2016-03-29,05:55,A,70,5.0       ,299.7,50.8
17.322,105.652,330.7,1.9,1.4,2016-03-29,05:55,A,83,5.0       ,297.9,75.8
17.361,105.807,326.9,1.9,1.3,2016-03-29,05:55,A,80,5.0       ,302.1,63.9
17.317,105.666,321.5,1.9,1.4,2016-03-29,05:55,A,23,5.0       ,299.4,38.6
17.329,105.663,325.7,1.9,1.4,2016-03-29,05:55,A,52,5.0       ,298.9,50.9
17.326,105.645,318.3,1.9,1.4,2016-03-29,05:55,A,30,5.0       ,297.4,29.5
17.366,105.801,326.1,1.9,1.3,2016-03-29,05:55,A,79,5.0       ,302.1,60.2
17.347,105.696,323.5,1.9,1.4,2016-03-29,05:55,A,18,5.0       ,300.1,38.5
17.378,105.798,313.8,1.9,1.3,2016-03-29,05:55,A,32,5.0       ,301.3,23.8
17.363,105.711,325.8,1.9,1.3,2016-03-29,05:55,A,60,5.0       ,301.4,50.9
17.326,105.144,318.1,2.1,1.4,2016-03-29,05:55,A,62,5.0       ,292.6,45.9
17.308,104.385,324.9,2.4,1.5,2016-03-29,05:55,A,78,5.0       ,300,41.1
17.304,104.363,322.4,2.4,1.5,2016-03-29,05:55,A,75,5.0       ,299.5,29.1
17.529,105.172,321.6,2.1,1.4,2016-03-29,05:55,A,64,5.0       ,300,42.6
17.518,105.168,320.6,2.1,1.4,2016-03-29,05:55,A,62,5.0       ,298.4,41.8
17.643,104.698,318,2.2,1.5,2016-03-29,05:55,A,36,5.0       ,296.8,34.2
17.732,104.974,312.7,2.1,1.4,2016-03-29,05:55,A,35,5.0       ,294.8,27.1
17.729,104.954,316.2,2.1,1.4,2016-03-29,05:55,A,61,5.0       ,293.8,38.7
17.801,104.914,323.3,2.1,1.4,2016-03-29,05:55,A,76,5.0       ,293.5,69.8
17.797,104.894,311.9,2.2,1.4,2016-03-29,05:55,A,31,5.0       ,294.3,28
17.769,104.515,313,2.3,1.5,2016-03-29,05:55,A,56,5.0       ,293.3,19.6
17.767,104.509,314.6,2.3,1.5,2016-03-29,05:55,A,61,5.0       ,293.9,25.3
17.953,104.511,310.7,2.3,1.5,2016-03-29,05:55,A,21,5.0       ,291.8,17.1
17.95,104.57,313.9,2.3,1.5,2016-03-29,05:55,A,30,5.0       ,295.5,27
1.437,125.124,312.2,4.4,1.9,2016-03-29,05:50,A,38,5.0       ,293,72.1
0.65,117.456,328.4,1.1,1.1,2016-03-29,05:50,A,50,5.0       ,303,18.1
21.486,98.622,376.2,1.7,1.3,2016-03-29,04:30,T,100,5.0       ,297.5,317.5
21.483,98.639,352,1.7,1.3,2016-03-29,04:30,T,96,5.0       ,293.6,157.2
21.475,98.62,324.2,1.7,1.3,2016-03-29,04:30,T,77,5.0       ,293.4,49.5
21.472,98.636,323.1,1.7,1.3,2016-03-29,04:30,T,76,5.0       ,292.4,45.8
21.478,98.615,343.5,1.7,1.3,2016-03-29,04:30,T,92,5.0       ,294.6,116.5
21.475,98.63,356.4,1.7,1.3,2016-03-29,04:30,T,98,5.0       ,295.6,181.5
21.42,98.74,316.5,1.8,1.3,2016-03-29,04:30,T,66,5.0       ,299.5,30.4
21.412,98.717,360.1,1.8,1.3,2016-03-29,04:30,T,100,5.0       ,300.8,212.1
21.408,98.736,379.4,1.8,1.3,2016-03-29,04:30,T,100,5.0       ,303.3,360.7
20.424,103.489,310.7,4.2,1.9,2016-03-29,04:30,T,42,5.0       ,291,102.8
21.232,99.196,321.1,1.9,1.4,2016-03-29,04:30,T,73,5.0       ,296,53.5
21.221,99.192,311.4,1.9,1.4,2016-03-29,04:30,T,18,5.0       ,296.3,24.6
21.513,97.37,311.5,1.4,1.2,2016-03-29,04:30,T,49,5.0       ,285.6,24.2
21.439,97.516,316.5,1.5,1.2,2016-03-29,04:30,T,40,5.0       ,275.9,32.8
21.422,97.203,332.3,1.4,1.2,2016-03-29,04:30,T,85,5.0       ,279.5,59.8
21.369,97.512,316.9,1.5,1.2,2016-03-29,04:30,T,35,5.0       ,277.1,32.5
21.356,97.524,327.4,1.5,1.2,2016-03-29,04:30,T,70,5.0       ,280.6,54.2
21.396,97.226,316.8,1.4,1.2,2016-03-29,04:30,T,50,5.0       ,284.8,25.8
21.159,98.382,319.5,1.7,1.3,2016-03-29,04:30,T,55,5.0       ,297.9,35.4
21.281,97.171,334.8,1.4,1.2,2016-03-29,04:30,T,86,5.0       ,308.3,47.1
21.279,97.184,327.5,1.4,1.2,2016-03-29,04:30,T,81,5.0       ,308.2,29.5
21.065,97.81,324.8,1.6,1.2,2016-03-29,04:30,T,43,5.0       ,304.5,34.9
21.036,97.909,326.6,1.6,1.2,2016-03-29,04:30,T,80,5.0       ,303.8,34.4
21.035,97.904,325.7,1.6,1.2,2016-03-29,04:30,T,79,5.0       ,304.1,31.3
20.76,99.317,314.6,2,1.4,2016-03-29,04:30,T,62,5.0       ,291.5,43.7
20.833,98.515,315.8,1.8,1.3,2016-03-29,04:30,T,33,5.0       ,298.8,19.8
20.837,98.511,315,1.8,1.3,2016-03-29,04:30,T,42,5.0       ,298.8,18.3
20.941,97.85,332.2,1.6,1.2,2016-03-29,04:30,T,85,5.0       ,303.6,46.5
20.825,98.509,315.1,1.8,1.3,2016-03-29,04:30,T,40,5.0       ,299.7,18.3
20.823,98.523,314.5,1.8,1.3,2016-03-29,04:30,T,28,5.0       ,299.6,17.1
20.774,98.463,312.1,1.7,1.3,2016-03-29,04:30,T,40,5.0       ,296.2,12.7
20.821,98.077,325.2,1.6,1.3,2016-03-29,04:30,T,78,5.0       ,296.8,40.8
20.821,98.071,317.4,1.6,1.3,2016-03-29,04:30,T,55,5.0       ,298.4,24.2
20.629,98.437,313.1,1.8,1.3,2016-03-29,04:30,T,36,5.0       ,299.6,17.3
20.539,98.802,321.3,1.9,1.3,2016-03-29,04:30,T,74,5.0       ,289.3,53.4
20.65,97.667,328.6,1.5,1.2,2016-03-29,04:30,T,82,5.0       ,304.9,43.4
19.974,101.115,317.4,2.8,1.6,2016-03-29,04:30,T,68,5.0       ,286.9,90.4
20.375,98.89,311.6,1.9,1.3,2016-03-29,04:30,T,43,5.0       ,294.4,20.9
20.202,98.618,312.6,1.8,1.3,2016-03-29,04:30,T,40,5.0       ,296.3,21.8
20.18,98.098,331.4,1.7,1.3,2016-03-29,04:30,T,84,5.0       ,293.7,73.2
20.182,98.091,326.6,1.7,1.3,2016-03-29,04:30,T,80,5.0       ,290.9,56.6
20.294,96.387,314.3,1.3,1.1,2016-03-29,04:30,T,34,5.0       ,298.8,16.9
19.932,98.194,310.7,1.7,1.3,2016-03-29,04:30,T,42,5.0       ,287.8,26.6
19.265,101.597,311.5,3.2,1.7,2016-03-29,04:30,T,25,5.0       ,285.6,55.7
19.267,101.592,318.1,3.2,1.7,2016-03-29,04:30,T,59,5.0       ,285.7,88.7
19.326,100.668,325.9,2.7,1.6,2016-03-29,04:30,T,51,5.0       ,292.3,105.4
19.312,100.665,321.9,2.7,1.6,2016-03-29,04:30,T,60,5.0       ,291.6,87.6
20.062,96.555,314.5,1.3,1.1,2016-03-29,04:30,T,61,5.0       ,279.6,30.7
19.322,100.659,322.5,2.7,1.6,2016-03-29,04:30,T,72,5.0       ,291.8,93.3
19.892,97.173,315.2,1.5,1.2,2016-03-29,04:30,T,37,5.0       ,288.8,21.2
19.743,97.435,317.3,1.5,1.2,2016-03-29,04:30,T,65,5.0       ,282.7,27.2
19.74,97.45,312.3,1.6,1.2,2016-03-29,04:30,T,37,5.0       ,285.3,18.3
19.739,97.443,316.3,1.6,1.2,2016-03-29,04:30,T,40,5.0       ,282.3,24.1
19.387,98.208,310,1.8,1.3,2016-03-29,04:30,T,19,5.0       ,291.2,15.2
19.914,94.829,323.6,1.1,1,2016-03-29,04:30,T,77,5.0       ,302.7,12.7
19.536,96.809,312.9,1.4,1.2,2016-03-29,04:30,T,52,5.0       ,292.7,19.2
19.535,96.44,323.7,1.3,1.1,2016-03-29,04:30,T,58,5.0       ,302.8,20.7
19.509,96.545,366.5,1.4,1.2,2016-03-29,04:30,T,100,5.0       ,301.4,180.9
19.507,96.558,311,1.4,1.2,2016-03-29,04:30,T,23,5.0       ,292.2,18.6
19.431,96.503,314.6,1.4,1.2,2016-03-29,04:30,T,62,5.0       ,284.2,24.9
19.429,96.515,328.7,1.4,1.2,2016-03-29,04:30,T,82,5.0       ,284.8,53.3
19.423,96.509,328.8,1.4,1.2,2016-03-29,04:30,T,82,5.0       ,281,54.1
19.626,94.554,318.7,1.1,1,2016-03-29,04:30,T,70,5.0       ,295.3,14.9
19.276,96.704,356.1,1.4,1.2,2016-03-29,04:30,T,98,5.0       ,285.5,142.1
19.274,96.717,334.4,1.4,1.2,2016-03-29,04:30,T,86,5.0       ,282.9,68.3
19.255,96.768,383.4,1.4,1.2,2016-03-29,04:30,T,100,5.0       ,295.1,294.3
19.253,96.78,323.8,1.4,1.2,2016-03-29,04:30,T,60,5.0       ,287.2,42.1
19.237,96.872,362,1.4,1.2,2016-03-29,04:30,T,100,5.0       ,289.8,173.8
19.244,96.765,324.7,1.4,1.2,2016-03-29,04:30,T,63,5.0       ,286.6,42.6
19.226,96.87,340.7,1.4,1.2,2016-03-29,04:30,T,90,5.0       ,286.5,85.6
19.218,96.854,391.4,1.4,1.2,2016-03-29,04:30,T,100,5.0       ,290.6,361.5
19.216,96.869,374.1,1.4,1.2,2016-03-29,04:30,T,100,5.0       ,290.4,235.9
19.208,96.851,315.7,1.4,1.2,2016-03-29,04:30,T,64,5.0       ,278.3,26.7
19.214,96.693,334,1.4,1.2,2016-03-29,04:30,T,65,5.0       ,278.3,64.8
19.207,96.731,358.3,1.4,1.2,2016-03-29,04:30,T,99,5.0       ,283,143.6
19.205,96.744,359.7,1.4,1.2,2016-03-29,04:30,T,99,5.0       ,287.2,152.8
19.198,96.784,316.9,1.4,1.2,2016-03-29,04:30,T,42,5.0       ,275.6,24.5
19.172,96.932,350.9,1.5,1.2,2016-03-29,04:30,T,96,5.0       ,296.5,124
19.17,96.945,335.2,1.5,1.2,2016-03-29,04:30,T,87,5.0       ,293.7,69
19.165,96.973,320.6,1.5,1.2,2016-03-29,04:30,T,73,5.0       ,288.9,34.9
19.217,96.701,323.9,1.4,1.2,2016-03-29,04:30,T,59,5.0       ,280.5,40.8
19.179,96.927,319.9,1.5,1.2,2016-03-29,04:30,T,72,5.0       ,294.5,33.1
19.177,96.94,342.3,1.5,1.2,2016-03-29,04:30,T,91,5.0       ,295,91.5
19.172,96.968,317.7,1.5,1.2,2016-03-29,04:30,T,68,5.0       ,290.4,28.7
19.17,96.983,312.5,1.5,1.2,2016-03-29,04:30,T,39,5.0       ,289,20.2
19.2,96.737,409.2,1.4,1.2,2016-03-29,04:30,T,100,5.0       ,287.9,517.4
19.193,96.778,420.1,1.4,1.2,2016-03-29,04:30,T,100,5.0       ,297.3,656
19.183,96.776,407.7,1.4,1.2,2016-03-29,04:30,T,100,5.0       ,295.4,504.8
19.157,96.799,395,1.4,1.2,2016-03-29,04:30,T,100,5.0       ,288.5,386.8
19.155,96.812,344.8,1.4,1.2,2016-03-29,04:30,T,92,5.0       ,288.8,97.5
19.041,97.409,332.9,1.6,1.2,2016-03-29,04:30,T,80,5.0       ,279.7,80.2
19.389,94.422,318.2,1.1,1,2016-03-29,04:30,T,69,5.0       ,295.9,17.2
19.379,94.421,319.1,1.1,1,2016-03-29,04:30,T,71,5.0       ,296,17.7
19.285,94.719,329.4,1.1,1,2016-03-29,04:30,T,82,5.0       ,306.1,20.2
19.156,94.609,320.3,1.1,1,2016-03-29,04:30,T,71,5.0       ,299.8,18.9
18.674,97.2,363.9,1.6,1.2,2016-03-29,04:30,T,100,5.0       ,281.2,194.8
18.671,97.215,366,1.6,1.2,2016-03-29,04:30,T,100,5.0       ,276.6,210.1
18.66,97.213,322.7,1.6,1.2,2016-03-29,04:30,T,57,5.0       ,276.2,41.7
19.049,94.885,339.3,1.1,1.1,2016-03-29,04:30,T,89,5.0       ,305.3,40
19.047,94.895,350.7,1.1,1.1,2016-03-29,04:30,T,95,5.0       ,308.5,66.2
18.67,97.207,378.9,1.6,1.2,2016-03-29,04:30,T,100,5.0       ,279.9,297.5
18.662,97.191,335.8,1.6,1.2,2016-03-29,04:30,T,75,5.0       ,278.9,75.1
18.651,97.188,359.9,1.6,1.2,2016-03-29,04:30,T,99,5.0       ,284.3,179.6
18.912,95.041,326.3,1.1,1.1,2016-03-29,04:30,T,78,5.0       ,310.6,12.2
18.459,97.501,317.7,1.6,1.3,2016-03-29,04:30,T,50,5.0       ,300.9,20.6
18.449,97.424,320.9,1.6,1.3,2016-03-29,04:30,T,65,5.0       ,303.6,20.9
18.45,97.417,321.5,1.6,1.3,2016-03-29,04:30,T,55,5.0       ,304,20.6
18.844,94.825,319.8,1.1,1.1,2016-03-29,04:30,T,67,5.0       ,304,11.9
17.841,99.659,315.3,2.4,1.5,2016-03-29,04:30,T,50,5.0       ,294.5,22.5
18.478,95.018,323.4,1.2,1.1,2016-03-29,04:30,T,68,5.0       ,301.1,13.8
18.153,96.787,325.8,1.5,1.2,2016-03-29,04:30,T,38,5.0       ,302.3,17.3
18.424,95.024,327.8,1.2,1.1,2016-03-29,04:30,T,47,5.0       ,309.4,17.2
17.074,102.481,317.2,4.1,1.9,2016-03-29,04:30,T,61,5.0       ,292,55.4
17.07,102.475,317.4,4.1,1.9,2016-03-29,04:30,T,51,5.0       ,291.8,55.3
17.878,96.926,322,1.5,1.2,2016-03-29,04:30,T,75,5.0       ,301.4,25.3
17.963,96.399,315.9,1.4,1.2,2016-03-29,04:30,T,55,5.0       ,296.9,19.2
17.876,96.92,318.5,1.5,1.2,2016-03-29,04:30,T,70,5.0       ,301,18
18.063,95.094,324.8,1.2,1.1,2016-03-29,04:30,T,74,5.0       ,308.1,7.5
16.887,101.731,313,3.7,1.8,2016-03-29,04:30,T,32,5.0       ,287.9,56.8
17.841,96.065,314.1,1.4,1.2,2016-03-29,04:30,T,35,5.0       ,288,20
17.842,96.072,310.9,1.4,1.2,2016-03-29,04:30,T,10,5.0       ,287,15.1
17.409,98.071,323.9,1.9,1.3,2016-03-29,04:30,T,77,5.0       ,285.8,57.2
17.827,94.899,311.5,1.2,1.1,2016-03-29,04:30,T,32,5.0       ,292.4,8.5
16.945,95.898,326.8,1.4,1.2,2016-03-29,04:30,T,80,5.0       ,297.5,36.5
16.948,95.893,317.6,1.4,1.2,2016-03-29,04:30,T,68,5.0       ,297.2,20.1
16.946,95.905,318.1,1.4,1.2,2016-03-29,04:30,T,69,5.0       ,296.5,21.6
12.152,107.456,313.4,3.1,1.7,2016-03-29,02:50,T,44,5.0       ,298.1,37.4
9.086,118.012,318.3,1.2,1.1,2016-03-29,02:50,T,61,5.0       ,300.1,11.7
7.917,122.629,312.2,2.8,1.6,2016-03-29,02:50,T,53,5.0       ,292.6,30.2
7.914,122.624,315,2.8,1.6,2016-03-29,02:50,T,63,5.0       ,293.6,41.3
18.261,104.684,316.1,2.2,1.4,2016-03-29,05:55,A,55,5.0       ,289.8,42.9
18.385,104.868,358.2,2.1,1.4,2016-03-29,05:55,A,99,5.0       ,293.9,258.9
18.382,104.849,323.9,2.1,1.4,2016-03-29,05:55,A,77,5.0       ,294,65.8
18.39,104.878,324.9,2.1,1.4,2016-03-29,05:55,A,78,5.0       ,292.2,67.4
18.387,104.861,353,2.1,1.4,2016-03-29,05:55,A,97,5.0       ,294,218.9
18.409,104.043,331.1,2.4,1.5,2016-03-29,05:55,A,84,5.0       ,295.2,116.2
18.422,104.057,314.4,2.4,1.5,2016-03-29,05:55,A,60,5.0       ,295,38.5
18.418,104.034,318.6,2.4,1.5,2016-03-29,05:55,A,70,5.0       ,294.6,55.1
18.45,103.838,337,2.5,1.5,2016-03-29,05:55,A,88,5.0       ,295.4,143.6
18.446,103.814,351.4,2.5,1.5,2016-03-29,05:55,A,96,5.0       ,295.5,251.3
-1.954,115.855,318.8,1,1,2016-03-29,05:50,A,69,5.0       ,297.4,8.2
-1.722,114.838,319.2,1,1,2016-03-29,05:50,A,53,5.0       ,299.4,13.5
1.442,125.168,312.9,4.4,1.9,2016-03-29,05:50,A,43,5.0       ,293.3,73.1
1.436,125.129,312.3,4.4,1.9,2016-03-29,05:50,A,37,5.0       ,293,66.1
1.442,125.163,313,4.4,1.9,2016-03-29,05:50,A,49,5.0       ,293.4,80.1
15.631,100.674,320,3.2,1.7,2016-03-29,04:30,T,55,5.0       ,292.7,52.4
16.335,94.409,312.7,1.1,1.1,2016-03-29,04:30,T,25,5.0       ,295.3,8.7
16.333,94.419,317.2,1.1,1.1,2016-03-29,04:30,T,47,5.0       ,299.2,15
14.038,101.193,321.2,3.8,1.8,2016-03-29,04:30,T,68,5.0       ,292.9,87.6
14.032,101.227,325.6,3.8,1.8,2016-03-29,04:30,T,79,5.0       ,293,130.5
14.048,101.187,317.5,3.8,1.8,2016-03-29,04:30,T,40,5.0       ,293,58.2
14.042,101.222,328.5,3.8,1.8,2016-03-29,04:30,T,81,5.0       ,292.9,158
4.358,97.778,313.9,3.2,1.7,2016-03-29,04:30,T,59,5.0       ,291.1,54.8
3.936,98.138,313.4,3.4,1.7,2016-03-29,04:30,T,54,5.0       ,293.4,44.3
14.685,107.883,322.2,1.5,1.2,2016-03-29,05:55,A,59,5.0       ,306.2,20
14.718,108.015,361.2,1.5,1.2,2016-03-29,05:55,A,100,5.0       ,296.1,161.2
14.716,108.001,325.9,1.5,1.2,2016-03-29,05:55,A,27,5.0       ,297.8,35.1
14.713,107.987,356.4,1.5,1.2,2016-03-29,05:55,A,98,5.0       ,299.7,132.3
14.711,107.974,325.3,1.5,1.2,2016-03-29,05:55,A,44,5.0       ,303.3,28.9
14.26,105.075,315.7,2.5,1.5,2016-03-29,05:55,A,64,5.0       ,299,40.2
14.656,107.358,313,1.6,1.3,2016-03-29,05:55,A,56,5.0       ,299.1,16.9
14.653,107.344,322.6,1.6,1.3,2016-03-29,05:55,A,75,5.0       ,299,39
14.655,107.353,321.8,1.6,1.3,2016-03-29,05:55,A,71,5.0       ,299.2,34.9
14.254,105.071,318.4,2.5,1.5,2016-03-29,05:55,A,69,5.0       ,298.7,48.2
14.781,107.973,324.6,1.5,1.2,2016-03-29,05:55,A,54,5.0       ,298.1,30.4
14.792,107.971,332.5,1.5,1.2,2016-03-29,05:55,A,71,5.0       ,298,51
14.794,107.916,329.4,1.5,1.2,2016-03-29,05:55,A,71,5.0       ,300.5,38.5
14.711,107.342,312.9,1.6,1.3,2016-03-29,05:55,A,46,5.0       ,299.4,14.7
14.703,107.298,318.7,1.6,1.3,2016-03-29,05:55,A,57,5.0       ,301.5,24.8
14.785,107.66,337.6,1.5,1.2,2016-03-29,05:55,A,88,5.0       ,308.5,64.5
14.776,107.602,326.5,1.6,1.2,2016-03-29,05:55,A,70,5.0       ,300.8,42
14.734,107.27,321.7,1.6,1.3,2016-03-29,05:55,A,29,5.0       ,302.5,26.5
14.745,107.268,321.3,1.6,1.3,2016-03-29,05:55,A,30,5.0       ,302.7,26.7
14.756,107.266,325.7,1.6,1.3,2016-03-29,05:55,A,63,5.0       ,302.9,38.7
14.754,107.252,338.4,1.6,1.3,2016-03-29,05:55,A,89,5.0       ,303.4,81.2
14.728,107.098,322.5,1.7,1.3,2016-03-29,05:55,A,51,5.0       ,304.9,25
14.831,107.646,332.9,1.5,1.2,2016-03-29,05:55,A,80,5.0       ,304.8,50
14.747,107.143,324,1.7,1.3,2016-03-29,05:55,A,58,5.0       ,305.2,28.4
14.776,107.247,329.4,1.6,1.3,2016-03-29,05:55,A,82,5.0       ,301.8,54.7
14.867,107.595,326.1,1.6,1.2,2016-03-29,05:55,A,74,5.0       ,301.7,41.8
14.495,105.373,313.2,2.3,1.5,2016-03-29,05:55,A,57,5.0       ,300.3,21.4
14.729,106.203,321.5,2,1.4,2016-03-29,05:55,A,52,5.0       ,302,35.2
14.908,107.14,341.8,1.7,1.3,2016-03-29,05:55,A,91,5.0       ,303.5,94.9
14.909,107.149,321,1.7,1.3,2016-03-29,05:55,A,51,5.0       ,301.8,29.9
14.907,107.134,334.4,1.7,1.3,2016-03-29,05:55,A,86,5.0       ,302.5,67.7
14.918,107.132,319,1.7,1.3,2016-03-29,05:55,A,17,5.0       ,304.2,23.7
14.964,107.06,343.6,1.7,1.3,2016-03-29,05:55,A,92,5.0       ,302.8,104.9
14.976,107.059,347.7,1.7,1.3,2016-03-29,05:55,A,94,5.0       ,302.7,124.9
14.874,106.442,320.8,1.9,1.3,2016-03-29,05:55,A,73,5.0       ,299.7,41.4
14.871,106.425,348.6,1.9,1.3,2016-03-29,05:55,A,94,5.0       ,300.8,156.5
14.883,106.423,349.3,1.9,1.3,2016-03-29,05:55,A,95,5.0       ,300.7,157.9
14.976,107.069,334.3,1.7,1.3,2016-03-29,05:55,A,86,5.0       ,302.2,72.8
14.973,107.054,342.5,1.7,1.3,2016-03-29,05:55,A,91,5.0       ,303.1,103.2
14.867,106.438,314.5,1.9,1.3,2016-03-29,05:55,A,52,5.0       ,299.8,24.2
14.864,106.421,313.8,1.9,1.3,2016-03-29,05:55,A,41,5.0       ,299.4,20.3
14.879,106.436,341.5,1.9,1.3,2016-03-29,05:55,A,91,5.0       ,300.3,118.5
14.876,106.419,345.8,1.9,1.3,2016-03-29,05:55,A,93,5.0       ,300.8,138.8
14.891,106.434,320.6,1.9,1.3,2016-03-29,05:55,A,71,5.0       ,299.6,38.9
14.888,106.417,326,1.9,1.3,2016-03-29,05:55,A,79,5.0       ,299.5,54.2
14.829,106.079,319.2,2,1.4,2016-03-29,05:55,A,71,5.0       ,301.6,25.3
14.903,106.432,328.8,1.9,1.3,2016-03-29,05:55,A,82,5.0       ,299.9,64.1
14.879,106.293,328.7,1.9,1.4,2016-03-29,05:55,A,82,5.0       ,296.8,66.9
14.876,106.275,337,1.9,1.4,2016-03-29,05:55,A,88,5.0       ,299.6,102.5
14.903,106.361,324.2,1.9,1.3,2016-03-29,05:55,A,77,5.0       ,300.6,46.8
14.888,106.273,350.8,1.9,1.4,2016-03-29,05:55,A,96,5.0       ,296.6,173.9
14.921,106.394,319.7,1.9,1.3,2016-03-29,05:55,A,64,5.0       ,299.7,33.3
14.847,105.961,319.9,2,1.4,2016-03-29,05:55,A,63,5.0       ,301.6,22.9
14.962,106.565,327.3,1.8,1.3,2016-03-29,05:55,A,80,5.0       ,298.1,58.7
14.959,106.548,318.4,1.8,1.3,2016-03-29,05:55,A,58,5.0       ,298.5,33.7
14.862,105.977,328.6,2,1.4,2016-03-29,05:55,A,82,5.0       ,301.1,52
14.976,106.579,326.5,1.8,1.3,2016-03-29,05:55,A,76,5.0       ,299.6,52.7
14.973,106.563,328.7,1.8,1.3,2016-03-29,05:55,A,82,5.0       ,299.4,61.8
14.918,106.082,320,2,1.4,2016-03-29,05:55,A,42,5.0       ,301.2,32.9
14.921,106.074,323,2,1.4,2016-03-29,05:55,A,76,5.0       ,299.6,48.2
15.108,107.091,314.1,1.7,1.3,2016-03-29,05:55,A,60,5.0       ,299.5,18.1
15.089,106.98,349.1,1.7,1.3,2016-03-29,05:55,A,95,5.0       ,300.4,139
14.959,106.223,313.5,1.9,1.4,2016-03-29,05:55,A,58,5.0       ,295.8,27.5
14.936,106.091,338.3,2,1.4,2016-03-29,05:55,A,89,5.0       ,298.1,109.9
14.933,106.072,343.3,2,1.4,2016-03-29,05:55,A,92,5.0       ,297.1,136.7
15.004,106.412,317.1,1.9,1.3,2016-03-29,05:55,A,61,5.0       ,299.8,30.4
15.14,107.148,324.4,1.6,1.3,2016-03-29,05:55,A,53,5.0       ,300.2,41.3
15.027,106.477,361.4,1.9,1.3,2016-03-29,05:55,A,100,5.0       ,300.3,230.1
14.945,105.994,322.8,2,1.4,2016-03-29,05:55,A,45,5.0       ,300.2,37.7
15.151,107.146,430.1,1.6,1.3,2016-03-29,05:55,A,100,5.0       ,309.2,985
15.149,107.131,361.6,1.7,1.3,2016-03-29,05:55,A,100,5.0       ,295,187.9
15.037,106.458,313.2,1.9,1.3,2016-03-29,05:55,A,39,5.0       ,299.6,16
15.163,107.144,438.4,1.6,1.3,2016-03-29,05:55,A,100,5.0       ,309.1,1155.8
14.976,106.026,331.8,2,1.4,2016-03-29,05:55,A,74,5.0       ,299.3,77.4
14.973,106.008,329.5,2,1.4,2016-03-29,05:55,A,70,5.0       ,302.2,65.2
15.069,106.504,337.6,1.8,1.3,2016-03-29,05:55,A,88,5.0       ,300.2,91.3
15.091,106.569,329.5,1.8,1.3,2016-03-29,05:55,A,82,5.0       ,304.3,51.8
15.186,107.15,321.5,1.6,1.3,2016-03-29,05:55,A,46,5.0       ,300.7,28.4
15.086,106.565,326.3,1.8,1.3,2016-03-29,05:55,A,79,5.0       ,302.7,41.6
15.077,106.515,333.4,1.8,1.3,2016-03-29,05:55,A,85,5.0       ,302.1,67.6
15.074,106.498,331.9,1.8,1.3,2016-03-29,05:55,A,82,5.0       ,299.5,66.4
15.21,107.223,325.5,1.6,1.3,2016-03-29,05:55,A,79,5.0       ,299.9,42.1
15.207,107.207,368.3,1.6,1.3,2016-03-29,05:55,A,100,5.0       ,302.1,230.6
15.238,107.325,323.7,1.6,1.2,2016-03-29,05:55,A,77,5.0       ,297.7,45.9
15.219,107.205,333.7,1.6,1.3,2016-03-29,05:55,A,86,5.0       ,302.9,65
15.151,106.734,350.2,1.8,1.3,2016-03-29,05:55,A,95,5.0       ,307.2,139.6
15.148,106.718,326.8,1.8,1.3,2016-03-29,05:55,A,54,5.0       ,306.4,46.7
15.184,106.793,322.6,1.7,1.3,2016-03-29,05:55,A,48,5.0       ,305.5,20.3
15.156,106.553,320.2,1.8,1.3,2016-03-29,05:55,A,36,5.0       ,303.6,29.3
15.061,105.987,317.8,2,1.4,2016-03-29,05:55,A,62,5.0       ,297.5,35.3
15.058,105.968,321.6,2,1.4,2016-03-29,05:55,A,67,5.0       ,299.3,44
15.284,107.253,313.1,1.6,1.2,2016-03-29,05:55,A,37,5.0       ,298.7,17.9
15.099,106.137,316,2,1.4,2016-03-29,05:55,A,60,5.0       ,292.1,35.1
15.073,105.985,351.3,2,1.4,2016-03-29,05:55,A,96,5.0       ,297.9,184.7
15.07,105.966,328.3,2,1.4,2016-03-29,05:55,A,72,5.0       ,297.5,62.4
15.29,107.224,316.1,1.6,1.3,2016-03-29,05:55,A,40,5.0       ,300,19.7
15.288,107.21,329.2,1.6,1.3,2016-03-29,05:55,A,82,5.0       ,301.3,55.7
15.085,105.983,327,2,1.4,2016-03-29,05:55,A,65,5.0       ,297.6,62.5
15.082,105.964,327.1,2,1.4,2016-03-29,05:55,A,66,5.0       ,298.4,58.8
15.287,107.263,311,1.6,1.2,2016-03-29,05:55,A,20,5.0       ,297.1,15.3
15.091,106.132,325.3,2,1.4,2016-03-29,05:55,A,78,5.0       ,293.5,65.2
15.088,106.114,317.2,2,1.4,2016-03-29,05:55,A,67,5.0       ,293,38.6
15.291,107.218,330.4,1.6,1.3,2016-03-29,05:55,A,83,5.0       ,300.3,58.5
15.288,107.203,318,1.6,1.3,2016-03-29,05:55,A,63,5.0       ,301.8,28
15.079,105.996,324,2,1.4,2016-03-29,05:55,A,40,5.0       ,295.8,52.7
15.076,105.977,352.9,2,1.4,2016-03-29,05:55,A,96,5.0       ,299,195.6
15.088,105.975,325.1,2,1.4,2016-03-29,05:55,A,76,5.0       ,298.1,56.3
15.265,106.722,339.2,1.8,1.3,2016-03-29,05:55,A,89,5.0       ,305.7,75.7
15.277,106.719,336,1.8,1.3,2016-03-29,05:55,A,87,5.0       ,306,62.4
15.168,106,314.9,2,1.4,2016-03-29,05:55,A,22,5.0       ,299.7,20.7
15.171,105.995,317.8,2,1.4,2016-03-29,05:55,A,69,5.0       ,300,27.6
15.204,105.968,327.2,2,1.4,2016-03-29,05:55,A,80,5.0       ,300.6,61.9
15.201,105.95,323.4,2,1.4,2016-03-29,05:55,A,76,5.0       ,302.5,47.4
15.443,107.029,346.3,1.7,1.3,2016-03-29,05:55,A,93,5.0       ,295.5,120.3
15.349,106.455,323,1.8,1.3,2016-03-29,05:55,A,76,5.0       ,299.7,44.8
15.271,105.993,318.4,2,1.4,2016-03-29,05:55,A,26,5.0       ,301.7,28.3
15.445,107.038,322.8,1.7,1.3,2016-03-29,05:55,A,40,5.0       ,294.7,43
15.346,106.465,317.5,1.8,1.3,2016-03-29,05:55,A,68,5.0       ,299.5,27.9
15.343,106.45,316.3,1.8,1.3,2016-03-29,05:55,A,66,5.0       ,300.2,26.6
15.456,107.036,322.8,1.7,1.3,2016-03-29,05:55,A,43,5.0       ,295.6,43.7
15.473,106.669,313.2,1.8,1.3,2016-03-29,05:55,A,37,5.0       ,301.2,13.4
15.395,106.147,320.6,1.9,1.4,2016-03-29,05:55,A,59,5.0       ,303.1,24.4
15.537,106.904,336.1,1.7,1.3,2016-03-29,05:55,A,87,5.0       ,301.1,82.1
15.477,106.551,348.9,1.8,1.3,2016-03-29,05:55,A,95,5.0       ,304.2,140.1
15.474,106.535,330.8,1.8,1.3,2016-03-29,05:55,A,82,5.0       ,301,59.1
15.44,106.337,330.8,1.9,1.3,2016-03-29,05:55,A,79,5.0       ,300.7,72.4
15.407,106.144,329.3,1.9,1.4,2016-03-29,05:55,A,82,5.0       ,304.1,50.8
15.466,106.419,319.3,1.8,1.3,2016-03-29,05:55,A,60,5.0       ,304.3,18.9
15.463,106.402,320.4,1.8,1.3,2016-03-29,05:55,A,68,5.0       ,304.5,21.5
15.506,106.512,319.3,1.8,1.3,2016-03-29,05:55,A,71,5.0       ,299.5,31.7
15.612,106.866,322.3,1.7,1.3,2016-03-29,05:55,A,75,5.0       ,300.8,41.4
15.609,106.85,317.5,1.7,1.3,2016-03-29,05:55,A,68,5.0       ,300.4,28.4
15.442,105.885,322.4,2,1.4,2016-03-29,05:55,A,67,5.0       ,303.9,26.6
15.651,106.891,320.9,1.7,1.3,2016-03-29,05:55,A,73,5.0       ,298.2,35.9
15.648,106.876,316,1.7,1.3,2016-03-29,05:55,A,65,5.0       ,297.3,23.1
15.569,106.406,321.5,1.8,1.3,2016-03-29,05:55,A,33,5.0       ,305.7,22.2
15.566,106.389,324,1.8,1.3,2016-03-29,05:55,A,61,5.0       ,306,29.4
15.482,105.896,332.6,2,1.4,2016-03-29,05:55,A,85,5.0       ,303.1,58.5
15.662,106.888,375.6,1.7,1.3,2016-03-29,05:55,A,100,5.0       ,302.5,296
15.66,106.873,348.9,1.7,1.3,2016-03-29,05:55,A,95,5.0       ,300.8,131.9
15.685,106.884,318.4,1.7,1.3,2016-03-29,05:55,A,70,5.0       ,299.5,29.6
4.599,114.359,339.4,1,1,2016-03-29,05:55,A,86,5.0       ,303.1,36.2
4.597,114.35,331.7,1,1,2016-03-29,05:55,A,59,5.0       ,302.9,21.5
4.568,114.145,328.6,1,1,2016-03-29,05:55,A,52,5.0       ,302.8,20.7
4.547,114.002,342.9,1,1,2016-03-29,05:55,A,86,5.0       ,304.6,43.4
4.546,113.993,328.4,1,1,2016-03-29,05:55,A,0,5.0       ,305,17.1
4.622,114.392,326.9,1,1,2016-03-29,05:55,A,80,5.0       ,298.8,21.1
4.62,114.383,343.7,1,1,2016-03-29,05:55,A,92,5.0       ,300.1,47.9
4.647,114.443,319.7,1,1,2016-03-29,05:55,A,36,5.0       ,303.2,11.5
3.772,108.312,320.1,2.1,1.4,2016-03-29,05:55,A,13,5.0       ,292.4,38.2
4.937,115.45,324.1,1,1,2016-03-29,05:55,A,58,5.0       ,301.1,14
4.86,114.838,330,1,1,2016-03-29,05:55,A,77,5.0       ,305.1,19.4
3.869,108.172,315.7,2.2,1.4,2016-03-29,05:55,A,42,5.0       ,295.6,33.3
3.882,108.17,327,2.2,1.4,2016-03-29,05:55,A,80,5.0       ,295,72.4
4.999,115.489,336.7,1,1,2016-03-29,05:55,A,88,5.0       ,301.4,34.9
5.157,116.304,349.5,1.1,1.1,2016-03-29,05:55,A,90,5.0       ,301.9,65
3.948,108.095,350.9,2.2,1.4,2016-03-29,05:55,A,96,5.0       ,297.6,211.7
3.945,108.076,330.7,2.2,1.4,2016-03-29,05:55,A,83,5.0       ,294.5,93
3.961,108.093,317.3,2.2,1.4,2016-03-29,05:55,A,57,5.0       ,295.7,38.9
5.335,115.665,327.1,1.1,1,2016-03-29,05:55,A,74,5.0       ,302.2,22.1
5.381,115.471,320,1,1,2016-03-29,05:55,A,55,5.0       ,304.2,11.9
5.38,115.461,319.8,1,1,2016-03-29,05:55,A,57,5.0       ,303.9,12
5.39,115.469,325.7,1,1,2016-03-29,05:55,A,74,5.0       ,304.4,18.5
5.448,115.75,324.8,1.1,1,2016-03-29,05:55,A,50,5.0       ,302.5,17.9
5.417,115.465,320.4,1,1,2016-03-29,05:55,A,64,5.0       ,302.9,10.8
5.477,115.756,324.5,1.1,1,2016-03-29,05:55,A,41,5.0       ,302.2,14.2
5.476,115.747,328.7,1.1,1,2016-03-29,05:55,A,54,5.0       ,304.1,22.6
5.486,115.755,328.2,1.1,1,2016-03-29,05:55,A,51,5.0       ,304.8,20.4
5.485,115.745,332,1.1,1,2016-03-29,05:55,A,69,5.0       ,305.6,28.4
5.454,115.527,333.1,1.1,1,2016-03-29,05:55,A,74,5.0       ,306.3,22.4
5.487,115.696,333.6,1.1,1,2016-03-29,05:55,A,63,5.0       ,303.5,25.3
5.469,115.564,335.3,1.1,1,2016-03-29,05:55,A,87,5.0       ,307,27.8
5.467,115.554,332.5,1.1,1,2016-03-29,05:55,A,80,5.0       ,309.4,22.6
5.466,115.545,327.9,1.1,1,2016-03-29,05:55,A,53,5.0       ,306.9,15.6
5.476,115.553,329.5,1.1,1,2016-03-29,05:55,A,82,5.0       ,308.5,19.5
5.525,115.841,326.5,1.1,1,2016-03-29,05:55,A,79,5.0       ,301.3,19.1
5.526,115.645,325.5,1.1,1,2016-03-29,05:55,A,52,5.0       ,303.4,14.9
5.533,115.625,323.1,1.1,1,2016-03-29,05:55,A,34,5.0       ,305.8,12.7
5.581,115.902,325.8,1.1,1,2016-03-29,05:55,A,67,5.0       ,304.7,16
5.768,115.993,320.3,1.1,1,2016-03-29,05:55,A,48,5.0       ,301.2,10.2
9.454,106.022,317.1,2.6,1.5,2016-03-29,05:55,A,40,5.0       ,299.5,34.2
9.51,106.147,317.6,2.5,1.5,2016-03-29,05:55,A,33,5.0       ,299.7,25.4
9.507,106.124,322.2,2.5,1.5,2016-03-29,05:55,A,75,5.0       ,300,44
9.431,105.68,317.4,2.7,1.6,2016-03-29,05:55,A,47,5.0       ,298.9,33
11.772,120.02,316.6,2.5,1.5,2016-03-29,05:55,A,35,5.0       ,300.8,37
10.651,106.125,315.3,2.4,1.5,2016-03-29,05:55,A,60,5.0       ,298,23.1
10.712,106.019,320,2.4,1.5,2016-03-29,05:55,A,71,5.0       ,298.1,37.9
10.77,105.821,319.7,2.5,1.5,2016-03-29,05:55,A,44,5.0       ,297.7,36.9
10.655,105.038,318.9,2.9,1.6,2016-03-29,05:55,A,59,5.0       ,298,39.5
11.517,108.76,326,1.5,1.2,2016-03-29,05:55,A,41,5.0       ,304.1,34.1
11.146,106.33,318.9,2.3,1.5,2016-03-29,05:55,A,47,5.0       ,300.3,30.6
11.492,108.388,317.5,1.6,1.2,2016-03-29,05:55,A,64,5.0       ,301.9,18.5
11.489,108.374,315.4,1.6,1.2,2016-03-29,05:55,A,51,5.0       ,301.4,12.7
11.533,108.513,318.2,1.5,1.2,2016-03-29,05:55,A,52,5.0       ,300,23.9
11.537,108.52,316,1.5,1.2,2016-03-29,05:55,A,55,5.0       ,302.4,19.7
11.38,107.567,314.6,1.8,1.3,2016-03-29,05:55,A,45,5.0       ,299.5,14.3
11.616,108.669,322.9,1.5,1.2,2016-03-29,05:55,A,47,5.0       ,307,23.7
16.087,106.547,359.1,1.8,1.3,2016-03-29,05:55,A,86,5.0       ,293.3,193.7
16.082,106.515,340.3,1.8,1.3,2016-03-29,05:55,A,69,5.0       ,294.1,92.2
15.678,104.282,325.1,2.6,1.6,2016-03-29,05:55,A,71,5.0       ,300.2,55.7
16.102,106.56,352.1,1.7,1.3,2016-03-29,05:55,A,96,5.0       ,294,150.5
16.135,106.685,318.2,1.7,1.3,2016-03-29,05:55,A,62,5.0       ,297.8,29.8
16.132,106.67,317.4,1.7,1.3,2016-03-29,05:55,A,56,5.0       ,297,25.5
16.113,106.558,338.8,1.7,1.3,2016-03-29,05:55,A,89,5.0       ,290.7,89.7
16.11,106.543,370.6,1.8,1.3,2016-03-29,05:55,A,94,5.0       ,294.8,268.6
16.125,106.556,342.5,1.7,1.3,2016-03-29,05:55,A,91,5.0       ,292.1,109.9
16.122,106.54,321.9,1.8,1.3,2016-03-29,05:55,A,32,5.0       ,291.8,36.6
16.119,106.525,369.4,1.8,1.3,2016-03-29,05:55,A,100,5.0       ,298.1,264
16.245,106.856,316.7,1.7,1.3,2016-03-29,05:55,A,21,5.0       ,299.4,16.7
16.209,106.638,324.5,1.7,1.3,2016-03-29,05:55,A,78,5.0       ,296.7,40.3
16.244,106.851,319,1.7,1.3,2016-03-29,05:55,A,67,5.0       ,299.9,23.1
16.206,106.633,327.2,1.7,1.3,2016-03-29,05:55,A,78,5.0       ,297.2,47.6
16.218,106.632,321.8,1.7,1.3,2016-03-29,05:55,A,64,5.0       ,297.3,35.4
16.215,106.616,335.6,1.7,1.3,2016-03-29,05:55,A,87,5.0       ,298.8,83.1
16.212,106.601,319.7,1.7,1.3,2016-03-29,05:55,A,29,5.0       ,298.6,34.1
16.226,106.614,332.6,1.7,1.3,2016-03-29,05:55,A,85,5.0       ,298.6,71.4
16.285,106.415,325.4,1.8,1.3,2016-03-29,05:55,A,79,5.0       ,297.1,55.3
16.282,106.4,367.7,1.8,1.3,2016-03-29,05:55,A,100,5.0       ,298.2,268.1
16.307,106.476,322.9,1.8,1.3,2016-03-29,05:55,A,76,5.0       ,299.7,35.8
16.384,106.456,312.4,1.8,1.3,2016-03-29,05:55,A,43,5.0       ,294.7,10.6
16.381,106.44,351,1.8,1.3,2016-03-29,05:55,A,96,5.0       ,296.2,150.5
16.406,106.518,316,1.7,1.3,2016-03-29,05:55,A,58,5.0       ,295.6,19.9
16.404,106.502,315.1,1.7,1.3,2016-03-29,05:55,A,43,5.0       ,296.8,18.7
16.5,106.132,318.7,1.8,1.3,2016-03-29,05:55,A,48,5.0       ,299.7,23.8
16.55,106.347,316,1.8,1.3,2016-03-29,05:55,A,65,5.0       ,297.1,23.9
16.587,106.423,321.8,1.8,1.3,2016-03-29,05:55,A,64,5.0       ,296.5,41.1
16.583,106.004,316.9,1.9,1.3,2016-03-29,05:55,A,43,5.0       ,295.1,25.8
16.58,105.986,320.4,1.9,1.3,2016-03-29,05:55,A,52,5.0       ,297.5,32.6
16.628,106.119,338.9,1.8,1.3,2016-03-29,05:55,A,89,5.0       ,300.1,92
16.625,106.102,328.9,1.8,1.3,2016-03-29,05:55,A,29,5.0       ,301,49.5
16.634,106.083,344.2,1.9,1.3,2016-03-29,05:55,A,85,5.0       ,300,106.7
16.668,106.215,328.8,1.8,1.3,2016-03-29,05:55,A,82,5.0       ,300.1,52.7
16.665,106.198,342,1.8,1.3,2016-03-29,05:55,A,91,5.0       ,300.8,103.8
16.651,106.114,321.9,1.8,1.3,2016-03-29,05:55,A,70,5.0       ,300.5,28.3
16.645,106.081,353.3,1.9,1.3,2016-03-29,05:55,A,97,5.0       ,299.5,154.8
16.628,105.978,330.3,1.9,1.3,2016-03-29,05:55,A,82,5.0       ,298.1,67.4
16.677,106.196,318.8,1.8,1.3,2016-03-29,05:55,A,38,5.0       ,299.1,21
16.654,106.062,341.3,1.9,1.3,2016-03-29,05:55,A,81,5.0       ,297.6,104.5
16.637,105.958,330.7,1.9,1.3,2016-03-29,05:55,A,83,5.0       ,298.2,62.1
16.674,106.208,334.9,1.8,1.3,2016-03-29,05:55,A,86,5.0       ,298.8,75.4
16.671,106.192,330,1.8,1.3,2016-03-29,05:55,A,83,5.0       ,300.6,55.4
16.651,106.075,327.7,1.9,1.3,2016-03-29,05:55,A,19,5.0       ,298.2,45.5
16.632,105.971,328.1,1.9,1.3,2016-03-29,05:55,A,56,5.0       ,298.2,53.6
16.629,105.954,325.4,1.9,1.3,2016-03-29,05:55,A,53,5.0       ,299.3,39.8
16.666,106.089,325,1.8,1.3,2016-03-29,05:55,A,55,5.0       ,298.6,41.5
16.66,106.056,350,1.9,1.3,2016-03-29,05:55,A,95,5.0       ,298,156.3
16.671,106.053,318,1.9,1.3,2016-03-29,05:55,A,42,5.0       ,297.3,30.4
16.674,105.999,332.3,1.9,1.3,2016-03-29,05:55,A,85,5.0       ,298.9,72.5
15.605,106.329,328,1.9,1.3,2016-03-29,05:55,A,75,5.0       ,306.9,31.6
15.558,106.051,326.3,2,1.4,2016-03-29,05:55,A,79,5.0       ,304.4,33.4
15.682,106.88,320.3,1.7,1.3,2016-03-29,05:55,A,39,5.0       ,299.4,31.1
15.598,106.326,329,1.9,1.3,2016-03-29,05:55,A,81,5.0       ,306.3,32.9
15.562,106.045,326.3,2,1.4,2016-03-29,05:55,A,79,5.0       ,304.9,33.2
15.714,106.858,320.5,1.7,1.3,2016-03-29,05:55,A,20,5.0       ,295.8,32.1
15.711,106.842,422.7,1.7,1.3,2016-03-29,05:55,A,100,5.0       ,303,884.1
15.567,106.007,331.1,2,1.4,2016-03-29,05:55,A,84,5.0       ,305.3,51.8
15.564,105.989,332.2,2,1.4,2016-03-29,05:55,A,85,5.0       ,304.3,55.4
15.725,106.856,337.7,1.7,1.3,2016-03-29,05:55,A,88,5.0       ,297.1,86.7
15.57,105.95,322.6,2,1.4,2016-03-29,05:55,A,71,5.0       ,301.9,21.5
15.592,106.002,328.9,2,1.4,2016-03-29,05:55,A,82,5.0       ,303.6,45.8
15.588,105.984,331.5,2,1.4,2016-03-29,05:55,A,84,5.0       ,303.9,55.4
15.649,106.263,325.4,1.9,1.3,2016-03-29,05:55,A,53,5.0       ,306.1,24.3
15.646,106.246,324.8,1.9,1.3,2016-03-29,05:55,A,22,5.0       ,306,26.1
15.855,107.077,322,1.6,1.3,2016-03-29,05:55,A,75,5.0       ,298.3,36.6
15.853,107.062,331.8,1.6,1.3,2016-03-29,05:55,A,84,5.0       ,298.1,64.6
15.868,107.015,311.3,1.6,1.3,2016-03-29,05:55,A,42,5.0       ,292.9,14.7
15.863,106.437,322.1,1.8,1.3,2016-03-29,05:55,A,64,5.0       ,299.4,38.8
15.906,106.551,318.8,1.8,1.3,2016-03-29,05:55,A,32,5.0       ,287.3,38.4
15.917,106.549,338.2,1.8,1.3,2016-03-29,05:55,A,21,5.0       ,285.4,95.4
16.008,107.023,340,1.6,1.3,2016-03-29,05:55,A,90,5.0       ,290,101.4
16.005,107.006,350,1.6,1.3,2016-03-29,05:55,A,95,5.0       ,289,144.4
15.94,106.555,359.3,1.8,1.3,2016-03-29,05:55,A,86,5.0       ,287.5,205.7
15.951,106.552,349.3,1.8,1.3,2016-03-29,05:55,A,75,5.0       ,285.5,150.7
15.976,106.631,322.9,1.7,1.3,2016-03-29,05:55,A,76,5.0       ,280.7,53
11.614,108.656,325.8,1.5,1.2,2016-03-29,05:55,A,72,5.0       ,306.7,32.2
11.55,107.447,326.9,1.8,1.3,2016-03-29,05:55,A,80,5.0       ,302.5,41.6
11.544,107.442,326.4,1.8,1.3,2016-03-29,05:55,A,80,5.0       ,302.8,40.4
11.689,107.613,315.9,1.8,1.3,2016-03-29,05:55,A,40,5.0       ,302.9,19.1
11.927,108.304,322.5,1.6,1.2,2016-03-29,05:55,A,49,5.0       ,302.7,26.9
11.653,106.458,318.3,2.2,1.4,2016-03-29,05:55,A,61,5.0       ,300.6,27.2
12.639,104.58,324.5,2.9,1.6,2016-03-29,05:55,A,78,5.0       ,297.4,74.9
12.634,104.553,316.8,2.9,1.6,2016-03-29,05:55,A,60,5.0       ,296.4,34.5
12.792,105.662,317.6,2.4,1.5,2016-03-29,05:55,A,68,5.0       ,299.8,36.7
13.331,108.769,321.5,1.4,1.2,2016-03-29,05:55,A,49,5.0       ,298.1,23
12.837,105.762,330.1,2.3,1.5,2016-03-29,05:55,A,76,5.0       ,305.3,73.2
12.641,104.572,327.8,2.9,1.6,2016-03-29,05:55,A,81,5.0       ,297.2,94.4
13.252,107.938,328.8,1.6,1.2,2016-03-29,05:55,A,57,5.0       ,309.4,18.3
12.801,105.153,319.9,2.6,1.5,2016-03-29,05:55,A,49,5.0       ,300.9,29.5
12.883,105.556,321.4,2.4,1.5,2016-03-29,05:55,A,59,5.0       ,301.7,33.7
12.842,105.312,367.6,2.5,1.5,2016-03-29,05:55,A,100,5.0       ,302.9,401.1
12.839,105.331,327.9,2.5,1.5,2016-03-29,05:55,A,68,5.0       ,301,61.8
12.835,105.309,345,2.5,1.5,2016-03-29,05:55,A,93,5.0       ,302.2,180.2
12.849,105.306,341.3,2.5,1.5,2016-03-29,05:55,A,91,5.0       ,302.6,149.4
12.963,105.883,330.3,2.3,1.5,2016-03-29,05:55,A,83,5.0       ,306.8,74
12.912,105.271,338.5,2.5,1.5,2016-03-29,05:55,A,89,5.0       ,304.3,111.3
13.423,108.298,324.1,1.5,1.2,2016-03-29,05:55,A,54,5.0       ,306.2,11.8
12.768,104.352,327.3,3,1.6,2016-03-29,05:55,A,0,5.0       ,297.2,108.6
12.91,105.288,331.3,2.5,1.5,2016-03-29,05:55,A,84,5.0       ,305.7,57.4
12.774,104.372,319.2,3,1.6,2016-03-29,05:55,A,53,5.0       ,297,53.2
12.769,104.345,322.1,3,1.6,2016-03-29,05:55,A,65,5.0       ,297.2,74.9
12.977,105.109,343.1,2.6,1.5,2016-03-29,05:55,A,92,5.0       ,302.4,169.2
12.973,105.129,322.1,2.6,1.5,2016-03-29,05:55,A,75,5.0       ,302.2,37.4
12.969,105.105,334.4,2.6,1.5,2016-03-29,05:55,A,86,5.0       ,302.6,105.8
12.82,103.866,316,3.2,1.7,2016-03-29,05:55,A,55,5.0       ,296.5,40.1
13.199,105.953,316.2,2.2,1.4,2016-03-29,05:55,A,32,5.0       ,302,21
13.196,105.933,326.8,2.2,1.4,2016-03-29,05:55,A,80,5.0       ,303.1,60.8
12.929,104.393,321.3,2.9,1.6,2016-03-29,05:55,A,49,5.0       ,298.7,46.4
12.924,104.366,319.9,3,1.6,2016-03-29,05:55,A,41,5.0       ,296.8,43.8
13.301,106.332,332,2.1,1.4,2016-03-29,05:55,A,84,5.0       ,304.5,75.6
13.096,105.106,352.8,2.6,1.5,2016-03-29,05:55,A,96,5.0       ,302.2,250.4
12.931,104.386,325.5,2.9,1.6,2016-03-29,05:55,A,59,5.0       ,298.9,69.5
13.307,106.343,332.6,2,1.4,2016-03-29,05:55,A,85,5.0       ,303.4,75.1
13.304,106.324,330.3,2.1,1.4,2016-03-29,05:55,A,83,5.0       ,304.1,65.2
13.111,105.145,322.4,2.5,1.5,2016-03-29,05:55,A,14,5.0       ,302.7,34.1
13.107,105.122,337.4,2.6,1.5,2016-03-29,05:55,A,88,5.0       ,301.8,124.9
13.103,105.098,343.9,2.6,1.5,2016-03-29,05:55,A,92,5.0       ,300.9,175.5
13.069,104.909,330.4,2.7,1.6,2016-03-29,05:55,A,83,5.0       ,301.6,87
13.335,106.357,325.3,2,1.4,2016-03-29,05:55,A,56,5.0       ,301.7,37.8
13.149,105.042,331.1,2.6,1.5,2016-03-29,05:55,A,84,5.0       ,304.7,82
13.183,105.155,378.4,2.5,1.5,2016-03-29,05:55,A,100,5.0       ,301.6,565.2
13.571,107.42,334.6,1.7,1.3,2016-03-29,05:55,A,86,5.0       ,302.9,60.4
13.197,105.152,351.2,2.5,1.5,2016-03-29,05:55,A,96,5.0       ,300.1,246.8
13.367,106.308,327.8,2.1,1.4,2016-03-29,05:55,A,30,5.0       ,305.5,32.5
13.155,105.036,329.7,2.6,1.5,2016-03-29,05:55,A,82,5.0       ,304.7,73.3
13.583,107.428,337.8,1.7,1.3,2016-03-29,05:55,A,88,5.0       ,303.4,70.9
13.58,107.413,350.2,1.7,1.3,2016-03-29,05:55,A,95,5.0       ,302.5,126
13.193,105.172,337.5,2.5,1.5,2016-03-29,05:55,A,88,5.0       ,299.7,140.5
13.189,105.149,386,2.5,1.5,2016-03-29,05:55,A,100,5.0       ,302.2,691.6
13.244,105.139,330.7,2.5,1.5,2016-03-29,05:55,A,83,5.0       ,299.7,94.5
13.151,104.608,325.1,2.8,1.6,2016-03-29,05:55,A,68,5.0       ,300.2,63.8
12.984,103.67,319.1,3.3,1.7,2016-03-29,05:55,A,71,5.0       ,296.3,70.8
13.67,107.537,324.7,1.6,1.3,2016-03-29,05:55,A,32,5.0       ,307.8,18.7
13.587,107.022,323,1.8,1.3,2016-03-29,05:55,A,57,5.0       ,303.8,16.6
13.279,105.18,335.6,2.5,1.5,2016-03-29,05:55,A,87,5.0       ,301.6,110
13.275,105.157,325.4,2.5,1.5,2016-03-29,05:55,A,50,5.0       ,302,57.2
13.585,107.032,325.5,1.8,1.3,2016-03-29,05:55,A,44,5.0       ,304.6,24.2
13.154,104.6,322.3,2.8,1.6,2016-03-29,05:55,A,51,5.0       ,300.3,51
13.272,105.174,341.6,2.5,1.5,2016-03-29,05:55,A,91,5.0       ,301.3,153.3
13.69,107.511,327.2,1.6,1.3,2016-03-29,05:55,A,76,5.0       ,309.1,20.5
13.603,106.995,327.1,1.8,1.3,2016-03-29,05:55,A,60,5.0       ,307.5,27.1
13.197,104.513,327.5,2.8,1.6,2016-03-29,05:55,A,81,5.0       ,300.2,82.6
13.031,103.591,321.1,3.4,1.7,2016-03-29,05:55,A,73,5.0       ,297.7,75.1
13.868,108.33,317.4,1.4,1.2,2016-03-29,05:55,A,52,5.0       ,301.4,18.8
13.44,105.745,317,2.3,1.5,2016-03-29,05:55,A,42,5.0       ,301.6,20.6
13.469,105.676,321.3,2.3,1.5,2016-03-29,05:55,A,52,5.0       ,303.7,38.6
13.786,107.473,328.6,1.6,1.3,2016-03-29,05:55,A,73,5.0       ,308.1,30.4
13.316,104.746,323.4,2.7,1.6,2016-03-29,05:55,A,48,5.0       ,302.7,31.9
13.503,105.728,336.3,2.3,1.5,2016-03-29,05:55,A,87,5.0       ,304.6,94.6
13.492,105.667,323.1,2.3,1.5,2016-03-29,05:55,A,54,5.0       ,301.5,40.6
13.508,105.685,342.7,2.3,1.5,2016-03-29,05:55,A,91,5.0       ,303.2,138.8
13.505,105.664,331.2,2.3,1.5,2016-03-29,05:55,A,84,5.0       ,302.8,76.8
13.795,107.315,327,1.7,1.3,2016-03-29,05:55,A,74,5.0       ,308.9,22.9
13.79,107.285,329.2,1.7,1.3,2016-03-29,05:55,A,67,5.0       ,306.4,30.8
13.649,106.359,333.8,2,1.4,2016-03-29,05:55,A,86,5.0       ,307.1,62
13.646,106.34,328.5,2,1.4,2016-03-29,05:55,A,64,5.0       ,306,38.2
13.568,105.8,326.2,2.2,1.4,2016-03-29,05:55,A,60,5.0       ,305.2,30.6
13.819,107.248,343.1,1.7,1.3,2016-03-29,05:55,A,92,5.0       ,304.1,91.5
13.82,107.257,338,1.7,1.3,2016-03-29,05:55,A,82,5.0       ,306,67.8
13.817,107.242,330.8,1.7,1.3,2016-03-29,05:55,A,68,5.0       ,304.2,44.7
13.883,107.496,327.7,1.6,1.3,2016-03-29,05:55,A,66,5.0       ,304.5,38.1
13.578,105.707,323.4,2.3,1.5,2016-03-29,05:55,A,52,5.0       ,301.6,37.6
13.897,107.509,325.9,1.6,1.3,2016-03-29,05:55,A,38,5.0       ,303.5,23.2
13.894,107.494,332.1,1.6,1.3,2016-03-29,05:55,A,79,5.0       ,305.2,48.8
13.618,105.784,343.5,2.2,1.4,2016-03-29,05:55,A,92,5.0       ,305.5,122.8
13.808,106.757,326,1.9,1.3,2016-03-29,05:55,A,70,5.0       ,306.4,38.2
13.238,103.566,317.5,3.4,1.7,2016-03-29,05:55,A,36,5.0       ,295.4,60.1
13.946,107.324,328.4,1.7,1.3,2016-03-29,05:55,A,68,5.0       ,304.1,30
13.923,107.185,326,1.7,1.3,2016-03-29,05:55,A,78,5.0       ,304.8,32.3
13.882,106.945,317,1.8,1.3,2016-03-29,05:55,A,62,5.0       ,301.2,20.5
13.666,105.686,334.6,2.3,1.5,2016-03-29,05:55,A,85,5.0       ,304.1,92
13.663,105.666,355.1,2.3,1.5,2016-03-29,05:55,A,97,5.0       ,303.8,234
13.659,105.645,347.9,2.3,1.5,2016-03-29,05:55,A,94,5.0       ,301.3,187.1
13.957,107.322,398.1,1.7,1.3,2016-03-29,05:55,A,100,5.0       ,307.2,492.6
13.955,107.307,351.9,1.7,1.3,2016-03-29,05:55,A,96,5.0       ,303.3,126.2
13.883,106.877,320.5,1.8,1.3,2016-03-29,05:55,A,62,5.0       ,303,21.3
13.676,105.664,333.1,2.3,1.5,2016-03-29,05:55,A,72,5.0       ,300.5,89
13.672,105.643,342.4,2.3,1.5,2016-03-29,05:55,A,91,5.0       ,298.9,153.5
13.668,105.622,319.2,2.3,1.5,2016-03-29,05:55,A,44,5.0       ,298.4,39
13.635,105.432,323.6,2.4,1.5,2016-03-29,05:55,A,46,5.0       ,302.8,37.6
13.979,107.382,328.7,1.7,1.3,2016-03-29,05:55,A,71,5.0       ,306.1,37.5
13.976,107.366,337.6,1.7,1.3,2016-03-29,05:55,A,88,5.0       ,303.3,63.9
13.925,107.055,327.3,1.8,1.3,2016-03-29,05:55,A,80,5.0       ,300.9,50.2
13.912,106.906,328.3,1.8,1.3,2016-03-29,05:55,A,73,5.0       ,302,48.2
13.909,106.889,328,1.8,1.3,2016-03-29,05:55,A,73,5.0       ,303,44.3
13.712,105.72,342.5,2.2,1.5,2016-03-29,05:55,A,84,5.0       ,305,124.8
14.026,107.527,410.7,1.6,1.3,2016-03-29,05:55,A,100,5.0       ,310.5,637.1
13.727,105.654,376.2,2.3,1.5,2016-03-29,05:55,A,100,5.0       ,303.8,444.1
13.729,105.668,350.7,2.3,1.5,2016-03-29,05:55,A,95,5.0       ,300.9,192.8
13.726,105.648,363.6,2.3,1.5,2016-03-29,05:55,A,100,5.0       ,303.7,310
13.701,105.278,329.4,2.4,1.5,2016-03-29,05:55,A,82,5.0       ,308.6,47
14.202,108.112,328,1.5,1.2,2016-03-29,05:55,A,81,5.0       ,305.7,25.2
14.023,106.684,354.5,1.9,1.3,2016-03-29,05:55,A,97,5.0       ,301.9,176.7
14.02,106.667,340.7,1.9,1.3,2016-03-29,05:55,A,90,5.0       ,302.9,99.8
14.137,107.294,319.4,1.7,1.3,2016-03-29,05:55,A,71,5.0       ,306.3,29.6
14.117,107.17,331.8,1.7,1.3,2016-03-29,05:55,A,84,5.0       ,304.8,57.6
14.066,106.866,359.8,1.8,1.3,2016-03-29,05:55,A,99,5.0       ,301.4,207.2
14.063,106.85,335.7,1.8,1.3,2016-03-29,05:55,A,87,5.0       ,300.7,83.8
14.035,106.682,323.4,1.9,1.3,2016-03-29,05:55,A,63,5.0       ,301.2,38.6
14.032,106.665,322,1.9,1.3,2016-03-29,05:55,A,45,5.0       ,301.4,29.7
14.231,107.793,320.3,1.5,1.2,2016-03-29,05:55,A,59,5.0       ,300.7,19
13.91,105.878,320.1,2.2,1.4,2016-03-29,05:55,A,60,5.0       ,304.3,26.2
14.337,108.076,324,1.5,1.2,2016-03-29,05:55,A,77,5.0       ,307.1,16.8
14.088,106.595,328.3,1.9,1.3,2016-03-29,05:55,A,79,5.0       ,300.8,52.2
14.103,106.61,317.6,1.9,1.3,2016-03-29,05:55,A,43,5.0       ,299.8,24.9
14.1,106.593,344.1,1.9,1.3,2016-03-29,05:55,A,92,5.0       ,301.1,124.6
14.202,107.055,320.2,1.7,1.3,2016-03-29,05:55,A,72,5.0       ,298.6,38.5
13.678,104.03,327.5,3,1.7,2016-03-29,05:55,A,38,5.0       ,299.9,88.2
14.206,107.006,318.9,1.8,1.3,2016-03-29,05:55,A,42,5.0       ,306.8,32.6
14.133,106.57,337.6,1.9,1.3,2016-03-29,05:55,A,88,5.0       ,300.3,97.5
14.011,105.771,334.1,2.2,1.4,2016-03-29,05:55,A,86,5.0       ,304,89.6
13.91,105.02,327,2.5,1.5,2016-03-29,05:55,A,56,5.0       ,300.8,69.7
14.013,105.786,320.5,2.2,1.4,2016-03-29,05:55,A,64,5.0       ,302.7,29
14.01,105.766,328.5,2.2,1.4,2016-03-29,05:55,A,81,5.0       ,303.7,62.1
13.868,104.902,324.7,2.6,1.5,2016-03-29,05:55,A,78,5.0       ,305.2,35.3
13.903,105.016,325.3,2.5,1.5,2016-03-29,05:55,A,24,5.0       ,301,60.3
14.37,107.652,316.6,1.6,1.2,2016-03-29,05:55,A,25,5.0       ,302.9,19.6
14.364,107.549,329.4,1.6,1.2,2016-03-29,05:55,A,72,5.0       ,305.6,39.2
14.386,107.473,312.4,1.6,1.2,2016-03-29,05:55,A,54,5.0       ,299.1,16.7
14.394,107.381,314.6,1.6,1.3,2016-03-29,05:55,A,45,5.0       ,298.2,22
14.394,107.374,313,1.6,1.3,2016-03-29,05:55,A,47,5.0       ,298,19.4
14.534,108.087,334.4,1.5,1.2,2016-03-29,05:55,A,86,5.0       ,297.5,61.4
14.545,108.085,313.4,1.5,1.2,2016-03-29,05:55,A,17,5.0       ,297.1,16.6
13.812,103.67,327.7,3.2,1.7,2016-03-29,05:55,A,81,5.0       ,299.6,78.5
13.959,104.242,332.8,2.9,1.6,2016-03-29,05:55,A,63,5.0       ,293.3,145.5
13.809,103.666,324.6,3.2,1.7,2016-03-29,05:55,A,78,5.0       ,298.9,54.4
14.021,104.489,320.2,2.8,1.6,2016-03-29,05:55,A,64,5.0       ,302.3,42.8
14.237,105.481,326,2.3,1.5,2016-03-29,05:55,A,79,5.0       ,301.4,62.1
14.233,105.46,333.9,2.3,1.5,2016-03-29,05:55,A,86,5.0       ,303.2,100.5
14.636,107.811,324.1,1.5,1.2,2016-03-29,05:55,A,77,5.0       ,303.6,19.1
14.235,105.474,327.8,2.3,1.5,2016-03-29,05:55,A,81,5.0       ,302.3,68.9
14.248,105.472,325.7,2.3,1.5,2016-03-29,05:55,A,70,5.0       ,302.2,57.6
14.244,105.451,320.1,2.3,1.5,2016-03-29,05:55,A,40,5.0       ,303,31.1
14.703,107.989,338.9,1.5,1.2,2016-03-29,05:55,A,89,5.0       ,303.5,68.3
14.698,107.962,323.9,1.5,1.2,2016-03-29,05:55,A,52,5.0       ,304.4,26.2
15.974,106.615,349.6,1.7,1.3,2016-03-29,05:55,A,95,5.0       ,281.6,156
15.963,106.55,336.8,1.8,1.3,2016-03-29,05:55,A,66,5.0       ,280.9,97.6
15.94,106.416,328.3,1.8,1.3,2016-03-29,05:55,A,60,5.0       ,301.5,53.6
16.022,106.567,332,1.8,1.3,2016-03-29,05:55,A,65,5.0       ,283.1,76.8
16.055,106.625,394.8,1.7,1.3,2016-03-29,05:55,A,100,5.0       ,299.2,497.8
16.053,106.61,405.6,1.7,1.3,2016-03-29,05:55,A,100,5.0       ,300.7,636.1
16.047,106.578,338,1.7,1.3,2016-03-29,05:55,A,89,5.0       ,287.9,95.5
16.067,106.623,326.6,1.7,1.3,2016-03-29,05:55,A,72,5.0       ,295.9,49
16.064,106.607,326.9,1.7,1.3,2016-03-29,05:55,A,74,5.0       ,295.6,50.2
16.062,106.526,348.4,1.8,1.3,2016-03-29,05:55,A,93,5.0       ,289.7,142.5
16.059,106.51,375.1,1.8,1.3,2016-03-29,05:55,A,100,5.0       ,288.1,317.5
16.079,106.556,339.1,1.8,1.3,2016-03-29,05:55,A,89,5.0       ,291.5,98.5
16.074,106.523,355.9,1.8,1.3,2016-03-29,05:55,A,98,5.0       ,290.2,179.4
16.071,106.507,362.7,1.8,1.3,2016-03-29,05:55,A,100,5.0       ,290.6,222.3
16.093,106.569,343.7,1.7,1.3,2016-03-29,05:55,A,92,5.0       ,294.7,114.1
16.091,106.553,385.9,1.8,1.3,2016-03-29,05:55,A,94,5.0       ,296.6,406.7
16.088,106.537,333.5,1.8,1.3,2016-03-29,05:55,A,65,5.0       ,287.3,69.2
16.082,106.505,346.6,1.8,1.3,2016-03-29,05:55,A,93,5.0       ,293.7,126.9
16.077,106.472,323.2,1.8,1.3,2016-03-29,05:55,A,59,5.0       ,284.1,46.8
16.123,106.678,323.4,1.7,1.3,2016-03-29,05:55,A,57,5.0       ,298,41.7
16.105,106.567,333.5,1.7,1.3,2016-03-29,05:55,A,85,5.0       ,293.1,72.3
16.102,106.551,344.5,1.8,1.3,2016-03-29,05:55,A,81,5.0       ,293.2,115.8
16.09,106.563,362.4,1.7,1.3,2016-03-29,05:55,A,100,5.0       ,295.7,214.5
24.356,88.462,325.6,1.3,1.1,2016-03-29,07:40,A,69,5.0       ,307.5,17.8
22.787,110.981,321.6,1,1,2016-03-29,06:00,A,64,5.0       ,294,20.4
23.004,110.824,317.8,1,1,2016-03-29,06:00,A,47,5.0       ,288.8,15
23.054,110.521,315.3,1,1,2016-03-29,06:00,A,63,5.0       ,292.5,14.6
23.053,110.512,313.1,1,1,2016-03-29,06:00,A,37,5.0       ,290.5,13.1
21.367,100.704,310.8,3.7,1.8,2016-03-29,06:00,A,26,5.0       ,276.8,86.7
21.36,100.667,340.2,3.7,1.8,2016-03-29,06:00,A,90,5.0       ,280.4,358.1
21.529,99.707,310.2,4.3,1.9,2016-03-29,06:00,A,21,5.0       ,280.6,96.1
21.555,99.48,312.6,4.5,2,2016-03-29,06:00,A,46,5.0       ,289.9,99.9
21.557,99.474,314.5,4.5,2,2016-03-29,06:00,A,51,5.0       ,291,113.4
21.858,99.761,316.9,4.2,1.9,2016-03-29,06:00,A,67,5.0       ,295.2,117.1
23.832,110.69,310.4,1,1,2016-03-29,06:00,A,38,5.0       ,288.7,11.7
19.222,97.079,312.8,4.4,1.9,2016-03-29,07:35,A,46,5.0       ,292,82.7
19.44,96.869,315.8,4.3,1.9,2016-03-29,07:35,A,48,5.0       ,294.5,119.5
19.592,94.714,329.8,3,1.6,2016-03-29,07:35,A,80,5.0       ,302.4,116
24.378,93.749,316.8,2.9,1.6,2016-03-29,07:35,A,45,5.0       ,290.7,64.7
24.376,93.725,317.4,2.9,1.6,2016-03-29,07:35,A,48,5.0       ,295.3,66.5
23.803,88.245,322.7,1.2,1.1,2016-03-29,07:35,A,58,5.0       ,307,8.7
24.381,93.741,323.2,2.9,1.6,2016-03-29,07:35,A,0,5.0       ,291.2,96.5
24.621,94.827,316.7,3.5,1.8,2016-03-29,07:35,A,0,5.0       ,292.4,68.8
24.14,89.283,321,1.4,1.2,2016-03-29,07:35,A,45,5.0       ,301.7,17.1
24.092,88.457,329.7,1.2,1.1,2016-03-29,07:35,A,83,5.0       ,308.4,20.9
11.924,108.069,321.7,1.6,1.2,2016-03-29,05:55,A,46,5.0       ,300.3,30.6
12.009,108.649,311.4,1.5,1.2,2016-03-29,05:55,A,49,5.0       ,298.1,14.6
11.916,108.079,321,1.6,1.2,2016-03-29,05:55,A,54,5.0       ,303.6,25.2
11.653,106.45,321.3,2.2,1.4,2016-03-29,05:55,A,74,5.0       ,299.8,38.1
11.111,103.408,314.2,3.8,1.8,2016-03-29,05:55,A,23,5.0       ,295.1,48.7
11.96,107.932,320.1,1.6,1.3,2016-03-29,05:55,A,72,5.0       ,304.5,19.9
11.966,107.824,327.9,1.7,1.3,2016-03-29,05:55,A,81,5.0       ,304.2,42.7
11.964,107.809,340.9,1.7,1.3,2016-03-29,05:55,A,90,5.0       ,305.2,88.7
11.964,107.819,335.4,1.7,1.3,2016-03-29,05:55,A,87,5.0       ,304.7,67.3
11.962,107.804,324.3,1.7,1.3,2016-03-29,05:55,A,77,5.0       ,304.7,32
12.032,108.021,325.1,1.6,1.3,2016-03-29,05:55,A,78,5.0       ,301.7,39.1
12.03,108.007,320.1,1.6,1.3,2016-03-29,05:55,A,71,5.0       ,301.9,26.3
11.997,107.736,326.6,1.7,1.3,2016-03-29,05:55,A,80,5.0       ,304.6,39.4
12.022,106.699,331.5,2,1.4,2016-03-29,05:55,A,57,5.0       ,307.8,42
12.303,108.14,320.2,1.6,1.2,2016-03-29,05:55,A,50,5.0       ,302.9,21.5
12.307,108.147,321.5,1.6,1.2,2016-03-29,05:55,A,71,5.0       ,303.1,23.2
12.324,107.831,332.6,1.6,1.3,2016-03-29,05:55,A,85,5.0       ,301.7,60.8
12.322,107.816,335.7,1.7,1.3,2016-03-29,05:55,A,85,5.0       ,305.4,73.3
12.426,108.33,311.6,1.5,1.2,2016-03-29,05:55,A,50,5.0       ,298.3,17.5
12.43,108.338,310.3,1.5,1.2,2016-03-29,05:55,A,36,5.0       ,298.2,16.2
12.399,108.008,313,1.6,1.2,2016-03-29,05:55,A,43,5.0       ,301.3,14.6
12.148,106.274,323.8,2.2,1.4,2016-03-29,05:55,A,56,5.0       ,303.9,27.8
12.445,107.941,350.9,1.6,1.2,2016-03-29,05:55,A,96,5.0       ,307.2,117.9
12.371,107.407,310.1,1.8,1.3,2016-03-29,05:55,A,14,5.0       ,298.1,14
12.448,107.948,336.5,1.6,1.2,2016-03-29,05:55,A,87,5.0       ,307.3,55.1
12.445,107.934,331.8,1.6,1.2,2016-03-29,05:55,A,65,5.0       ,307.5,41.7
12.119,106.024,326.5,2.3,1.5,2016-03-29,05:55,A,78,5.0       ,303.9,35.5
12.27,106.675,337.3,2,1.4,2016-03-29,05:55,A,88,5.0       ,306.2,59.9
12.392,107.331,327.8,1.8,1.3,2016-03-29,05:55,A,72,5.0       ,304.6,46.3
12.215,106.275,328,2.2,1.4,2016-03-29,05:55,A,81,5.0       ,303.9,47.8
12.212,106.256,323.5,2.2,1.4,2016-03-29,05:55,A,76,5.0       ,303.9,28.8
12.257,106.368,324.3,2.1,1.4,2016-03-29,05:55,A,77,5.0       ,304.4,33.6
12.253,106.349,323.8,2.1,1.4,2016-03-29,05:55,A,77,5.0       ,303.5,31.3
12.21,106.092,323.6,2.2,1.5,2016-03-29,05:55,A,73,5.0       ,302.9,27.2
12.447,107.451,321.7,1.8,1.3,2016-03-29,05:55,A,38,5.0       ,302.1,29.8
12.466,107.508,323.1,1.7,1.3,2016-03-29,05:55,A,41,5.0       ,304.6,27.9
12.411,107.116,327.9,1.9,1.3,2016-03-29,05:55,A,73,5.0       ,300.6,49.5
12.539,107.526,315.9,1.7,1.3,2016-03-29,05:55,A,42,5.0       ,301.4,17.5
13.005,108.705,322.6,1.4,1.2,2016-03-29,05:55,A,75,5.0       ,301.1,17.9
12.55,105.384,324.3,2.5,1.5,2016-03-29,05:55,A,62,5.0       ,303.9,35.3
12.601,105.604,330.6,2.4,1.5,2016-03-29,05:55,A,83,5.0       ,305,58.4
12.61,105.595,328.1,2.4,1.5,2016-03-29,05:55,A,74,5.0       ,304.1,48.8
12.709,105.776,357.7,2.3,1.5,2016-03-29,05:55,A,99,5.0       ,305,253.1
12.722,105.773,339.1,2.3,1.5,2016-03-29,05:55,A,89,5.0       ,304.3,115.4
12.703,105.578,352.5,2.4,1.5,2016-03-29,05:55,A,96,5.0       ,302.7,217.6
12.699,105.556,329.1,2.4,1.5,2016-03-29,05:55,A,73,5.0       ,301.7,63.9
12.722,105.79,331.9,2.3,1.5,2016-03-29,05:55,A,84,5.0       ,304.2,70.4
12.719,105.769,351.7,2.3,1.5,2016-03-29,05:55,A,96,5.0       ,304.8,201.9
12.698,105.574,353,2.4,1.5,2016-03-29,05:55,A,97,5.0       ,302.4,225.8
12.711,105.572,323,2.4,1.5,2016-03-29,05:55,A,59,5.0       ,302.6,38
12.701,105.438,326.1,2.5,1.5,2016-03-29,05:55,A,42,5.0       ,300.5,61.8
12.743,105.521,325.2,2.4,1.5,2016-03-29,05:55,A,54,5.0       ,303.5,58
12.74,105.499,352.4,2.4,1.5,2016-03-29,05:55,A,96,5.0       ,301.9,240.9
13.253,108.528,326.5,1.4,1.2,2016-03-29,05:55,A,72,5.0       ,303.2,26.8
12.792,105.646,315.2,2.4,1.5,2016-03-29,05:55,A,63,5.0       ,299.5,28.2
12.753,105.335,326.5,2.5,1.5,2016-03-29,05:55,A,43,5.0       ,302.9,47.5
18.457,103.831,342.8,2.5,1.5,2016-03-29,06:00,A,91,5.0       ,295.4,187.2
18.452,103.808,334.4,2.5,1.5,2016-03-29,06:00,A,86,5.0       ,294.5,130
18.725,103.978,315.2,2.4,1.5,2016-03-29,06:00,A,63,5.0       ,294.9,45.3
19.616,109.156,313.5,1.1,1,2016-03-29,06:00,A,58,5.0       ,297.8,8
18.74,103.41,320.5,2.7,1.6,2016-03-29,06:00,A,73,5.0       ,292.8,81.8
18.786,103.423,321.4,2.7,1.6,2016-03-29,06:00,A,74,5.0       ,290.4,89.4
18.745,103.404,326.3,2.7,1.6,2016-03-29,06:00,A,79,5.0       ,292.9,112.9
18.79,103.418,330.9,2.7,1.6,2016-03-29,06:00,A,83,5.0       ,289.8,145.1
19.822,109.295,326.8,1.1,1,2016-03-29,06:00,A,80,5.0       ,299.5,25.4
19.82,109.285,314.4,1.1,1,2016-03-29,06:00,A,60,5.0       ,298.5,8.6
18.907,103.739,310.1,2.5,1.5,2016-03-29,06:00,A,27,5.0       ,289.8,35.5
18.907,101.405,323,3.7,1.8,2016-03-29,06:00,A,72,5.0       ,279.3,168.2
19.177,101.536,319.6,3.6,1.8,2016-03-29,06:00,A,53,5.0       ,283.6,108.9
21.286,110.21,312.3,1,1,2016-03-29,06:00,A,49,5.0       ,296.5,5.7
21.586,111.213,334.6,1,1,2016-03-29,06:00,A,86,5.0       ,294.6,39
20.018,101.502,318.1,3.5,1.8,2016-03-29,06:00,A,53,5.0       ,294.8,85
20.42,103.497,321.9,2.4,1.5,2016-03-29,06:00,A,75,5.0       ,289.6,86.2
20.415,103.472,311,2.4,1.5,2016-03-29,06:00,A,25,5.0       ,287.6,48
20.262,102.43,314.1,2.9,1.6,2016-03-29,06:00,A,55,5.0       ,295,60.5
20.257,102.406,342.6,2.9,1.6,2016-03-29,06:00,A,91,5.0       ,295,258
20.028,101.495,317.4,3.5,1.8,2016-03-29,06:00,A,23,5.0       ,295.9,72.1
21.916,112.507,317.8,1.1,1,2016-03-29,06:00,A,66,5.0       ,292.1,18.3
21.915,112.497,318.3,1.1,1,2016-03-29,06:00,A,67,5.0       ,291.3,18.8
20.262,102.425,328.6,2.9,1.6,2016-03-29,06:00,A,82,5.0       ,295.5,140.3
20.257,102.4,341.5,2.9,1.6,2016-03-29,06:00,A,91,5.0       ,295,243.4
20.271,102.393,310.6,2.9,1.6,2016-03-29,06:00,A,12,5.0       ,295,38.1
20.291,102.418,314.2,2.9,1.6,2016-03-29,06:00,A,57,5.0       ,295.1,53.6
20.322,102.267,321.8,3,1.6,2016-03-29,06:00,A,74,5.0       ,295,106.9
20.317,102.242,317.7,3,1.7,2016-03-29,06:00,A,68,5.0       ,294.6,85.3
20.323,102.261,327,3,1.6,2016-03-29,06:00,A,80,5.0       ,295.8,142.2
20.37,102.423,353.6,2.9,1.6,2016-03-29,06:00,A,97,5.0       ,296.2,333
20.364,102.394,350.9,2.9,1.6,2016-03-29,06:00,A,96,5.0       ,296.8,312.8
20.379,102.392,333.3,2.9,1.6,2016-03-29,06:00,A,60,5.0       ,294.9,153.9
20.394,102.39,352.5,2.9,1.6,2016-03-29,06:00,A,96,5.0       ,293.5,345.3
20.388,102.363,318.4,2.9,1.6,2016-03-29,06:00,A,41,5.0       ,283.7,71.4
20.413,102.415,337,2.9,1.6,2016-03-29,06:00,A,78,5.0       ,294.6,190.4
20.408,102.387,345,2.9,1.6,2016-03-29,06:00,A,93,5.0       ,292.2,267
20.394,102.385,341.2,2.9,1.6,2016-03-29,06:00,A,91,5.0       ,292.1,230.1
20.414,102.41,339.5,2.9,1.6,2016-03-29,06:00,A,86,5.0       ,294.4,212.3
20.409,102.382,326.9,2.9,1.6,2016-03-29,06:00,A,61,5.0       ,290.5,122.4
20.464,102.509,333.2,2.9,1.6,2016-03-29,06:00,A,85,5.0       ,295.9,162.9
20.478,102.506,319.2,2.9,1.6,2016-03-29,06:00,A,62,5.0       ,294.9,77.9
20.473,102.48,327.5,2.9,1.6,2016-03-29,06:00,A,81,5.0       ,292.7,128.7
20.468,102.452,317.9,2.9,1.6,2016-03-29,06:00,A,63,5.0       ,293.2,68.5
20.415,101.345,321.1,3.5,1.8,2016-03-29,06:00,A,40,5.0       ,286.4,126.7
20.491,100.936,367.1,3.7,1.8,2016-03-29,06:00,A,85,5.0       ,278.9,0
22.305,111.225,310.6,1,1,2016-03-29,06:00,A,40,5.0       ,292.7,10.6
22.424,111.42,323.5,1,1,2016-03-29,06:00,A,76,5.0       ,295.7,24.9
22.423,111.41,312.9,1,1,2016-03-29,06:00,A,56,5.0       ,296.1,12.1
9.89,122.778,312.2,2.7,1.6,2016-03-29,13:40,T,78,5.0       ,293.3,55.8
9.894,122.769,313.6,2.7,1.6,2016-03-29,13:40,T,82,5.0       ,293.2,62
14.232,105.514,306.7,1,1,2016-03-29,15:20,T,48,5.0       ,295.8,8.6
14.062,104.253,309.8,1,1,2016-03-29,15:20,T,67,5.0       ,296.5,9.9
14.061,104.244,314.6,1,1,2016-03-29,15:20,T,86,5.0       ,296.5,14.5
14.071,104.252,306.7,1,1,2016-03-29,15:20,T,20,5.0       ,295.9,7.1
14.023,103.919,308.4,1,1,2016-03-29,15:20,T,60,5.0       ,295.7,8.6
14.021,103.909,306.1,1,1,2016-03-29,15:20,T,38,5.0       ,295.6,6.1
14.492,107.155,311.6,1.2,1.1,2016-03-29,15:20,T,76,5.0       ,293.1,18.5
14.501,107.154,321.6,1.2,1.1,2016-03-29,15:20,T,100,5.0       ,293.2,32.6
14.273,105.215,306.3,1,1,2016-03-29,15:20,T,44,5.0       ,295.4,7.7
14.262,105.069,308.9,1,1,2016-03-29,15:20,T,63,5.0       ,294.8,9.4
14.542,106.843,306.5,1.1,1.1,2016-03-29,15:20,T,45,5.0       ,296.1,8.9
14.541,106.833,310.9,1.1,1.1,2016-03-29,15:20,T,73,5.0       ,295.8,13.3
14.536,106.802,305.1,1.1,1.1,2016-03-29,15:20,T,21,5.0       ,295,7.7
14.386,104.326,305.2,1,1,2016-03-29,15:20,T,18,5.0       ,294.3,6.4
14.396,103.576,308.9,1,1,2016-03-29,15:20,T,63,5.0       ,295.8,8.8
14.642,102.808,310.8,1.1,1,2016-03-29,15:20,T,72,5.0       ,293,13.4
15.456,107.038,308.5,1.2,1.1,2016-03-29,15:20,T,61,5.0       ,292,17
15.361,105.829,315.1,1,1,2016-03-29,15:20,T,87,5.0       ,296.2,16.7
14.437,99.597,307,1.7,1.3,2016-03-29,15:20,T,50,5.0       ,291,18.8
15.351,105.359,307,1,1,2016-03-29,15:20,T,51,5.0       ,295.6,8.8
15.466,105.191,306,1,1,2016-03-29,15:20,T,40,5.0       ,295.6,8
15.998,105.18,305.9,1,1,2016-03-29,15:20,T,39,5.0       ,295.1,8.3
15.919,102.657,319.3,1.1,1,2016-03-29,15:20,T,98,5.0       ,289.6,25.8
16.62,102.41,308.4,1.1,1,2016-03-29,15:20,T,60,5.0       ,288.1,14.1
16.618,102.4,314,1.1,1,2016-03-29,15:20,T,84,5.0       ,288.3,20.5
17.015,104.951,317.1,1,1,2016-03-29,15:20,T,93,5.0       ,293.9,20
17.506,103.801,312.9,1,1,2016-03-29,15:20,T,80,5.0       ,294.6,14.7
18.112,104.371,306.2,1,1,2016-03-29,15:20,T,42,5.0       ,293.5,8.1
17.856,101.945,305.2,1.1,1,2016-03-29,15:20,T,22,5.0       ,287.3,10.8
18.43,104.877,307.1,1,1,2016-03-29,15:20,T,51,5.0       ,289.7,13
18.42,104.672,308.8,1,1,2016-03-29,15:20,T,63,5.0       ,291.3,13.9
19.06,109.026,309.9,1.8,1.3,2016-03-29,15:20,T,69,5.0       ,289.3,33.1
1.097,104.115,312.1,1.3,1.1,2016-03-29,15:15,T,78,5.0       ,292.4,18.6
1.096,104.103,309.1,1.3,1.1,2016-03-29,15:15,T,65,5.0       ,292.8,14.1
1.049,102.99,308.4,1.6,1.2,2016-03-29,15:15,T,60,5.0       ,292.7,15.8
1.414,102.419,311.9,1.8,1.3,2016-03-29,15:15,T,77,5.0       ,292.3,26.1
1.412,102.404,315.9,1.8,1.3,2016-03-29,15:15,T,89,5.0       ,292.3,36.4
1.426,102.418,309,1.8,1.3,2016-03-29,15:15,T,64,5.0       ,292.3,20.3
1.424,102.402,313.6,1.8,1.3,2016-03-29,15:15,T,83,5.0       ,292.1,31.3
1.829,104.092,306.8,1.3,1.1,2016-03-29,15:15,T,49,5.0       ,293.9,9.7
2.823,103.34,308.7,1.4,1.2,2016-03-29,15:20,T,62,5.0       ,294.1,18.6
3.66,108.195,308.1,1,1,2016-03-29,15:20,T,59,5.0       ,295.5,9.5
3.701,108.293,305.6,1,1,2016-03-29,15:20,T,34,5.0       ,294.8,6.8
3.711,108.292,319,1,1,2016-03-29,15:20,T,97,5.0       ,294.6,21.1
3.709,108.283,313.4,1,1,2016-03-29,15:20,T,82,5.0       ,294.6,14.8
3.76,108.313,314.9,1,1,2016-03-29,15:20,T,87,5.0       ,295,15.5
3.759,108.304,315.3,1,1,2016-03-29,15:20,T,88,5.0       ,295.1,16.4
3.766,108.297,317.3,1,1,2016-03-29,15:20,T,93,5.0       ,295.5,18.7
3.765,108.288,326.6,1,1,2016-03-29,15:20,T,100,5.0       ,295.8,31.1
3.951,108.107,344,1,1,2016-03-29,15:20,T,100,5.0       ,296,62
3.95,108.097,325.8,1,1,2016-03-29,15:20,T,100,5.0       ,295.9,30.3
3.948,108.088,333,1,1,2016-03-29,15:20,T,100,5.0       ,295.9,41.6
3.96,108.105,305,1,1,2016-03-29,15:20,T,10,5.0       ,294.5,6.7
3.959,108.096,318.6,1,1,2016-03-29,15:20,T,96,5.0       ,294.9,21
3.958,108.087,324,1,1,2016-03-29,15:20,T,100,5.0       ,294.6,28
3.422,102.099,308.6,1.7,1.3,2016-03-29,15:20,T,62,5.0       ,292.3,20.6
3.43,102.092,306.8,1.7,1.3,2016-03-29,15:20,T,49,5.0       ,292.1,18.3
4.859,101.262,315.3,1.9,1.3,2016-03-29,15:20,T,88,5.0       ,290.5,45.4
4.856,101.244,317.2,1.9,1.3,2016-03-29,15:20,T,93,5.0       ,291.1,50.1
4.864,101.255,321.9,1.9,1.3,2016-03-29,15:20,T,100,5.0       ,290.8,64.7
5.953,101.162,313.6,1.8,1.3,2016-03-29,15:20,T,83,5.0       ,292.4,39.2
5.95,101.146,307.3,1.8,1.3,2016-03-29,15:20,T,53,5.0       ,292,24.8
10.822,106.79,305.8,1,1,2016-03-29,15:20,T,38,5.0       ,295.8,7.9
11.298,107.1,306.1,1.1,1,2016-03-29,15:20,T,42,5.0       ,294.5,9.1
11.219,106.468,333.4,1,1,2016-03-29,15:20,T,100,5.0       ,295.2,42.3
11.439,106.466,306.5,1,1,2016-03-29,15:20,T,46,5.0       ,294.1,9.1
11.389,105.131,322.3,1,1,2016-03-29,15:20,T,100,5.0       ,295.8,24.4
11.65,106.194,311.5,1,1,2016-03-29,15:20,T,75,5.0       ,294.8,13
11.505,104.28,306.4,1,1,2016-03-29,15:20,T,45,5.0       ,296,6.6
12.218,106.85,316.1,1.1,1,2016-03-29,15:20,T,90,5.0       ,296.5,18.8
12.269,106.674,307,1.1,1,2016-03-29,15:20,T,14,5.0       ,296.3,6.3
12.303,106.802,305.7,1.1,1,2016-03-29,15:20,T,27,5.0       ,295.6,6.7
12.333,106.747,305.9,1.1,1,2016-03-29,15:20,T,39,5.0       ,295.6,6.4
12.329,106.718,311.7,1.1,1,2016-03-29,15:20,T,76,5.0       ,296.1,12
12.328,106.709,306,1.1,1,2016-03-29,15:20,T,41,5.0       ,296,6.1
12.03,104.278,306.2,1,1,2016-03-29,15:20,T,42,5.0       ,295.4,6.5
11.209,98.895,306.5,2.2,1.4,2016-03-29,15:20,T,15,5.0       ,288.7,34.9
12.149,104.206,309.3,1,1,2016-03-29,15:20,T,66,5.0       ,295.7,9.1
12.454,105.76,345.8,1,1,2016-03-29,15:20,T,100,5.0       ,298.6,62.6
12.453,105.751,348.3,1,1,2016-03-29,15:20,T,100,5.0       ,298.6,67.8
12.792,107.096,306.6,1.1,1.1,2016-03-29,15:20,T,47,5.0       ,296.3,9
12.657,105.831,316.1,1,1,2016-03-29,15:20,T,90,5.0       ,296.2,16.9
12.688,105.921,307.6,1,1,2016-03-29,15:20,T,55,5.0       ,297.3,7.5
12.687,105.911,309.2,1,1,2016-03-29,15:20,T,65,5.0       ,297.1,9
12.721,105.758,305.7,1,1,2016-03-29,15:20,T,32,5.0       ,293.7,6.9
12.719,105.749,311.1,1,1,2016-03-29,15:20,T,74,5.0       ,294.9,12
12.73,105.757,311.2,1,1,2016-03-29,15:20,T,74,5.0       ,296.3,11.3
12.728,105.748,321.3,1,1,2016-03-29,15:20,T,100,5.0       ,295.3,22.8
12.77,105.779,310.1,1,1,2016-03-29,15:20,T,69,5.0       ,296.8,10.5
12.768,105.77,311,1,1,2016-03-29,15:20,T,73,5.0       ,296.6,11.2
12.767,105.761,336.5,1,1,2016-03-29,15:20,T,100,5.0       ,296.4,45.5
12.766,105.752,315,1,1,2016-03-29,15:20,T,87,5.0       ,294.8,16.2
12.853,105.591,329.9,1,1,2016-03-29,15:20,T,100,5.0       ,294.7,35.8
12.893,105.542,305.7,1,1,2016-03-29,15:20,T,35,5.0       ,294.8,7.5
12.961,105.966,316.7,1,1,2016-03-29,15:20,T,92,5.0       ,297.2,16.9
12.96,105.957,307.7,1,1,2016-03-29,15:20,T,56,5.0       ,296.7,8.2
12.978,105.954,315.9,1,1,2016-03-29,15:20,T,89,5.0       ,297.4,16.2
13.244,105.1,316.4,1,1,2016-03-29,15:20,T,91,5.0       ,295.8,17
13.052,103.65,306.7,1,1,2016-03-29,15:20,T,48,5.0       ,294.3,9.3
13.282,105.172,316.9,1,1,2016-03-29,15:20,T,92,5.0       ,297.3,17
13.061,103.649,310.4,1,1,2016-03-29,15:20,T,71,5.0       ,294,12.8
13.314,105.205,309,1,1,2016-03-29,15:20,T,64,5.0       ,297.6,8.1
13.585,107.028,306.3,1.1,1.1,2016-03-29,15:20,T,43,5.0       ,296,8.8
13.538,106.28,331.7,1.1,1,2016-03-29,15:20,T,100,5.0       ,298.3,38.9
13.536,106.27,331.7,1.1,1,2016-03-29,15:20,T,100,5.0       ,298.3,39
13.299,104.576,322,1,1,2016-03-29,15:20,T,100,5.0       ,297.2,23.6
13.742,107.506,315.5,1.2,1.1,2016-03-29,15:20,T,88,5.0       ,295.3,22
13.74,107.495,308.3,1.2,1.1,2016-03-29,15:20,T,60,5.0       ,294.9,12.5
13.522,105.698,316.4,1,1,2016-03-29,15:20,T,91,5.0       ,295.9,17.8
13.528,105.678,308.2,1,1,2016-03-29,15:20,T,59,5.0       ,295.9,9.7
13.537,105.676,314.1,1,1,2016-03-29,15:20,T,84,5.0       ,295.8,15.4
13.651,106.366,313.1,1.1,1,2016-03-29,15:20,T,81,5.0       ,297.4,14.2
13.649,106.356,319.7,1.1,1,2016-03-29,15:20,T,99,5.0       ,297.9,22.1
13.252,103.568,309.6,1.1,1,2016-03-29,15:20,T,67,5.0       ,294.4,12.3
13.251,103.558,306.9,1.1,1,2016-03-29,15:20,T,50,5.0       ,294.4,9.4
13.818,107.248,341.1,1.2,1.1,2016-03-29,15:20,T,100,5.0       ,295.4,66.3
13.823,107.252,308.7,1.2,1.1,2016-03-29,15:20,T,62,5.0       ,294.8,12.7
13.84,107.163,308.5,1.1,1.1,2016-03-29,15:20,T,61,5.0       ,295.4,11.9
13.918,107.525,338.6,1.2,1.1,2016-03-29,15:20,T,100,5.0       ,296.1,64.2
13.916,107.514,311.5,1.2,1.1,2016-03-29,15:20,T,75,5.0       ,295.1,16.3
13.914,107.425,314.5,1.2,1.1,2016-03-29,15:20,T,85,5.0       ,293.8,21.2
13.748,105.804,306.4,1,1,2016-03-29,15:20,T,45,5.0       ,296.4,7.5
13.727,105.655,306.7,1,1,2016-03-29,15:20,T,48,5.0       ,296.6,7.5
13.984,107.116,307.2,1.1,1.1,2016-03-29,15:20,T,52,5.0       ,295.7,9.8
13.807,105.306,307.4,1,1,2016-03-29,15:20,T,54,5.0       ,297,8.1
13.55,103.219,312.8,1.1,1,2016-03-29,15:20,T,80,5.0       ,295.2,13.7
14.104,107.076,315.9,1.1,1.1,2016-03-29,15:20,T,89,5.0       ,295,21.9
13.864,105.123,307.8,1,1,2016-03-29,15:20,T,57,5.0       ,296.1,8.8
14.214,107.063,307.5,1.1,1.1,2016-03-29,15:20,T,55,5.0       ,293.8,12.1
14.212,107.053,309.8,1.1,1.1,2016-03-29,15:20,T,68,5.0       ,293.9,14.4
14.375,107.189,308.2,1.2,1.1,2016-03-29,15:20,T,60,5.0       ,293.7,14
14.374,107.179,307,1.2,1.1,2016-03-29,15:20,T,51,5.0       ,293.4,12.6
14.407,107.361,309.3,1.2,1.1,2016-03-29,15:20,T,65,5.0       ,292.4,15.7
14.434,107.413,308,1.2,1.1,2016-03-29,15:20,T,58,5.0       ,292.2,15.9
14.014,104.238,308.2,1,1,2016-03-29,15:20,T,13,5.0       ,296.2,7.2
21.773,98.651,314.8,1.5,1.2,2016-03-29,15:25,T,44,5.0       ,273.1,37
21.784,98.65,308.6,1.5,1.2,2016-03-29,15:25,T,62,5.0       ,270.6,28.6
12.922,105.491,306.8,1,1,2016-03-29,15:20,T,49,5.0       ,292.6,9.3
13.234,106.546,312.2,1.1,1,2016-03-29,15:20,T,78,5.0       ,297.5,13.8
13.168,105.933,306.9,1,1,2016-03-29,15:20,T,50,5.0       ,295.9,8.1
13.308,106.341,314.4,1.1,1,2016-03-29,15:20,T,85,5.0       ,297.6,14
13.306,106.332,312,1.1,1,2016-03-29,15:20,T,77,5.0       ,297.5,11.3
13.317,106.34,308.8,1.1,1,2016-03-29,15:20,T,63,5.0       ,297.5,8
13.337,106.36,308.2,1.1,1,2016-03-29,15:20,T,59,5.0       ,297.3,7.9
13.284,105.837,318,1,1,2016-03-29,15:20,T,95,5.0       ,296.7,19.9
13.282,105.827,322.9,1,1,2016-03-29,15:20,T,100,5.0       ,296.6,26.1
13.489,107.281,309.4,1.2,1.1,2016-03-29,15:20,T,66,5.0       ,295.3,13
13.508,107.354,312.9,1.2,1.1,2016-03-29,15:20,T,80,5.0       ,295.5,16.8
13.364,106.288,308.1,1.1,1,2016-03-29,15:20,T,58,5.0       ,297.3,6.9
13.518,107.353,310.7,1.2,1.1,2016-03-29,15:20,T,72,5.0       ,295.3,14.2
13.21,105.115,322.8,1,1,2016-03-29,15:20,T,100,5.0       ,297.6,24.2
13.208,105.106,353,1,1,2016-03-29,15:20,T,100,5.0       ,299.7,78
13.235,105.101,309.7,1,1,2016-03-29,15:20,T,67,5.0       ,296,10.3
13.245,105.109,312.5,1,1,2016-03-29,15:20,T,79,5.0       ,296,12.8
3.954,108.103,308.2,1.2,1.1,2016-03-29,18:15,A,44,5.0       ,284.4,15.4
3.952,108.114,312.8,1.2,1.1,2016-03-29,18:15,A,53,5.0       ,289.7,20.2
3.951,108.107,305.8,1.2,1.1,2016-03-29,18:15,A,37,5.0       ,285.7,11.3
3.773,108.291,307.7,1.2,1.1,2016-03-29,18:15,A,56,5.0       ,293.7,12.4
3.771,108.302,309.3,1.2,1.1,2016-03-29,18:15,A,66,5.0       ,293.4,14.2
3.76,108.311,311.6,1.2,1.1,2016-03-29,18:15,A,26,5.0       ,293.1,15.4
13.538,106.283,316.3,2.2,1.4,2016-03-29,18:10,A,90,5.0       ,295.4,56.6
13.541,106.277,313.4,2.2,1.4,2016-03-29,18:10,A,82,5.0       ,295.3,46.6
13.607,105.513,306.8,2.5,1.5,2016-03-29,18:10,A,49,5.0       ,295.1,36.3
13.28,105.843,312.5,2.4,1.5,2016-03-29,18:10,A,79,5.0       ,293.8,52.8
13.213,105.118,306.3,2.7,1.6,2016-03-29,18:10,A,44,5.0       ,292.6,40.1
12.767,105.769,314.5,2.4,1.5,2016-03-29,18:10,A,85,5.0       ,294.6,54.7
12.765,105.791,306.5,2.4,1.5,2016-03-29,18:10,A,45,5.0       ,294.6,26.1
12.77,105.765,314.5,2.4,1.5,2016-03-29,18:10,A,85,5.0       ,294.6,55.4
12.767,105.786,312.3,2.4,1.5,2016-03-29,18:10,A,78,5.0       ,294.9,46.7
12.73,105.76,309.7,2.4,1.5,2016-03-29,18:10,A,67,5.0       ,294.5,38.3
10.7,106.493,315.4,1.9,1.4,2016-03-29,18:10,A,88,5.0       ,293.9,47.1