latitude,longitude,brightness,scan,track,acq_date,acq_time,satellite,confidence,version,bright_t31,frp
16.553,99.881,316.3,1,1,2016-02-07, 04:00,T,66,5.0       ,300.6,9
16.797,97.933,317.4,1.1,1,2016-02-07, 04:00,T,68,5.0       ,300.3,12.5
16.249,101.576,322.9,1.1,1,2016-02-07, 04:00,T,76,5.0       ,284.8,31.5
16.765,97.959,314.6,1.1,1,2016-02-07, 04:00,T,61,5.0       ,301.1,9.5
16.763,97.969,319.8,1.1,1,2016-02-07, 04:00,T,72,5.0       ,300.4,15.6
15.987,102.909,312.4,1.3,1.1,2016-02-07, 04:00,T,54,5.0       ,289.1,15
16.725,97.974,321.6,1.1,1,2016-02-07, 04:00,T,74,5.0       ,303.2,17.5
16.723,97.984,320.4,1.1,1,2016-02-07, 04:00,T,71,5.0       ,302.5,15
16.709,98.022,318.7,1.1,1,2016-02-07, 04:00,T,65,5.0       ,299.7,14.4
16.284,100.927,331.8,1,1,2016-02-07, 04:00,T,84,5.0       ,295.7,37.1
16.163,101.699,312.8,1.1,1.1,2016-02-07, 04:00,T,56,5.0       ,295.5,10.5
16.169,101.496,311.1,1.1,1,2016-02-07, 04:00,T,46,5.0       ,288,11.1
16.272,100.704,340.7,1,1,2016-02-07, 04:00,T,90,5.0       ,303.1,46.6
16.271,100.713,317.1,1,1,2016-02-07, 04:00,T,67,5.0       ,302.6,10.8
16.433,99.443,316.4,1,1,2016-02-07, 04:00,T,66,5.0       ,295.6,11.8
16.432,99.453,311.2,1,1,2016-02-07, 04:00,T,35,5.0       ,296,6.4
16.284,100.445,325.1,1,1,2016-02-07, 04:00,T,78,5.0       ,303.7,15.3
15.958,102.517,311.2,1.2,1.1,2016-02-07, 04:00,T,47,5.0       ,294.7,11.2
16.275,100.444,321.4,1,1,2016-02-07, 04:00,T,69,5.0       ,304.1,11.7
16.211,100.86,310.6,1,1,2016-02-07, 04:00,T,39,5.0       ,293.5,6.3
16.067,101.782,313.2,1.1,1.1,2016-02-07, 04:00,T,57,5.0       ,297.8,11.1
16.643,97.832,314.9,1.1,1,2016-02-07, 04:00,T,53,5.0       ,300.3,8.8
16.583,98.269,313.9,1.1,1,2016-02-07, 04:00,T,59,5.0       ,299.5,12
16.148,101.161,317.3,1.1,1,2016-02-07, 04:00,T,66,5.0       ,297.1,16.1
16.656,97.619,315.6,1.1,1.1,2016-02-07, 04:00,T,64,5.0       ,294.8,14.7
16.632,97.793,332.2,1.1,1,2016-02-07, 04:00,T,84,5.0       ,301,35.5
16.628,97.823,316.5,1.1,1,2016-02-07, 04:00,T,63,5.0       ,300.9,10.6
16.641,97.659,311.3,1.1,1.1,2016-02-07, 04:00,T,46,5.0       ,298.2,8.3
16.858,95.972,315.8,1.4,1.2,2016-02-07, 04:00,T,19,5.0       ,300.6,12.9
16.626,97.699,310.6,1.1,1,2016-02-07, 04:00,T,41,5.0       ,298.1,6.4
16.599,97.891,320.8,1.1,1,2016-02-07, 04:00,T,65,5.0       ,300.5,16.2
16.849,95.958,319.2,1.4,1.2,2016-02-07, 04:00,T,55,5.0       ,298.7,20.5
16.847,95.971,329.9,1.4,1.2,2016-02-07, 04:00,T,83,5.0       ,300.3,42.2
16.155,100.806,313,1,1,2016-02-07, 04:00,T,54,5.0       ,296.8,8.8
16.604,97.653,316.5,1.1,1.1,2016-02-07, 04:00,T,60,5.0       ,296.1,16.2
16.671,96.694,318,1.2,1.1,2016-02-07, 04:00,T,69,5.0       ,300.4,13.9
15.95,101.655,310.9,1.1,1.1,2016-02-07, 04:00,T,31,5.0       ,290.5,11.4
15.908,101.926,313.4,1.1,1.1,2016-02-07, 04:00,T,58,5.0       ,298.7,10.2
16.037,100.977,310.7,1.1,1,2016-02-07, 04:00,T,32,5.0       ,296.1,6.2
16.161,100.098,315.8,1,1,2016-02-07, 04:00,T,65,5.0       ,288.3,14.9
16.117,100.329,313.1,1,1,2016-02-07, 04:00,T,52,5.0       ,295.6,7.7
15.904,101.585,311.5,1.1,1,2016-02-07, 04:00,T,46,5.0       ,291.9,11.1
15.891,101.566,314.6,1.1,1,2016-02-07, 04:00,T,51,5.0       ,292.9,16.2
15.885,101.607,318,1.1,1.1,2016-02-07, 04:00,T,63,5.0       ,293.2,20.4
16.42,97.925,311.8,1.1,1,2016-02-07, 04:00,T,51,5.0       ,300.2,7.1
15.882,101.565,310.7,1.1,1,2016-02-07, 04:00,T,31,5.0       ,293.1,9.6
15.713,102.633,312.9,1.3,1.1,2016-02-07, 04:00,T,56,5.0       ,293.8,14.2
15.516,103.714,319.5,1.5,1.2,2016-02-07, 04:00,T,71,5.0       ,279.9,38.9
15.533,103.351,315.2,1.4,1.2,2016-02-07, 04:00,T,63,5.0       ,291.5,22.1
15.95,100.521,314.9,1,1,2016-02-07, 04:00,T,62,5.0       ,300,8.2
15.926,100.498,320.1,1,1,2016-02-07, 04:00,T,72,5.0       ,299.2,14.2
16.047,99.567,311.8,1,1,2016-02-07, 04:00,T,51,5.0       ,294,7
15.977,99.597,314.1,1,1,2016-02-07, 04:00,T,60,5.0       ,290.4,11.2
15.512,102.481,313.1,1.2,1.1,2016-02-07, 04:00,T,57,5.0       ,296.7,11.5
15.477,102.7,311.9,1.3,1.1,2016-02-07, 04:00,T,24,5.0       ,296.7,10.1
15.036,105.309,311.4,2,1.4,2016-02-07, 04:00,T,46,5.0       ,297.3,24
15.467,102.698,323.9,1.3,1.1,2016-02-07, 04:00,T,77,5.0       ,298.5,30.5
15.779,100.614,314.7,1,1,2016-02-07, 04:00,T,62,5.0       ,297.6,10
15.07,104.905,310.8,1.8,1.3,2016-02-07, 04:00,T,43,5.0       ,296.7,15.6
15.793,100.397,319.2,1,1,2016-02-07, 04:00,T,71,5.0       ,297.1,14.2
15.792,100.406,319,1,1,2016-02-07, 04:00,T,70,5.0       ,296,14.2
-7.436,141.504,315.8,1.2,1.1,2016-02-07, 00:50,T,60,5.0       ,297,11.1
-7.887,142.043,318.2,1.1,1,2016-02-07, 00:50,T,68,5.0       ,298.1,11.7
17.683,120.842,312.9,1.4,1.2,2016-02-07, 02:20,T,56,5.0       ,293.6,16.5
10.821,123.995,314.5,1,1,2016-02-07, 02:20,T,61,5.0       ,299.1,8.2
10.15,122.986,330.1,1,1,2016-02-07, 02:20,T,83,5.0       ,304.2,21.1
10.149,122.995,326.2,1,1,2016-02-07, 02:20,T,79,5.0       ,303.9,15.9
10.157,122.877,333.6,1,1,2016-02-07, 02:20,T,65,5.0       ,303.7,26.3
8.464,125.008,319.6,1.2,1.1,2016-02-07, 02:20,T,71,5.0       ,293.8,21.6
7.967,125.182,314.4,1.2,1.1,2016-02-07, 02:20,T,18,5.0       ,299,10.7
7.87,125.085,327.3,1.2,1.1,2016-02-07, 02:20,T,80,5.0       ,301,25.2
7.868,125.096,319.2,1.2,1.1,2016-02-07, 02:20,T,49,5.0       ,299.8,11.9
1.126,124.749,313,1.4,1.2,2016-02-07, 02:25,T,45,5.0       ,275.4,25.5
0.185,116.71,320.2,1.5,1.2,2016-02-07, 02:25,T,28,5.0       ,294.2,23.7
-2.577,121.377,366.1,1,1,2016-02-07, 02:25,T,100,5.0       ,291.6,114.3
-2.579,121.386,317.9,1,1,2016-02-07, 02:25,T,69,5.0       ,289.7,14.8
-2.83,122.161,324.2,1.1,1,2016-02-07, 02:25,T,73,5.0       ,291.3,26.1
13.704,104.064,311.1,1.7,1.3,2016-02-07, 04:00,T,39,5.0       ,295.5,18
13.67,104.266,311.6,1.7,1.3,2016-02-07, 04:00,T,50,5.0       ,295.4,20.3
13.629,104.509,320.9,1.8,1.3,2016-02-07, 04:00,T,73,5.0       ,300.5,33.4
13.612,104.609,314.1,1.9,1.3,2016-02-07, 04:00,T,46,5.0       ,297.6,21.1
14.403,99.522,316.5,1,1,2016-02-07, 04:00,T,66,5.0       ,299.3,11.5
13.577,104.603,315.8,1.9,1.3,2016-02-07, 04:00,T,40,5.0       ,299.5,26.7
13.469,105.225,313.3,2.1,1.4,2016-02-07, 04:00,T,31,5.0       ,299.6,17.2
13.466,105.244,314.2,2.1,1.4,2016-02-07, 04:00,T,42,5.0       ,299.2,19.7
14.119,101.255,332.8,1.1,1.1,2016-02-07, 04:00,T,85,5.0       ,299.3,36.7
14.449,99.023,315.9,1,1,2016-02-07, 04:00,T,35,5.0       ,292.5,14.9
13.3,106.029,317.1,2.4,1.5,2016-02-07, 04:00,T,51,5.0       ,298.5,37.9
14.44,99.016,315.4,1,1,2016-02-07, 04:00,T,63,5.0       ,289.4,18.7
14.439,99.025,313.3,1,1,2016-02-07, 04:00,T,57,5.0       ,289.6,16
13.464,105.238,317.2,2.1,1.4,2016-02-07, 04:00,T,39,5.0       ,299.2,28.6
13.525,104.8,315.1,1.9,1.4,2016-02-07, 04:00,T,56,5.0       ,300.5,16.2
13.052,107.553,311.3,3.2,1.7,2016-02-07, 04:00,T,36,5.0       ,292.6,37.6
13.433,105.272,312.1,2.1,1.4,2016-02-07, 04:00,T,36,5.0       ,299.3,17.3
13.304,106.024,314.2,2.4,1.5,2016-02-07, 04:00,T,40,5.0       ,298.3,29.1
13.465,104.935,317.7,2,1.4,2016-02-07, 04:00,T,68,5.0       ,302,26.7
14.014,101.518,328.8,1.2,1.1,2016-02-07, 04:00,T,63,5.0       ,289.4,36
13.413,105.019,318.3,2,1.4,2016-02-07, 04:00,T,69,5.0       ,301,27.6
-9.948,147.983,326.8,1.1,1.1,2016-02-07, 03:40,A,80,5.0       ,294.8,18.4
-8.583,146.702,318.9,1.3,1.1,2016-02-07, 03:40,A,69,5.0       ,288.2,21.8
-8.585,146.69,316.6,1.3,1.1,2016-02-07, 03:40,A,58,5.0       ,288.5,17.6
-3.801,143.784,321,1.7,1.3,2016-02-07, 03:40,A,72,5.0       ,290.2,37.3
-3.803,143.768,322.5,1.7,1.3,2016-02-07, 03:40,A,75,5.0       ,294.3,40.4
-3.804,143.777,329,1.7,1.3,2016-02-07, 03:40,A,82,5.0       ,293,61.9
21.493,107.71,310.8,4.2,1.9,2016-02-07, 05:25,A,43,5.0       ,291.9,110.3
23.032,115.312,316.5,1.2,1.1,2016-02-07, 05:25,A,66,5.0       ,292.8,23.1
23.03,115.301,311.6,1.2,1.1,2016-02-07, 05:25,A,50,5.0       ,291.5,16.1
23.142,115.937,324.3,1.1,1,2016-02-07, 05:25,A,77,5.0       ,294.1,32.8
23.71,116.506,328.5,1,1,2016-02-07, 05:25,A,81,5.0       ,294.8,35.1
23.533,115.315,313.9,1.2,1.1,2016-02-07, 05:25,A,58,5.0       ,292.1,19.8
23.532,115.304,380.8,1.2,1.1,2016-02-07, 05:25,A,100,5.0       ,297.5,209.7
23.53,115.292,326.9,1.2,1.1,2016-02-07, 05:25,A,80,5.0       ,292.2,38.9
23.543,115.313,317.9,1.2,1.1,2016-02-07, 05:25,A,69,5.0       ,291.7,25.6
23.541,115.302,331.9,1.2,1.1,2016-02-07, 05:25,A,84,5.0       ,292.2,49.2
23.814,116.286,362.2,1.1,1,2016-02-07, 05:25,A,100,5.0       ,295.8,113.9
23.812,116.276,322.3,1.1,1,2016-02-07, 05:25,A,75,5.0       ,291.2,28.5
23.847,116.438,341.3,1,1,2016-02-07, 05:25,A,91,5.0       ,290,59.2
23.845,116.428,355.1,1.1,1,2016-02-07, 05:25,A,97,5.0       ,291.7,91.6
23.823,116.284,337.7,1.1,1,2016-02-07, 05:25,A,88,5.0       ,294.2,54.1
23.821,116.274,310.4,1.1,1,2016-02-07, 05:25,A,32,5.0       ,292.2,14.5
23.856,116.436,317.4,1,1,2016-02-07, 05:25,A,68,5.0       ,291.8,21.9
23.854,116.426,329.7,1.1,1,2016-02-07, 05:25,A,83,5.0       ,293.2,39.2
23.88,116.41,318.4,1.1,1,2016-02-07, 05:25,A,69,5.0       ,294.3,23.4
23.896,116.275,325.3,1.1,1,2016-02-07, 05:25,A,78,5.0       ,289.3,33.4
23.656,114.67,311.8,1.3,1.1,2016-02-07, 05:25,A,51,5.0       ,292,18.5
23.959,116.199,321.5,1.1,1,2016-02-07, 05:25,A,74,5.0       ,292.7,27.6
24.125,116.869,322.5,1,1,2016-02-07, 05:25,A,75,5.0       ,292.3,25.6
24.169,116.922,311.8,1,1,2016-02-07, 05:25,A,26,5.0       ,292.3,14
24.163,116.692,341,1,1,2016-02-07, 05:25,A,90,5.0       ,291.3,57.3
24.161,116.682,331.5,1,1,2016-02-07, 05:25,A,84,5.0       ,291.6,40.8
24.092,115.343,322,1.1,1.1,2016-02-07, 05:25,A,75,5.0       ,290.2,33.3
24.208,115.728,325.7,1.1,1,2016-02-07, 05:25,A,79,5.0       ,293.3,32.9
23.87,113.443,311.7,1.5,1.2,2016-02-07, 05:25,A,50,5.0       ,291,26.9
24.209,115.041,329.9,1.2,1.1,2016-02-07, 05:25,A,83,5.0       ,290.7,48
24.207,115.03,315.8,1.2,1.1,2016-02-07, 05:25,A,64,5.0       ,290.5,24.9
24.234,113.887,312.9,1.4,1.2,2016-02-07, 05:25,A,56,5.0       ,291.7,22.8
24.241,113.879,311.9,1.4,1.2,2016-02-07, 05:25,A,51,5.0       ,290.3,21.2
24.305,112.749,312.5,1.6,1.2,2016-02-07, 05:25,A,54,5.0       ,287.5,34
24.617,114.275,310.7,1.3,1.1,2016-02-07, 05:25,A,42,5.0       ,289.1,23.9
24.803,113.794,314.2,1.3,1.2,2016-02-07, 05:25,A,61,5.0       ,290.5,27.8
25.049,114.153,313.3,1.3,1.1,2016-02-07, 05:25,A,57,5.0       ,291.8,21.7
15.101,102.931,310.3,1.3,1.1,2016-02-07, 04:00,T,28,5.0       ,294.1,11.3
14.645,105.656,314.3,2.1,1.4,2016-02-07, 04:00,T,49,5.0       ,300.9,22
15.354,101.215,313.7,1.1,1,2016-02-07, 04:00,T,59,5.0       ,297,10.5
16.139,95.437,311.4,1.5,1.2,2016-02-07, 04:00,T,39,5.0       ,297.2,11
15.23,101.814,317.5,1.2,1.1,2016-02-07, 04:00,T,68,5.0       ,297.3,15.9
15.062,102.787,333,1.3,1.1,2016-02-07, 04:00,T,85,5.0       ,294.9,52.8
15.064,102.781,326.5,1.3,1.1,2016-02-07, 04:00,T,80,5.0       ,294.1,39
15.062,102.793,319,1.3,1.1,2016-02-07, 04:00,T,70,5.0       ,294.6,24.8
15.519,99.458,313.2,1,1,2016-02-07, 04:00,T,49,5.0       ,297.5,7.5
15.303,100.829,313.3,1.1,1,2016-02-07, 04:00,T,55,5.0       ,299.1,8
14.49,105.641,317,2.1,1.4,2016-02-07, 04:00,T,29,5.0       ,300.4,23.3
15.137,101.732,315.9,1.1,1.1,2016-02-07, 04:00,T,30,5.0       ,298.4,11.9
15.039,102.295,348.3,1.2,1.1,2016-02-07, 04:00,T,94,5.0       ,295.7,85.8
15.037,102.306,352.9,1.2,1.1,2016-02-07, 04:00,T,96,5.0       ,297.5,99.6
14.454,105.689,327.7,2.2,1.4,2016-02-07, 04:00,T,81,5.0       ,302.3,67.3
15.983,95.567,315.3,1.4,1.2,2016-02-07, 04:00,T,60,5.0       ,297.5,16.2
15.26,100.689,314.5,1,1,2016-02-07, 04:00,T,61,5.0       ,298.7,10.6
15.25,100.756,322.3,1,1,2016-02-07, 04:00,T,75,5.0       ,300.1,19.8
14.843,102.88,311,1.3,1.1,2016-02-07, 04:00,T,45,5.0       ,293.9,12.9
14.356,105.725,319.6,2.2,1.4,2016-02-07, 04:00,T,71,5.0       ,303,37.9
14.353,105.745,327.5,2.2,1.4,2016-02-07, 04:00,T,81,5.0       ,302.5,71
14.349,105.543,311.2,2.1,1.4,2016-02-07, 04:00,T,47,5.0       ,296.5,33.1
14.204,106.279,317.5,2.4,1.5,2016-02-07, 04:00,T,68,5.0       ,301.3,33.5
15.057,101.159,311.5,1.1,1,2016-02-07, 04:00,T,49,5.0       ,297.8,9
15.056,101.168,316.4,1.1,1,2016-02-07, 04:00,T,66,5.0       ,298.1,14.7
15.036,101.129,312.2,1.1,1,2016-02-07, 04:00,T,53,5.0       ,298,10.1
15.034,101.139,310.5,1.1,1,2016-02-07, 04:00,T,40,5.0       ,298.1,8.2
15.258,99.287,320.6,1,1,2016-02-07, 04:00,T,70,5.0       ,286.5,21
15.257,99.296,316.8,1,1,2016-02-07, 04:00,T,43,5.0       ,287.1,15.6
15.244,99.322,318.7,1,1,2016-02-07, 04:00,T,70,5.0       ,290.2,19.4
14.338,104.863,331.5,1.9,1.3,2016-02-07, 04:00,T,84,5.0       ,300.6,70
14.376,104.742,314,1.8,1.3,2016-02-07, 04:00,T,53,5.0       ,298.2,23.3
14.814,101.966,313.1,1.2,1.1,2016-02-07, 04:00,T,52,5.0       ,287.7,15
13.998,106.877,311.8,2.7,1.6,2016-02-07, 04:00,T,51,5.0       ,298.7,34.6
15.227,99.181,354.4,1,1,2016-02-07, 04:00,T,97,5.0       ,296.6,74.1
14.333,104.856,322.9,1.9,1.3,2016-02-07, 04:00,T,76,5.0       ,300.1,41.8
14.33,104.873,317.1,1.9,1.3,2016-02-07, 04:00,T,54,5.0       ,301,25
15.214,99.208,327.1,1,1,2016-02-07, 04:00,T,64,5.0       ,296.3,23
15.038,100.267,317.4,1,1,2016-02-07, 04:00,T,68,5.0       ,298.4,12.2
14.747,102.135,321,1.2,1.1,2016-02-07, 04:00,T,73,5.0       ,298.4,22.8
15.015,100.359,313.9,1,1,2016-02-07, 04:00,T,60,5.0       ,298.7,9.5
14.051,106.104,314.9,2.4,1.5,2016-02-07, 04:00,T,57,5.0       ,300,24.6
14.048,106.126,327.2,2.4,1.5,2016-02-07, 04:00,T,80,5.0       ,301.7,81.2
15.167,99.219,323.2,1,1,2016-02-07, 04:00,T,53,5.0       ,297.4,19.8
15.166,99.228,322.4,1,1,2016-02-07, 04:00,T,37,5.0       ,295.4,19
15.148,99.22,315.8,1,1,2016-02-07, 04:00,T,35,5.0       ,293.1,13.3
15.07,99.743,318.6,1,1,2016-02-07, 04:00,T,70,5.0       ,299.4,12.3
14.055,106.1,316.5,2.4,1.5,2016-02-07, 04:00,T,31,5.0       ,300.4,27.9
14.052,106.121,324.3,2.4,1.5,2016-02-07, 04:00,T,77,5.0       ,301.9,63.8
15.118,99.234,315,1,1,2016-02-07, 04:00,T,29,5.0       ,293.1,14.7
14.318,104.326,315.5,1.7,1.3,2016-02-07, 04:00,T,61,5.0       ,300.9,20.8
14.315,104.342,314.9,1.7,1.3,2016-02-07, 04:00,T,61,5.0       ,301.1,18.5
14.232,104.832,318.3,1.9,1.3,2016-02-07, 04:00,T,69,5.0       ,301.9,28.5
13.981,106.289,311.3,2.5,1.5,2016-02-07, 04:00,T,47,5.0       ,298.5,30.5
14.909,100.569,313.9,1,1,2016-02-07, 04:00,T,60,5.0       ,298.6,8.7
14.314,104.278,313.5,1.7,1.3,2016-02-07, 04:00,T,58,5.0       ,297.9,19.8
14.271,104.531,326.3,1.8,1.3,2016-02-07, 04:00,T,79,5.0       ,303.1,49.4
14.237,104.66,314.6,1.8,1.3,2016-02-07, 04:00,T,62,5.0       ,301.6,16
14.188,104.877,320.1,1.9,1.3,2016-02-07, 04:00,T,72,5.0       ,301,31.6
14.86,100.708,317.7,1.1,1,2016-02-07, 04:00,T,68,5.0       ,295.4,17.8
14.858,100.717,312,1.1,1,2016-02-07, 04:00,T,52,5.0       ,293.5,11.1
13.926,106.21,310.1,2.4,1.5,2016-02-07, 04:00,T,23,5.0       ,296.3,18.3
14.321,103.893,319.5,1.6,1.2,2016-02-07, 04:00,T,58,5.0       ,296.1,38.6
14.21,104.537,321.2,1.8,1.3,2016-02-07, 04:00,T,71,5.0       ,302.8,31.4
14.121,105.046,314.9,2,1.4,2016-02-07, 04:00,T,56,5.0       ,300.8,16.7
14.84,100.6,312.4,1,1,2016-02-07, 04:00,T,54,5.0       ,296.7,9.2
14.321,103.887,316.1,1.6,1.2,2016-02-07, 04:00,T,45,5.0       ,296.1,29.3
14.13,105.041,321,2,1.4,2016-02-07, 04:00,T,73,5.0       ,301.3,36.8
14.195,104.578,321.4,1.8,1.3,2016-02-07, 04:00,T,74,5.0       ,302.1,31.5
15.036,99.168,311.5,1,1,2016-02-07, 04:00,T,5,5.0       ,289.5,10.8
15.034,99.177,313.3,1,1,2016-02-07, 04:00,T,17,5.0       ,291.2,11.9
14.316,103.782,315.6,1.6,1.2,2016-02-07, 04:00,T,61,5.0       ,298.1,22.4
14.084,105.162,313.2,2,1.4,2016-02-07, 04:00,T,48,5.0       ,297.3,22.1
14.307,103.766,310.4,1.6,1.2,2016-02-07, 04:00,T,17,5.0       ,297.5,10.7
14.305,103.78,311.3,1.6,1.2,2016-02-07, 04:00,T,33,5.0       ,298.1,13.7
15.039,99.018,315.4,1,1,2016-02-07, 04:00,T,59,5.0       ,292.6,13.5
15.038,99.027,324,1,1,2016-02-07, 04:00,T,77,5.0       ,293.9,23.2
15.018,99.165,320.9,1,1,2016-02-07, 04:00,T,45,5.0       ,291,20.2
14.56,102.149,312,1.2,1.1,2016-02-07, 04:00,T,52,5.0       ,297.1,9.3
14.558,102.16,329.8,1.2,1.1,2016-02-07, 04:00,T,83,5.0       ,297.1,39
14.075,105.068,320.7,2,1.4,2016-02-07, 04:00,T,71,5.0       ,298.1,45.4
15.009,99.164,316.2,1,1,2016-02-07, 04:00,T,42,5.0       ,291,15.1
14.949,99.568,328.6,1,1,2016-02-07, 04:00,T,82,5.0       ,295,27
14.948,99.577,324.1,1,1,2016-02-07, 04:00,T,77,5.0       ,297,19.9
14.063,105.065,314,2,1.4,2016-02-07, 04:00,T,33,5.0       ,296.7,26.2
14.093,104.818,318.2,1.9,1.3,2016-02-07, 04:00,T,69,5.0       ,301.9,23
13.962,105.568,313.3,2.2,1.4,2016-02-07, 04:00,T,38,5.0       ,300.6,21.6
13.848,106.212,312.2,2.4,1.5,2016-02-07, 04:00,T,17,5.0       ,298.3,22.8
13.844,106.234,315.8,2.4,1.5,2016-02-07, 04:00,T,39,5.0       ,300.3,43.2
14.545,102.055,310.8,1.2,1.1,2016-02-07, 04:00,T,30,5.0       ,296.3,8.7
14.211,104.065,316.8,1.6,1.3,2016-02-07, 04:00,T,67,5.0       ,301.6,21.2
14.114,104.631,316.5,1.8,1.3,2016-02-07, 04:00,T,39,5.0       ,299.2,24
13.892,105.888,314.8,2.3,1.5,2016-02-07, 04:00,T,62,5.0       ,298.3,36
14.536,102.053,312.7,1.2,1.1,2016-02-07, 04:00,T,50,5.0       ,293.9,10.9
14.294,103.556,312.4,1.5,1.2,2016-02-07, 04:00,T,54,5.0       ,299.3,11.4
14.982,99.032,312.6,1,1,2016-02-07, 04:00,T,47,5.0       ,294.5,10.6
14.63,101.367,317.6,1.1,1.1,2016-02-07, 04:00,T,68,5.0       ,292,20.4
14.107,104.625,319.2,1.8,1.3,2016-02-07, 04:00,T,36,5.0       ,301.3,29.1
13.895,105.883,318.4,2.3,1.5,2016-02-07, 04:00,T,70,5.0       ,298.5,49.7
14.526,101.911,312.7,1.2,1.1,2016-02-07, 04:00,T,41,5.0       ,290,18.8
14.524,101.922,321.7,1.2,1.1,2016-02-07, 04:00,T,70,5.0       ,292.3,30.2
14.299,103.32,320,1.5,1.2,2016-02-07, 04:00,T,72,5.0       ,298.7,26.2
14.078,104.654,318,1.8,1.3,2016-02-07, 04:00,T,64,5.0       ,299.7,27.9
13.952,105.246,319.4,2,1.4,2016-02-07, 04:00,T,43,5.0       ,302.2,46.2
13.936,105.34,319.3,2.1,1.4,2016-02-07, 04:00,T,51,5.0       ,300.8,34.1
13.846,105.853,314.1,2.3,1.5,2016-02-07, 04:00,T,55,5.0       ,297.4,26
13.927,105.319,318.7,2.1,1.4,2016-02-07, 04:00,T,70,5.0       ,300,33.1
13.923,105.337,319,2.1,1.4,2016-02-07, 04:00,T,70,5.0       ,299.8,35.2
14.924,99.051,313.4,1,1,2016-02-07, 04:00,T,56,5.0       ,296.7,9.9
13.987,104.901,319.5,1.9,1.4,2016-02-07, 04:00,T,71,5.0       ,301.4,31.2
13.984,104.918,315.1,1.9,1.4,2016-02-07, 04:00,T,48,5.0       ,301.7,20.3
13.996,104.778,333.9,1.9,1.3,2016-02-07, 04:00,T,82,5.0       ,300.5,70.5
14.621,100.936,313,1.1,1,2016-02-07, 04:00,T,56,5.0       ,298.6,9.2
14.003,104.773,328.8,1.9,1.3,2016-02-07, 04:00,T,61,5.0       ,301.5,54.1
13.994,104.753,325.9,1.9,1.3,2016-02-07, 04:00,T,60,5.0       ,300.4,48.8
13.988,104.787,321,1.9,1.3,2016-02-07, 04:00,T,68,5.0       ,300.2,34.8
16.271,102.867,310.2,1.3,1.1,2016-02-07, 04:00,T,32,5.0       ,291.1,9.9
16.714,99.79,317.2,1,1,2016-02-07, 04:00,T,67,5.0       ,299.7,11.7
16.04,103.829,311.2,1.5,1.2,2016-02-07, 04:00,T,47,5.0       ,293.1,15.9
16.038,103.843,311.1,1.5,1.2,2016-02-07, 04:00,T,46,5.0       ,293.1,15.6
16.332,101.92,311.1,1.1,1.1,2016-02-07, 04:00,T,26,5.0       ,296,10
17.107,96.331,314.1,1.3,1.1,2016-02-07, 04:00,T,60,5.0       ,298,13.5
16.841,97.935,311.7,1.1,1,2016-02-07, 04:00,T,50,5.0       ,299.9,6.3
14.589,100.975,310.5,1.1,1,2016-02-07, 04:00,T,39,5.0       ,296.8,7.5
14.091,104.094,316.9,1.7,1.3,2016-02-07, 04:00,T,67,5.0       ,295.5,25
13.891,105.286,323.3,2.1,1.4,2016-02-07, 04:00,T,72,5.0       ,299.2,61.8
14.166,103.57,319.8,1.5,1.2,2016-02-07, 04:00,T,72,5.0       ,300.6,24
14.087,104.046,314.2,1.7,1.3,2016-02-07, 04:00,T,56,5.0       ,298,18
14.085,104.061,326.1,1.7,1.3,2016-02-07, 04:00,T,79,5.0       ,297.1,47.7
14.867,98.999,311.5,1,1,2016-02-07, 04:00,T,33,5.0       ,296,10
14.118,103.795,315.3,1.6,1.2,2016-02-07, 04:00,T,63,5.0       ,293.9,21.4
14.115,103.809,327.1,1.6,1.2,2016-02-07, 04:00,T,80,5.0       ,296.5,50
14.027,104.337,315.7,1.7,1.3,2016-02-07, 04:00,T,64,5.0       ,298.8,24.4
14.579,100.853,326.1,1.1,1,2016-02-07, 04:00,T,79,5.0       ,298.9,26.5
14.179,103.293,310.2,1.5,1.2,2016-02-07, 04:00,T,32,5.0       ,295.1,10.1
14.141,103.523,312.4,1.5,1.2,2016-02-07, 04:00,T,54,5.0       ,297.7,11.6
14.138,103.537,313.1,1.5,1.2,2016-02-07, 04:00,T,57,5.0       ,298.5,11.9
14.018,104.254,316.7,1.7,1.3,2016-02-07, 04:00,T,64,5.0       ,292.9,31.1
14.015,104.27,313.7,1.7,1.3,2016-02-07, 04:00,T,59,5.0       ,295.5,23.7
13.928,104.777,320,1.9,1.3,2016-02-07, 04:00,T,72,5.0       ,299,35.3
14.03,104.114,316.8,1.7,1.3,2016-02-07, 04:00,T,67,5.0       ,294.8,34.7
13.799,105.446,314.8,2.1,1.4,2016-02-07, 04:00,T,62,5.0       ,301.2,21.6
14.033,103.96,312.1,1.6,1.3,2016-02-07, 04:00,T,39,5.0       ,290.8,19.1
13.799,105.44,314.7,2.1,1.4,2016-02-07, 04:00,T,45,5.0       ,301.1,19.7
14.031,103.969,316.3,1.6,1.3,2016-02-07, 04:00,T,66,5.0       ,291.5,30.3
14.556,100.527,318.7,1,1,2016-02-07, 04:00,T,70,5.0       ,295.2,18.6
13.958,104.27,316.3,1.7,1.3,2016-02-07, 04:00,T,64,5.0       ,296.7,26.3
13.812,105.133,315.3,2,1.4,2016-02-07, 04:00,T,36,5.0       ,300.4,25.6
14.034,103.745,315.4,1.6,1.2,2016-02-07, 04:00,T,29,5.0       ,294.4,17.7
13.893,104.373,315.9,1.8,1.3,2016-02-07, 04:00,T,65,5.0       ,299.8,21.7
13.89,104.389,318.7,1.8,1.3,2016-02-07, 04:00,T,70,5.0       ,300.4,28.4
13.98,103.794,328.3,1.6,1.2,2016-02-07, 04:00,T,81,5.0       ,288.7,57.3
13.978,103.809,320.7,1.6,1.2,2016-02-07, 04:00,T,63,5.0       ,288.5,38.3
13.969,103.792,316.9,1.6,1.2,2016-02-07, 04:00,T,49,5.0       ,291.3,28.6
13.967,103.807,313.2,1.6,1.2,2016-02-07, 04:00,T,20,5.0       ,289.8,21.5
13.603,105.883,328.6,2.3,1.5,2016-02-07, 04:00,T,82,5.0       ,300.6,85.1
13.977,103.802,331.6,1.6,1.2,2016-02-07, 04:00,T,84,5.0       ,289.5,67.8
13.646,105.797,317.6,2.3,1.5,2016-02-07, 04:00,T,66,5.0       ,300.3,41.3
13.828,104.642,315.5,1.9,1.3,2016-02-07, 04:00,T,64,5.0       ,301.6,20.4
14.682,99.127,312.4,1,1,2016-02-07, 04:00,T,48,5.0       ,293.2,10.6
14.681,99.136,315.9,1,1,2016-02-07, 04:00,T,65,5.0       ,292.8,15.4
13.606,105.876,326.7,2.3,1.5,2016-02-07, 04:00,T,80,5.0       ,301.8,77.8
13.602,105.897,313.7,2.3,1.5,2016-02-07, 04:00,T,42,5.0       ,299.6,20.1
14.677,99.098,311.9,1,1,2016-02-07, 04:00,T,27,5.0       ,296.8,7.2
14.648,99.3,314.4,1,1,2016-02-07, 04:00,T,56,5.0       ,292.4,16.1
13.84,104.424,316.6,1.8,1.3,2016-02-07, 04:00,T,65,5.0       ,298.2,25.1
13.831,104.405,316.5,1.8,1.3,2016-02-07, 04:00,T,54,5.0       ,298.8,26.2
14.733,98.589,321.1,1,1,2016-02-07, 04:00,T,72,5.0       ,289,22.8
13.87,104.105,324.5,1.7,1.3,2016-02-07, 04:00,T,78,5.0       ,291.9,45.3
14.726,98.578,311,1,1,2016-02-07, 04:00,T,24,5.0       ,289.8,11.1
14.724,98.587,315,1,1,2016-02-07, 04:00,T,54,5.0       ,290.5,15.6
14.648,99.112,313,1,1,2016-02-07, 04:00,T,37,5.0       ,297.1,7.9
13.508,106.125,316.6,2.4,1.5,2016-02-07, 04:00,T,61,5.0       ,302.2,30.8
13.96,103.298,313.8,1.5,1.2,2016-02-07, 04:00,T,58,5.0       ,296.4,11.5
13.957,103.292,317.2,1.5,1.2,2016-02-07, 04:00,T,67,5.0       ,296.7,19.5
13.58,105.57,311.7,2.2,1.4,2016-02-07, 04:00,T,50,5.0       ,294,38.1
14.654,98.628,346,1,1,2016-02-07, 04:00,T,93,5.0       ,293.3,64.2
14.653,98.637,327.7,1,1,2016-02-07, 04:00,T,81,5.0       ,292.5,31.6
13.778,104.243,315.8,1.7,1.3,2016-02-07, 04:00,T,64,5.0       ,295.9,23.1
13.743,104.451,312.5,1.8,1.3,2016-02-07, 04:00,T,50,5.0       ,297.6,12.3
13.243,107.089,314.2,2.9,1.6,2016-02-07, 04:00,T,60,5.0       ,299.3,30.8
13.753,104.111,329.6,1.7,1.3,2016-02-07, 04:00,T,82,5.0       ,294.5,64.3
14.106,101.852,312.2,1.2,1.1,2016-02-07, 04:00,T,50,5.0       ,295.6,9.5
13.352,106.251,317.1,2.5,1.5,2016-02-07, 04:00,T,62,5.0       ,297.9,43.5
14.18,101.233,310.4,1.1,1.1,2016-02-07, 04:00,T,28,5.0       ,295,7.2
13.714,104.145,310.7,1.7,1.3,2016-02-07, 04:00,T,37,5.0       ,294.5,16.7
13.703,104.207,313.1,1.7,1.3,2016-02-07, 04:00,T,56,5.0       ,294.6,22.9
13.666,104.431,313.6,1.8,1.3,2016-02-07, 04:00,T,44,5.0       ,299,16.4
13.666,104.364,315.6,1.8,1.3,2016-02-07, 04:00,T,57,5.0       ,297.5,23.2
13.345,106.243,322.4,2.5,1.5,2016-02-07, 04:00,T,75,5.0       ,297.6,76.5
14.289,100.398,311.9,1,1,2016-02-07, 04:00,T,51,5.0       ,294.3,10.7
14.168,101.19,317.5,1.1,1,2016-02-07, 04:00,T,68,5.0       ,295.4,15.2
14.166,101.2,319.1,1.1,1.1,2016-02-07, 04:00,T,71,5.0       ,295.3,17.1
13.357,105.337,312.3,2.1,1.4,2016-02-07, 04:00,T,46,5.0       ,297.9,21.9
14.317,99.296,335.4,1,1,2016-02-07, 04:00,T,87,5.0       ,288.8,41.7
13.357,105.33,313.4,2.1,1.4,2016-02-07, 04:00,T,50,5.0       ,298.3,24.2
14.288,99.304,311.7,1,1,2016-02-07, 04:00,T,26,5.0       ,289.5,10.8
14.285,99.322,312.4,1,1,2016-02-07, 04:00,T,33,5.0       ,290.6,10.7
14.283,99.332,312.4,1,1,2016-02-07, 04:00,T,53,5.0       ,291.6,11
13.941,101.586,316.9,1.2,1.1,2016-02-07, 04:00,T,67,5.0       ,285.8,21.6
13.68,103.158,311.1,1.5,1.2,2016-02-07, 04:00,T,46,5.0       ,290.5,14.4
13.652,103.332,314.1,1.5,1.2,2016-02-07, 04:00,T,56,5.0       ,296.5,15.7
13.424,104.704,319.1,1.9,1.3,2016-02-07, 04:00,T,71,5.0       ,301.2,28.8
13.421,104.721,325.6,1.9,1.3,2016-02-07, 04:00,T,79,5.0       ,299.9,49.1
13.38,104.968,315.8,2,1.4,2016-02-07, 04:00,T,56,5.0       ,300.2,21.4
13.376,104.987,316,2,1.4,2016-02-07, 04:00,T,58,5.0       ,301.1,20.9
13.641,103.261,322.5,1.5,1.2,2016-02-07, 04:00,T,75,5.0       ,288.9,37.7
13.63,103.259,320.5,1.5,1.2,2016-02-07, 04:00,T,73,5.0       ,289.7,34.1
12.979,106.938,314.3,2.9,1.6,2016-02-07, 04:00,T,61,5.0       ,298.1,41.2
13.424,104.277,311.8,1.8,1.3,2016-02-07, 04:00,T,47,5.0       ,295.3,13.5
12.977,106.933,314.6,2.9,1.6,2016-02-07, 04:00,T,61,5.0       ,298.3,41.7
13.312,104.822,311.7,2,1.4,2016-02-07, 04:00,T,28,5.0       ,297.7,22.8
13.338,104.595,325.8,1.9,1.3,2016-02-07, 04:00,T,79,5.0       ,298.2,58
13.306,104.713,331.3,1.9,1.4,2016-02-07, 04:00,T,84,5.0       ,302.5,71.5
14.176,99.188,315.7,1,1,2016-02-07, 04:00,T,64,5.0       ,293.8,14.8
13.758,101.781,317.8,1.2,1.1,2016-02-07, 04:00,T,68,5.0       ,290.6,23.7
14.124,99.099,328.1,1,1,2016-02-07, 04:00,T,81,5.0       ,297.7,29.1
14.083,99.317,330.1,1,1,2016-02-07, 04:00,T,83,5.0       ,299.7,29.4
13.745,101.531,320.4,1.2,1.1,2016-02-07, 04:00,T,73,5.0       ,292.3,24.3
29.689,114.928,310.5,1,1,2016-02-07, 05:30,A,39,5.0       ,288.7,12.8
29.684,114.896,312.4,1,1,2016-02-07, 05:30,A,53,5.0       ,287.4,15.7
29.734,115.159,316.7,1,1,2016-02-07, 05:30,A,66,5.0       ,289.3,22.2
29.718,114.932,322.1,1,1,2016-02-07, 05:30,A,42,5.0       ,289.6,24.9
29.716,114.922,315.9,1,1,2016-02-07, 05:30,A,37,5.0       ,289.2,17.9
29.748,115.068,321.6,1,1,2016-02-07, 05:30,A,74,5.0       ,289.4,26.6
29.727,114.931,332.7,1,1,2016-02-07, 05:30,A,63,5.0       ,290.4,39.7
29.717,114.867,324.1,1.1,1,2016-02-07, 05:30,A,77,5.0       ,289,32.3
29.715,114.856,328.5,1.1,1,2016-02-07, 05:30,A,81,5.0       ,290.6,38.9
29.747,114.938,331.8,1,1,2016-02-07, 05:30,A,84,5.0       ,289,42
29.143,111.369,310.1,1.6,1.2,2016-02-07, 05:30,A,27,5.0       ,291.6,24.3
29.248,111.615,311.1,1.5,1.2,2016-02-07, 05:30,A,46,5.0       ,292,23.9
29.821,114.937,318.6,1,1,2016-02-07, 05:30,A,70,5.0       ,288.9,24
29.885,115.175,313.9,1,1,2016-02-07, 05:30,A,60,5.0       ,289.9,15.6
29.863,115.027,318.5,1,1,2016-02-07, 05:30,A,70,5.0       ,288.4,23.4
29.955,115.516,312.6,1,1,2016-02-07, 05:30,A,55,5.0       ,289,16
29.698,113.865,318,1.1,1.1,2016-02-07, 05:30,A,59,5.0       ,290.1,24.5
29.697,113.854,331.9,1.1,1.1,2016-02-07, 05:30,A,84,5.0       ,291.1,46.8
29.702,113.859,315.9,1.1,1.1,2016-02-07, 05:30,A,65,5.0       ,289.7,24.6
29.928,115.161,334.1,1,1,2016-02-07, 05:30,A,86,5.0       ,287.1,46.3
29.889,114.907,310.5,1,1,2016-02-07, 05:30,A,39,5.0       ,289.4,15.2
30.162,116.686,315,1,1,2016-02-07, 05:30,A,62,5.0       ,285.9,19.2
29.163,110.67,322.6,1.8,1.3,2016-02-07, 05:30,A,75,5.0       ,282,65.9
29.159,110.652,315.4,1.8,1.3,2016-02-07, 05:30,A,64,5.0       ,283.5,47.3
29.963,115.208,323,1,1,2016-02-07, 05:30,A,76,5.0       ,287.8,28.7
29.962,115.197,318.6,1,1,2016-02-07, 05:30,A,70,5.0       ,290.5,22.8
30.031,115.474,313.6,1,1,2016-02-07, 05:30,A,58,5.0       ,287.6,17.7
30.267,117.048,317.7,1,1,2016-02-07, 05:30,A,68,5.0       ,285.8,24.4
29.949,114.872,313.4,1,1,2016-02-07, 05:30,A,58,5.0       ,289.3,18.2
30.156,116.185,321.3,1,1,2016-02-07, 05:30,A,74,5.0       ,286.7,27.3
30,115.085,315.6,1,1,2016-02-07, 05:30,A,16,5.0       ,287.2,19
29.999,115.075,344,1,1,2016-02-07, 05:30,A,92,5.0       ,289.8,62.3
29.994,115.043,319,1,1,2016-02-07, 05:30,A,56,5.0       ,287.1,21.1
29.992,115.032,318.5,1,1,2016-02-07, 05:30,A,65,5.0       ,287.9,20.9
29.989,115.011,319.8,1,1,2016-02-07, 05:30,A,72,5.0       ,287.6,24.1
30.008,115.073,316.5,1,1,2016-02-07, 05:30,A,39,5.0       ,287.4,19.8
30.006,115.062,323.6,1,1,2016-02-07, 05:30,A,66,5.0       ,288.4,27.5
29.979,114.826,345.4,1,1,2016-02-07, 05:30,A,93,5.0       ,290.5,69.8
30.016,115.006,316.5,1,1,2016-02-07, 05:30,A,66,5.0       ,288.6,21.6
29.988,114.824,344.4,1,1,2016-02-07, 05:30,A,92,5.0       ,289.3,67.1
30.065,115.202,311.5,1,1,2016-02-07, 05:30,A,46,5.0       ,286.6,14.3
29.706,112.972,351.1,1.3,1.1,2016-02-07, 05:30,A,96,5.0       ,294.3,105.1
29.703,112.96,317.5,1.3,1.1,2016-02-07, 05:30,A,68,5.0       ,291.3,26.9
30.219,116.183,310.4,1,1,2016-02-07, 05:30,A,28,5.0       ,286.8,13.7
30.082,115.253,326.3,1,1,2016-02-07, 05:30,A,79,5.0       ,285.6,31
30.08,115.242,322.5,1,1,2016-02-07, 05:30,A,75,5.0       ,285.6,25.7
30.213,116.015,312.3,1,1,2016-02-07, 05:30,A,54,5.0       ,285.6,16.1
30.189,115.851,331.1,1,1,2016-02-07, 05:30,A,84,5.0       ,287.5,42.4
30.103,115.27,344.9,1,1,2016-02-07, 05:30,A,93,5.0       ,287.6,63.8
30.093,115.207,318.2,1,1,2016-02-07, 05:30,A,69,5.0       ,287.3,20.8
30.092,115.197,312.1,1,1,2016-02-07, 05:30,A,29,5.0       ,288.3,13.7
30.04,114.857,313.5,1,1,2016-02-07, 05:30,A,58,5.0       ,288.2,17.5
30.256,116.244,313.2,1,1,2016-02-07, 05:30,A,57,5.0       ,285.8,18.3
30.101,115.2,314.4,1,1,2016-02-07, 05:30,A,61,5.0       ,287.3,19.9
30.116,115.24,314.2,1,1,2016-02-07, 05:30,A,33,5.0       ,287.8,16.3
30.238,115.994,311.1,1,1,2016-02-07, 05:30,A,30,5.0       ,286,15.2
30.158,115.457,320.7,1,1,2016-02-07, 05:30,A,73,5.0       ,287.1,25.6
30.029,114.621,326.1,1.1,1,2016-02-07, 05:30,A,79,5.0       ,289.1,35.2
30.063,114.714,313.1,1.1,1,2016-02-07, 05:30,A,36,5.0       ,287.7,14.8
30.05,114.572,322.7,1.1,1,2016-02-07, 05:30,A,76,5.0       ,288.5,29.5
30.048,114.561,312.3,1.1,1,2016-02-07, 05:30,A,54,5.0       ,289.1,17.6
30.24,115.761,323.7,1,1,2016-02-07, 05:30,A,77,5.0       ,286.3,32.3
30.284,115.996,311.8,1,1,2016-02-07, 05:30,A,42,5.0       ,284.2,17.5
30.238,115.687,317.9,1,1,2016-02-07, 05:30,A,69,5.0       ,285.9,20.9
30.321,116.189,319.9,1,1,2016-02-07, 05:30,A,72,5.0       ,285.2,25.8
30.32,116.179,330.6,1,1,2016-02-07, 05:30,A,83,5.0       ,286.3,39.9
29.297,110.083,365.9,1.9,1.4,2016-02-07, 05:30,A,100,5.0       ,292.5,304.9
29.283,110.006,318.9,1.9,1.4,2016-02-07, 05:30,A,70,5.0       ,284.1,64.9
30.169,115.038,314.9,1,1,2016-02-07, 05:30,A,62,5.0       ,289.4,21
30.124,114.75,310.9,1.1,1,2016-02-07, 05:30,A,44,5.0       ,288.2,15.1
29.294,110.099,324.5,1.9,1.3,2016-02-07, 05:30,A,78,5.0       ,285.9,78.9
29.29,110.079,327.4,1.9,1.4,2016-02-07, 05:30,A,80,5.0       ,287,89.5
30.153,114.877,318.2,1,1,2016-02-07, 05:30,A,69,5.0       ,289.6,22.4
30.123,114.684,317.1,1.1,1,2016-02-07, 05:30,A,67,5.0       ,289.2,23.3
30.121,114.673,329,1.1,1,2016-02-07, 05:30,A,82,5.0       ,290.7,39.7
29.306,110.095,328.6,1.9,1.3,2016-02-07, 05:30,A,70,5.0       ,288.2,89.5
29.302,110.075,332.6,1.9,1.4,2016-02-07, 05:30,A,78,5.0       ,290.4,105.8
30.448,116.496,337.8,1,1,2016-02-07, 05:30,A,88,5.0       ,286.5,50.9
13.266,104.472,314.3,1.8,1.3,2016-02-07, 04:00,T,54,5.0       ,296.8,25.8
14.081,99.083,310,1,1,2016-02-07, 04:00,T,8,5.0       ,295.3,7
13.977,99.594,314.7,1,1,2016-02-07, 04:00,T,55,5.0       ,297.3,11
13.918,99.868,310.2,1,1,2016-02-07, 04:00,T,33,5.0       ,297.9,6.3
13.485,102.585,327.2,1.3,1.1,2016-02-07, 04:00,T,80,5.0       ,284.2,44.9
14.04,98.921,310.4,1,1,2016-02-07, 04:00,T,14,5.0       ,284.4,10.2
13.992,99.185,325.8,1,1,2016-02-07, 04:00,T,79,5.0       ,300.1,20.8
14.019,98.937,315.7,1,1,2016-02-07, 04:00,T,64,5.0       ,289.1,16.2
13.954,99.126,312.6,1,1,2016-02-07, 04:00,T,54,5.0       ,295.9,11.4
13.623,101.316,319.4,1.1,1.1,2016-02-07, 04:00,T,71,5.0       ,290,22.4
12.863,105.914,312.3,2.4,1.5,2016-02-07, 04:00,T,40,5.0       ,297.1,28.8
13.878,99.516,376.4,1,1,2016-02-07, 04:00,T,100,5.0       ,304.3,141.5
13.877,99.526,362.1,1,1,2016-02-07, 04:00,T,100,5.0       ,303.2,94.1
13.364,102.762,310.5,1.4,1.2,2016-02-07, 04:00,T,40,5.0       ,284.2,14.4
13.912,98.979,321,1,1,2016-02-07, 04:00,T,73,5.0       ,293.4,21.4
12.861,105.46,312.4,2.2,1.4,2016-02-07, 04:00,T,49,5.0       ,298.8,31.3
13.888,99.079,312.2,1,1,2016-02-07, 04:00,T,53,5.0       ,294,12.1
12.862,105.455,311,2.2,1.4,2016-02-07, 04:00,T,42,5.0       ,299,28.3
13.871,99.005,310.3,1,1,2016-02-07, 04:00,T,29,5.0       ,294.7,8.7
13.862,99.003,311.7,1,1,2016-02-07, 04:00,T,46,5.0       ,294.6,10.1
13.86,98.956,315.4,1,1,2016-02-07, 04:00,T,64,5.0       ,290.7,15.6
13.959,98.084,316.1,1,1,2016-02-07, 04:00,T,0,5.0       ,273.6,23.1
13.824,98.951,310.5,1,1,2016-02-07, 04:00,T,32,5.0       ,286,12.8
12.75,105.575,312.8,2.3,1.5,2016-02-07, 04:00,T,56,5.0       ,294.3,38.1
13.73,99.275,311.3,1,1,2016-02-07, 04:00,T,42,5.0       ,295.6,9.8
13.728,99.284,314.5,1,1,2016-02-07, 04:00,T,60,5.0       ,294.8,13.3
12.702,105.545,316.5,2.3,1.5,2016-02-07, 04:00,T,65,5.0       ,298.4,47.2
12.663,105.688,315.1,2.3,1.5,2016-02-07, 04:00,T,63,5.0       ,295.9,33.9
13.741,98.951,325.4,1,1,2016-02-07, 04:00,T,73,5.0       ,290.4,28.2
13.74,98.96,316.8,1,1,2016-02-07, 04:00,T,54,5.0       ,291.3,16.2
13.682,99.352,325.8,1,1,2016-02-07, 04:00,T,79,5.0       ,296.5,26.2
13.547,100.242,324.6,1,1,2016-02-07, 04:00,T,78,5.0       ,286,26.7
13.546,100.251,331,1,1,2016-02-07, 04:00,T,84,5.0       ,287.7,36.2
13.688,99.185,315.6,1,1,2016-02-07, 04:00,T,53,5.0       ,293.6,15.8
12.726,105.103,317.4,2.1,1.4,2016-02-07, 04:00,T,59,5.0       ,300.7,26.8
13.701,98.967,325.9,1,1,2016-02-07, 04:00,T,79,5.0       ,289.8,29.7
13.7,98.976,317.9,1,1,2016-02-07, 04:00,T,69,5.0       ,289.2,19.4
12.722,105.116,316.5,2.1,1.4,2016-02-07, 04:00,T,66,5.0       ,300.7,25.3
12.579,105.646,315.5,2.3,1.5,2016-02-07, 04:00,T,64,5.0       ,298.7,28.5
13.553,99.348,321.1,1,1,2016-02-07, 04:00,T,73,5.0       ,297,17.4
12.298,106.711,325,2.9,1.6,2016-02-07, 04:00,T,78,5.0       ,299.3,83.4
12.284,106.709,322.8,2.9,1.6,2016-02-07, 04:00,T,76,5.0       ,298.5,68.7
19.474,105.364,323,1.6,1.3,2016-02-07, 04:00,T,76,5.0       ,291.6,57
19.472,105.38,321.3,1.6,1.3,2016-02-07, 04:00,T,74,5.0       ,293.6,52
19.769,100.139,313.3,1,1,2016-02-07, 04:00,T,58,5.0       ,297,9.1
19.73,100.219,311.3,1,1,2016-02-07, 04:00,T,41,5.0       ,296.6,9.4
19.473,101.621,310.5,1,1,2016-02-07, 04:00,T,39,5.0       ,290.8,15.3
19.761,98.964,312.2,1.1,1,2016-02-07, 04:00,T,43,5.0       ,297.9,10
19.624,99.929,310.2,1,1,2016-02-07, 04:00,T,31,5.0       ,296,7.7
19.028,103.519,320.6,1.3,1.1,2016-02-07, 04:00,T,73,5.0       ,289.8,35.4
18.121,104.221,313.5,1.4,1.2,2016-02-07, 04:00,T,58,5.0       ,296,21.7
18.678,95.327,321.4,1.6,1.3,2016-02-07, 04:00,T,74,5.0       ,301.5,29.3
17.415,103.706,318.5,1.4,1.2,2016-02-07, 04:00,T,70,5.0       ,295.5,25.9
17.273,104.533,310.5,1.6,1.2,2016-02-07, 04:00,T,39,5.0       ,298.8,13.5
17.856,100.906,313.4,1,1,2016-02-07, 04:00,T,58,5.0       ,293,13.3
17.206,104.515,311.5,1.6,1.2,2016-02-07, 04:00,T,49,5.0       ,298.1,15.9
17.218,104.254,311.8,1.5,1.2,2016-02-07, 04:00,T,51,5.0       ,299.1,13.1
17.213,104.261,310.2,1.5,1.2,2016-02-07, 04:00,T,33,5.0       ,298.8,11.1
17.754,100.549,316.8,1,1,2016-02-07, 04:00,T,67,5.0       ,296.3,14.5
17.347,103.068,312.2,1.3,1.1,2016-02-07, 04:00,T,53,5.0       ,296.9,12.4
17.764,100.229,321.6,1,1,2016-02-07, 04:00,T,74,5.0       ,294.6,21.2
17.143,103.799,310,1.4,1.2,2016-02-07, 04:00,T,23,5.0       ,296.1,11.1
17.155,103.601,310.2,1.4,1.2,2016-02-07, 04:00,T,27,5.0       ,294.3,16.8
17.348,102.373,314.1,1.2,1.1,2016-02-07, 04:00,T,60,5.0       ,297.8,11.8
17.343,102.405,322.4,1.2,1.1,2016-02-07, 04:00,T,68,5.0       ,297.6,22.7
17.341,102.416,315.2,1.2,1.1,2016-02-07, 04:00,T,20,5.0       ,297.3,13.6
17.345,102.366,313.4,1.2,1.1,2016-02-07, 04:00,T,58,5.0       ,297.8,12.1
17.34,102.398,310.8,1.2,1.1,2016-02-07, 04:00,T,28,5.0       ,297.4,7.8
17.338,102.409,322.5,1.2,1.1,2016-02-07, 04:00,T,75,5.0       ,297.6,24.9
17.336,102.419,313,1.2,1.1,2016-02-07, 04:00,T,51,5.0       ,297.3,12
17.537,100.266,313.8,1,1,2016-02-07, 04:00,T,59,5.0       ,300.3,6.6
17.006,103.642,310.6,1.4,1.2,2016-02-07, 04:00,T,25,5.0       ,297.7,12.7
17.089,102.886,313.2,1.2,1.1,2016-02-07, 04:00,T,57,5.0       ,298.7,11.1
17.483,100.325,314.4,1,1,2016-02-07, 04:00,T,61,5.0       ,300.9,8.4
18.177,95.038,319.2,1.7,1.3,2016-02-07, 04:00,T,71,5.0       ,300.1,27.9
17.037,102.953,325.8,1.3,1.1,2016-02-07, 04:00,T,79,5.0       ,297.7,32.4
16.989,102.993,311.3,1.3,1.1,2016-02-07, 04:00,T,48,5.0       ,297.2,8.4
17.238,100.544,314,1,1,2016-02-07, 04:00,T,58,5.0       ,298.2,9.5
16.925,101.918,310.1,1.1,1.1,2016-02-07, 04:00,T,24,5.0       ,295.2,7.8
16.764,102.924,318.5,1.3,1.1,2016-02-07, 04:00,T,70,5.0       ,296.3,20.1
16.915,101.916,310.9,1.1,1.1,2016-02-07, 04:00,T,44,5.0       ,294.6,9.3
16.865,102.231,315.9,1.2,1.1,2016-02-07, 04:00,T,62,5.0       ,294.3,17
16.831,102.204,315.4,1.2,1.1,2016-02-07, 04:00,T,53,5.0       ,296.9,15.5
17.439,97.595,335.3,1.1,1.1,2016-02-07, 04:00,T,87,5.0       ,300.9,45.7
16.603,103.157,316.1,1.3,1.1,2016-02-07, 04:00,T,65,5.0       ,293,17.7
16.601,103.169,313.8,1.3,1.1,2016-02-07, 04:00,T,59,5.0       ,293.8,13.8
16.583,103.092,312.4,1.3,1.1,2016-02-07, 04:00,T,48,5.0       ,294.7,10.4
16.582,103.098,310.9,1.3,1.1,2016-02-07, 04:00,T,32,5.0       ,292.6,8.9
16.66,102.485,312.3,1.2,1.1,2016-02-07, 04:00,T,53,5.0       ,299.3,9.4
16.658,102.496,319,1.2,1.1,2016-02-07, 04:00,T,70,5.0       ,301.2,18.8
16.514,103.388,312.5,1.4,1.2,2016-02-07, 04:00,T,55,5.0       ,296.3,11.1
17.021,100.081,317.3,1,1,2016-02-07, 04:00,T,66,5.0       ,300.5,11
16.502,103.271,327.9,1.3,1.1,2016-02-07, 04:00,T,81,5.0       ,292.3,42.4
16.51,103.098,311.2,1.3,1.1,2016-02-07, 04:00,T,47,5.0       ,289.8,11.8
16.606,102.386,311.3,1.2,1.1,2016-02-07, 04:00,T,47,5.0       ,295.4,8.9
16.47,103.215,312,1.3,1.1,2016-02-07, 04:00,T,52,5.0       ,294.5,12.4
16.468,103.228,340.7,1.3,1.1,2016-02-07, 04:00,T,90,5.0       ,296.8,72.9
16.747,101.463,312.7,1.1,1,2016-02-07, 04:00,T,54,5.0       ,288.2,16.7
16.603,102.39,314,1.2,1.1,2016-02-07, 04:00,T,60,5.0       ,294.8,13.3
16.47,103.222,331.7,1.3,1.1,2016-02-07, 04:00,T,84,5.0       ,296.1,48.3
16.468,103.234,325.6,1.3,1.1,2016-02-07, 04:00,T,79,5.0       ,296.1,35.2
17.148,98.57,311.1,1,1,2016-02-07, 04:00,T,46,5.0       ,291.4,10.5
16.417,103.225,317.5,1.3,1.1,2016-02-07, 04:00,T,68,5.0       ,295.1,19
16.415,103.237,312,1.3,1.1,2016-02-07, 04:00,T,34,5.0       ,296.7,10.1
17.393,96.004,316.5,1.4,1.2,2016-02-07, 04:00,T,66,5.0       ,299.5,17.3
16.372,103,310.7,1.3,1.1,2016-02-07, 04:00,T,37,5.0       ,295.7,8.2
16.378,102.904,315.2,1.3,1.1,2016-02-07, 04:00,T,63,5.0       ,295.4,18.9
16.326,103.216,326.3,1.3,1.1,2016-02-07, 04:00,T,79,5.0       ,293.7,39.8
16.324,103.228,310.1,1.3,1.1,2016-02-07, 04:00,T,28,5.0       ,292.7,11.4
16.296,103.274,320.3,1.3,1.1,2016-02-07, 04:00,T,72,5.0       ,294.4,27.3
16.286,103.272,316.2,1.3,1.1,2016-02-07, 04:00,T,64,5.0       ,293.7,19.2
16.694,100.478,320.4,1,1,2016-02-07, 04:00,T,73,5.0       ,303.5,13.5
16.346,102.469,313.3,1.2,1.1,2016-02-07, 04:00,T,42,5.0       ,282.9,20.1
15.828,99.983,315.5,1,1,2016-02-07, 04:00,T,50,5.0       ,298.3,11.5
15.71,100.762,327.4,1,1,2016-02-07, 04:00,T,81,5.0       ,300,25.6
16.353,96.166,316.7,1.3,1.1,2016-02-07, 04:00,T,63,5.0       ,298.7,14
15.661,100.902,343.7,1.1,1,2016-02-07, 04:00,T,92,5.0       ,299.3,55.7
15.659,100.911,320.4,1.1,1,2016-02-07, 04:00,T,72,5.0       ,299.2,16.4
15.393,102.584,319.6,1.3,1.1,2016-02-07, 04:00,T,71,5.0       ,300.2,20.2
15.391,102.595,315.4,1.3,1.1,2016-02-07, 04:00,T,64,5.0       ,300.4,13.2
15.395,102.513,318.4,1.2,1.1,2016-02-07, 04:00,T,70,5.0       ,297.4,19.8
15.393,102.525,320.5,1.3,1.1,2016-02-07, 04:00,T,73,5.0       ,298.2,22.9
16.084,97.697,315.9,1.1,1,2016-02-07, 04:00,T,43,5.0       ,302.3,8.4
15.489,101.718,310.5,1.1,1.1,2016-02-07, 04:00,T,39,5.0       ,295.7,7.5
16.075,97.696,320.1,1.1,1,2016-02-07, 04:00,T,72,5.0       ,302.2,14.3
16.074,97.706,315.5,1.1,1,2016-02-07, 04:00,T,64,5.0       ,302.2,8.3
15.457,101.734,320.4,1.1,1.1,2016-02-07, 04:00,T,73,5.0       ,295.4,20.7
15.447,101.797,341.9,1.1,1.1,2016-02-07, 04:00,T,86,5.0       ,295.7,59
15.422,101.707,314.7,1.1,1.1,2016-02-07, 04:00,T,62,5.0       ,294.4,11.9
15.42,101.69,311.9,1.1,1.1,2016-02-07, 04:00,T,51,5.0       ,295.8,8.1
15.29,102.519,312.6,1.3,1.1,2016-02-07, 04:00,T,51,5.0       ,299.1,7.9
15.309,102.209,321.8,1.2,1.1,2016-02-07, 04:00,T,74,5.0       ,295.8,24.7
15.307,102.221,319.8,1.2,1.1,2016-02-07, 04:00,T,72,5.0       ,296.4,21.5
15.255,102.548,311.9,1.3,1.1,2016-02-07, 04:00,T,44,5.0       ,299,10.9
14.843,105.037,313.1,1.9,1.3,2016-02-07, 04:00,T,57,5.0       ,297.8,23.3
14.58,106.397,314.3,2.4,1.5,2016-02-07, 04:00,T,51,5.0       ,299.2,35.4
14.54,106.389,310.9,2.4,1.5,2016-02-07, 04:00,T,14,5.0       ,298.9,26.4
15.6,99.778,323.1,1,1,2016-02-07, 04:00,T,76,5.0       ,292.7,18.5
15.111,102.932,316.6,1.3,1.1,2016-02-07, 04:00,T,66,5.0       ,294.4,21.8
8.426,124.537,323.9,1.3,1.1,2016-02-07, 05:25,A,77,5.0       ,300.4,15.5
8.424,124.526,329.9,1.3,1.1,2016-02-07, 05:25,A,83,5.0       ,301.7,26.8
9.907,123.053,317.3,1.1,1.1,2016-02-07, 05:25,A,57,5.0       ,301.2,10
10.704,125.75,315.1,1.7,1.3,2016-02-07, 05:25,A,0,5.0       ,297.2,24.7
10.904,123.157,314.6,1.1,1.1,2016-02-07, 05:25,A,61,5.0       ,297.5,7.5
17.683,120.836,314.1,1.1,1,2016-02-07, 05:25,A,54,5.0       ,296.4,9.8
17.692,120.835,311.2,1.1,1,2016-02-07, 05:25,A,15,5.0       ,294.5,6.4
22.478,114.083,311,1.4,1.2,2016-02-07, 05:25,A,46,5.0       ,291.7,20.6
12.878,103.208,311.5,1.5,1.2,2016-02-07, 04:00,T,48,5.0       ,289.3,13
12.241,106.781,320.9,2.9,1.6,2016-02-07, 04:00,T,63,5.0       ,296.7,74.2
12.876,103.202,312.9,1.5,1.2,2016-02-07, 04:00,T,54,5.0       ,289.2,14.9
12.291,106.732,323.3,2.9,1.6,2016-02-07, 04:00,T,38,5.0       ,297.8,73.7
12.282,106.703,324.9,2.9,1.6,2016-02-07, 04:00,T,50,5.0       ,298.2,77.5
12.249,106.804,315.1,2.9,1.6,2016-02-07, 04:00,T,30,5.0       ,294.3,52.2
12.564,104.808,313.3,2,1.4,2016-02-07, 04:00,T,42,5.0       ,299.7,24.7
12.201,106.822,320.9,2.9,1.6,2016-02-07, 04:00,T,70,5.0       ,298.1,71.4
12.197,106.849,318.8,2.9,1.6,2016-02-07, 04:00,T,58,5.0       ,298,64.7
12.205,106.637,329.7,2.8,1.6,2016-02-07, 04:00,T,83,5.0       ,301.2,109.4
12.282,106.126,322.8,2.6,1.5,2016-02-07, 04:00,T,76,5.0       ,298,69.4
12.278,106.149,321.9,2.6,1.5,2016-02-07, 04:00,T,75,5.0       ,299.6,64.9
12.268,106.123,350.2,2.6,1.5,2016-02-07, 04:00,T,95,5.0       ,298,248.9
12.264,106.146,336.8,2.6,1.5,2016-02-07, 04:00,T,88,5.0       ,298.7,146.2
13.123,100.969,313.6,1.1,1.1,2016-02-07, 04:00,T,59,5.0       ,285.3,15.2
12.203,106.629,325.1,2.8,1.6,2016-02-07, 04:00,T,78,5.0       ,300.8,80.3
12.198,106.655,320,2.8,1.6,2016-02-07, 04:00,T,68,5.0       ,299.7,52.2
12.276,106.118,340.5,2.6,1.5,2016-02-07, 04:00,T,90,5.0       ,297.6,177.6
12.272,106.141,356.7,2.6,1.5,2016-02-07, 04:00,T,98,5.0       ,300.6,319.8
13.294,99.662,310.6,1,1,2016-02-07, 04:00,T,41,5.0       ,294.7,8.1
12.169,106.571,316,2.8,1.6,2016-02-07, 04:00,T,63,5.0       ,298.8,36.7
12.205,106.201,315.4,2.6,1.6,2016-02-07, 04:00,T,63,5.0       ,298.2,32.9
12.201,106.225,316.5,2.6,1.6,2016-02-07, 04:00,T,56,5.0       ,298.7,35.4
12.178,106.27,319.6,2.7,1.6,2016-02-07, 04:00,T,71,5.0       ,301.2,45.3
12.139,106.489,315.3,2.8,1.6,2016-02-07, 04:00,T,63,5.0       ,299.8,29.4
12.707,103.125,328.6,1.5,1.2,2016-02-07, 04:00,T,82,5.0       ,291.6,48.9
9.819,105.078,317.7,3.3,1.7,2016-02-07, 07:00,A,68,5.0       ,297.1,84.5
9.817,105.071,317.9,3.3,1.7,2016-02-07, 07:00,A,63,5.0       ,297.5,83.1
10.636,103.928,311.7,2.8,1.6,2016-02-07, 07:00,A,26,5.0       ,298.6,38.9
10.775,103.696,310.3,2.7,1.6,2016-02-07, 07:00,A,28,5.0       ,295.4,18.6
11.016,103.83,313.3,2.8,1.6,2016-02-07, 07:00,A,56,5.0       ,299.6,25.6
11.013,103.805,321.8,2.8,1.6,2016-02-07, 07:00,A,74,5.0       ,300.3,67.6
11.409,103.101,316,2.5,1.5,2016-02-07, 07:00,A,49,5.0       ,300.5,43
11.526,103.815,314,2.8,1.6,2016-02-07, 07:00,A,55,5.0       ,298.9,46
11.418,103.093,317,2.5,1.5,2016-02-07, 07:00,A,0,5.0       ,301.2,46
11.53,103.807,313.3,2.8,1.6,2016-02-07, 07:00,A,57,5.0       ,298.8,45.6
11.669,104.879,321.3,3.4,1.7,2016-02-07, 07:00,A,56,5.0       ,296.4,106
11.783,105.391,317.9,3.8,1.8,2016-02-07, 07:00,A,65,5.0       ,300.6,49.6
11.703,104.269,324.6,3.1,1.7,2016-02-07, 07:00,A,59,5.0       ,299.3,76.5
11.718,104.266,330,3.1,1.7,2016-02-07, 07:00,A,78,5.0       ,299,117
11.666,103.836,321.9,2.8,1.6,2016-02-07, 07:00,A,46,5.0       ,299.2,83.6
11.979,106.233,316.4,4.4,1.9,2016-02-07, 07:00,A,66,5.0       ,301,60.4
11.738,104.179,324.7,3,1.7,2016-02-07, 07:00,A,32,5.0       ,299.3,71.5
11.718,104.259,329.1,3.1,1.7,2016-02-07, 07:00,A,39,5.0       ,299.4,105.6
11.738,104.172,324.1,3,1.7,2016-02-07, 07:00,A,69,5.0       ,299.6,72.8
11.982,106.225,315.7,4.4,1.9,2016-02-07, 07:00,A,56,5.0       ,300.5,54.7
12.066,106.507,322.2,4.6,2,2016-02-07, 07:00,A,75,5.0       ,299.2,153
11.819,103.97,321.7,2.9,1.6,2016-02-07, 07:00,A,44,5.0       ,297.9,73.4
12.064,106.502,321,4.6,2,2016-02-07, 07:00,A,73,5.0       ,299.1,142.4
11.819,103.965,324.2,2.9,1.6,2016-02-07, 07:00,A,71,5.0       ,297.9,92.6
12.121,106.204,320.4,4.4,1.9,2016-02-07, 07:00,A,61,5.0       ,300.5,89.3
12.202,106.616,321.1,4.7,2,2016-02-07, 07:00,A,74,5.0       ,300.2,104.4
12.123,106.196,320,4.4,1.9,2016-02-07, 07:00,A,52,5.0       ,300.2,87.8
12.202,106.608,321.5,4.7,2,2016-02-07, 07:00,A,74,5.0       ,300.2,109.9
11.954,104.076,310.7,3,1.6,2016-02-07, 07:00,A,28,5.0       ,295.5,39.6
12.003,103.985,312.7,3,1.6,2016-02-07, 07:00,A,37,5.0       ,296.8,49.2
12.201,104.121,316.6,3,1.7,2016-02-07, 07:00,A,26,5.0       ,301.1,41.4
24.969,113.034,317.4,1.5,1.2,2016-02-07, 05:30,A,65,5.0       ,286.4,41
24.98,113.031,324.4,1.5,1.2,2016-02-07, 05:30,A,77,5.0       ,287,55.6
25.029,113.123,312.4,1.5,1.2,2016-02-07, 05:30,A,54,5.0       ,288.6,28.3
25.026,113.109,313.2,1.5,1.2,2016-02-07, 05:30,A,57,5.0       ,288.7,30.1
24.94,112.549,325.1,1.6,1.2,2016-02-07, 05:30,A,78,5.0       ,293.7,57.3
24.937,112.534,362.2,1.6,1.2,2016-02-07, 05:30,A,100,5.0       ,295.3,208.4
25.033,113.116,323.5,1.5,1.2,2016-02-07, 05:30,A,76,5.0       ,288.8,49.3
24.94,112.543,350.4,1.6,1.2,2016-02-07, 05:30,A,95,5.0       ,295.2,145.6
24.937,112.527,337.2,1.6,1.2,2016-02-07, 05:30,A,88,5.0       ,293.1,94.3
24.99,112.63,310.4,1.6,1.2,2016-02-07, 05:30,A,38,5.0       ,288.3,28
24.987,112.613,319.3,1.6,1.2,2016-02-07, 05:30,A,71,5.0       ,291.9,45.4
25.123,111.507,310.6,1.9,1.3,2016-02-07, 05:30,A,26,5.0       ,290.1,29.7
25.12,111.519,314.1,1.9,1.3,2016-02-07, 05:30,A,60,5.0       ,290.9,40.7
25.477,112.698,317.4,1.5,1.2,2016-02-07, 05:30,A,68,5.0       ,290.3,40.7
25.474,112.685,318.8,1.5,1.2,2016-02-07, 05:30,A,70,5.0       ,289,44.4
25.537,112.069,321.7,1.7,1.3,2016-02-07, 05:30,A,74,5.0       ,290.5,54.6
25.548,111.562,315.2,1.8,1.3,2016-02-07, 05:30,A,63,5.0       ,290.3,40.4
25.545,111.544,314.2,1.8,1.3,2016-02-07, 05:30,A,61,5.0       ,289.6,39.1
25.591,111.662,316.1,1.8,1.3,2016-02-07, 05:30,A,65,5.0       ,289.8,45.6
25.969,113.749,314.2,1.3,1.1,2016-02-07, 05:30,A,61,5.0       ,289.9,28.7
25.598,111.655,318.3,1.8,1.3,2016-02-07, 05:30,A,69,5.0       ,290.3,50.5
25.584,111.585,312,1.8,1.3,2016-02-07, 05:30,A,52,5.0       ,289.8,32.9
25.7,112.072,311.1,1.7,1.3,2016-02-07, 05:30,A,46,5.0       ,291,26
25.733,112.065,315,1.7,1.3,2016-02-07, 05:30,A,44,5.0       ,290.4,32.2
25.759,112.076,314.7,1.7,1.3,2016-02-07, 05:30,A,28,5.0       ,291,31.9
25.77,112.073,310.1,1.7,1.3,2016-02-07, 05:30,A,18,5.0       ,290.1,23.8
25.791,112.061,310.3,1.7,1.3,2016-02-07, 05:30,A,25,5.0       ,289.7,25.6
25.88,112.106,312.7,1.6,1.3,2016-02-07, 05:30,A,50,5.0       ,289.4,29.6
26.096,112.719,315.2,1.5,1.2,2016-02-07, 05:30,A,63,5.0       ,290.3,33.3
26.444,113.647,322.9,1.3,1.1,2016-02-07, 05:30,A,76,5.0       ,290.6,39
26.442,113.634,311.5,1.3,1.1,2016-02-07, 05:30,A,38,5.0       ,290.6,21.3
26.454,113.645,317.4,1.3,1.1,2016-02-07, 05:30,A,62,5.0       ,290.8,28.9
26.408,112.66,311.3,1.5,1.2,2016-02-07, 05:30,A,48,5.0       ,291.1,24.8
26.713,114.281,316.4,1.2,1.1,2016-02-07, 05:30,A,55,5.0       ,289.4,23.6
26.712,114.269,327.1,1.2,1.1,2016-02-07, 05:30,A,80,5.0       ,291.7,40.7
26.723,114.26,319.8,1.2,1.1,2016-02-07, 05:30,A,70,5.0       ,291.5,28.9
26.733,114.258,321.9,1.2,1.1,2016-02-07, 05:30,A,75,5.0       ,290.6,32.3
26.729,113.687,323.7,1.3,1.1,2016-02-07, 05:30,A,67,5.0       ,289.7,39.7
26.736,113.672,317.1,1.3,1.1,2016-02-07, 05:30,A,50,5.0       ,290.2,27.2
26.753,113.708,311.7,1.3,1.1,2016-02-07, 05:30,A,36,5.0       ,287.4,21.1
26.838,114.157,313.9,1.2,1.1,2016-02-07, 05:30,A,59,5.0       ,287.5,22.6
26.836,114.145,339.5,1.2,1.1,2016-02-07, 05:30,A,89,5.0       ,292.7,69.6
26.446,111.903,313.8,1.7,1.3,2016-02-07, 05:30,A,59,5.0       ,290.6,32.8
26.787,113.726,317.1,1.3,1.1,2016-02-07, 05:30,A,67,5.0       ,289.1,30
26.785,113.713,315.3,1.3,1.1,2016-02-07, 05:30,A,63,5.0       ,290.2,26.6
26.875,114.137,330.2,1.2,1.1,2016-02-07, 05:30,A,83,5.0       ,291.7,47.6
26.873,114.125,322.6,1.2,1.1,2016-02-07, 05:30,A,75,5.0       ,292,34.6
26.877,114.13,327.4,1.2,1.1,2016-02-07, 05:30,A,81,5.0       ,292.5,42.3
26.904,114.173,327.3,1.2,1.1,2016-02-07, 05:30,A,80,5.0       ,290.7,44
26.902,114.162,338,1.2,1.1,2016-02-07, 05:30,A,89,5.0       ,291.8,65.2
26.972,114.281,310.2,1.2,1.1,2016-02-07, 05:30,A,32,5.0       ,291,16.8
26.662,112.074,310.3,1.6,1.2,2016-02-07, 05:30,A,36,5.0       ,291,26.1
26.964,113.558,314.7,1.3,1.1,2016-02-07, 05:30,A,62,5.0       ,290.8,25.4
26.692,111.985,312,1.6,1.3,2016-02-07, 05:30,A,51,5.0       ,290.8,30.2
26.966,113.565,311.4,1.3,1.1,2016-02-07, 05:30,A,46,5.0       ,290.3,21.5
26.692,111.979,316.4,1.6,1.3,2016-02-07, 05:30,A,66,5.0       ,290.7,40.8
27.418,114.877,323.4,1.1,1,2016-02-07, 05:30,A,76,5.0       ,290.6,30.4
27.44,114.895,318.9,1.1,1,2016-02-07, 05:30,A,59,5.0       ,288.2,24.9
27.151,113.078,323.9,1.4,1.2,2016-02-07, 05:30,A,72,5.0       ,289.6,42.4
27.149,113.065,340,1.4,1.2,2016-02-07, 05:30,A,90,5.0       ,291.2,82.2
27.157,113.072,336.3,1.4,1.2,2016-02-07, 05:30,A,87,5.0       ,290.5,74.3
27.155,113.059,319.4,1.4,1.2,2016-02-07, 05:30,A,71,5.0       ,288.7,36.7
27.471,114.815,312.6,1.1,1,2016-02-07, 05:30,A,55,5.0       ,290,19.8
26.785,110.678,321.3,2,1.4,2016-02-07, 05:30,A,74,5.0       ,292.5,67.7
26.98,111.149,313.4,1.8,1.3,2016-02-07, 05:30,A,58,5.0       ,291.7,40.1
27.528,113.913,317.7,1.2,1.1,2016-02-07, 05:30,A,68,5.0       ,290.7,28.8
27.528,113.673,320.2,1.2,1.1,2016-02-07, 05:30,A,72,5.0       ,290.1,34
27.6,113.966,312,1.2,1.1,2016-02-07, 05:30,A,52,5.0       ,290.1,20.1
27.553,113.687,322.3,1.2,1.1,2016-02-07, 05:30,A,75,5.0       ,290.5,34.4
27.591,113.855,315.3,1.2,1.1,2016-02-07, 05:30,A,63,5.0       ,291.5,23
27.589,113.843,315.7,1.2,1.1,2016-02-07, 05:30,A,64,5.0       ,290.6,23.7
27.563,113.684,332.7,1.2,1.1,2016-02-07, 05:30,A,85,5.0       ,290.4,52.8
27.599,113.841,310.3,1.2,1.1,2016-02-07, 05:30,A,21,5.0       ,289.8,15.6
27.579,113.719,310.8,1.2,1.1,2016-02-07, 05:30,A,12,5.0       ,289.1,15.7
27.574,113.695,318,1.2,1.1,2016-02-07, 05:30,A,29,5.0       ,290,24.2
27.535,113.404,310.2,1.3,1.1,2016-02-07, 05:30,A,31,5.0       ,289.5,20
27.68,113.955,313.2,1.2,1.1,2016-02-07, 05:30,A,57,5.0       ,289.5,22.5
27.653,113.736,312.1,1.2,1.1,2016-02-07, 05:30,A,53,5.0       ,289,19.7
27.666,113.695,310.8,1.2,1.1,2016-02-07, 05:30,A,24,5.0       ,288.9,15.9
27.695,113.803,312.5,1.2,1.1,2016-02-07, 05:30,A,55,5.0       ,288.9,21.1
27.706,113.813,313.1,1.2,1.1,2016-02-07, 05:30,A,55,5.0       ,288.6,21.3
28.129,116.197,310.7,1,1,2016-02-07, 05:30,A,42,5.0       ,288.7,16
27.803,114.069,313.3,1.2,1.1,2016-02-07, 05:30,A,58,5.0       ,288.9,22.3
28.096,115.731,319.7,1,1,2016-02-07, 05:30,A,71,5.0       ,288.5,25.3
27.697,113.209,314.4,1.3,1.1,2016-02-07, 05:30,A,61,5.0       ,289.8,27.4
28.204,116.204,310.3,1,1,2016-02-07, 05:30,A,33,5.0       ,288.5,12.8
27.83,113.685,321.7,1.2,1.1,2016-02-07, 05:30,A,74,5.0       ,288.8,34.6
27.976,114.502,313.3,1.1,1.1,2016-02-07, 05:30,A,58,5.0       ,289.1,20.6
27.895,113.772,328.2,1.2,1.1,2016-02-07, 05:30,A,81,5.0       ,290.2,45
27.94,113.925,329.7,1.2,1.1,2016-02-07, 05:30,A,82,5.0       ,288.9,47.5
27.938,113.913,343.1,1.2,1.1,2016-02-07, 05:30,A,92,5.0       ,290.1,77.1
27.948,113.829,314,1.2,1.1,2016-02-07, 05:30,A,60,5.0       ,290.3,23.2
28.001,114.027,311.5,1.2,1.1,2016-02-07, 05:30,A,49,5.0       ,288.6,19.5
27.828,112.892,328.1,1.4,1.2,2016-02-07, 05:30,A,81,5.0       ,291.8,53.3
14.023,103.743,317.3,1.6,1.2,2016-02-07, 04:00,T,50,5.0       ,294.9,24.5
14.042,103.557,313.7,1.5,1.2,2016-02-07, 04:00,T,55,5.0       ,291.3,16.9
13.657,105.806,317.3,2.3,1.5,2016-02-07, 04:00,T,63,5.0       ,297.1,46.4
14.662,99.58,326.5,1,1,2016-02-07, 04:00,T,80,5.0       ,290.3,25.1
28.44,116.687,320.3,1,1,2016-02-07, 05:30,A,72,5.0       ,287.4,26.4
27.608,111.537,321,1.7,1.3,2016-02-07, 05:30,A,73,5.0       ,292.7,49.7
27.605,111.52,315.2,1.7,1.3,2016-02-07, 05:30,A,63,5.0       ,292,35.5
28.455,116.221,331.1,1,1,2016-02-07, 05:30,A,79,5.0       ,289.4,39.7
29.035,120.221,314.1,1.3,1.1,2016-02-07, 05:30,A,60,5.0       ,286.2,28.3
28.453,115.594,312.9,1,1,2016-02-07, 05:30,A,41,5.0       ,289.7,16.3
28.679,117.003,311.2,1,1,2016-02-07, 05:30,A,47,5.0       ,286.3,17.3
28.475,115.611,323,1,1,2016-02-07, 05:30,A,76,5.0       ,288.8,28.5
28.473,115.6,326.8,1,1,2016-02-07, 05:30,A,80,5.0       ,289,34
28.653,116.697,325,1,1,2016-02-07, 05:30,A,78,5.0       ,286.5,31
28.652,116.686,324.7,1,1,2016-02-07, 05:30,A,78,5.0       ,286.4,30.5
28.782,117.02,316.8,1,1,2016-02-07, 05:30,A,67,5.0       ,286.2,23.3
28.753,116.818,314.9,1,1,2016-02-07, 05:30,A,62,5.0       ,286.6,20.4
27.903,110.628,318.6,1.9,1.3,2016-02-07, 05:30,A,70,5.0       ,290.9,55.6
28.748,115.528,313.7,1,1,2016-02-07, 05:30,A,59,5.0       ,287.7,17.9
28.757,115.526,335,1,1,2016-02-07, 05:30,A,87,5.0       ,288.7,47
28.683,115.042,320.2,1.1,1,2016-02-07, 05:30,A,72,5.0       ,289.7,27.6
28.853,115.977,315.8,1,1,2016-02-07, 05:30,A,65,5.0       ,285.8,21.1
29.009,116.866,340.7,1,1,2016-02-07, 05:30,A,90,5.0       ,287.3,56.1
28.867,115.89,312.7,1,1,2016-02-07, 05:30,A,55,5.0       ,286.6,17.1
28.866,115.88,328.1,1,1,2016-02-07, 05:30,A,81,5.0       ,287.3,36.2
29.033,116.903,325.1,1,1,2016-02-07, 05:30,A,78,5.0       ,286.8,31.6
29.027,116.737,311.3,1,1,2016-02-07, 05:30,A,32,5.0       ,286.8,15
29.02,116.686,311.7,1,1,2016-02-07, 05:30,A,28,5.0       ,286.8,13.6
28.912,115.945,317.5,1,1,2016-02-07, 05:30,A,64,5.0       ,284.9,22.5
29.034,116.72,310,1,1,2016-02-07, 05:30,A,18,5.0       ,286.4,14.5
12.202,104.143,315.4,3.1,1.7,2016-02-07, 07:00,A,54,5.0       ,299.8,39.7
12.267,104.05,323.6,3,1.7,2016-02-07, 07:00,A,77,5.0       ,301.2,86.9
12.263,104.023,318.2,3,1.6,2016-02-07, 07:00,A,33,5.0       ,300,61.7
12.381,104.881,311,3.5,1.8,2016-02-07, 07:00,A,9,5.0       ,295.6,33
12.268,104.043,327.3,3,1.7,2016-02-07, 07:00,A,80,5.0       ,301.2,114.3
12.29,103.208,318.3,2.6,1.5,2016-02-07, 07:00,A,69,5.0       ,293.7,64.6
12.481,104.729,332.4,3.4,1.7,2016-02-07, 07:00,A,85,5.0       ,298.3,194.3
12.496,104.727,326.3,3.4,1.7,2016-02-07, 07:00,A,79,5.0       ,298,138.2
12.287,102.949,318.2,2.5,1.5,2016-02-07, 07:00,A,55,5.0       ,299,51.7
12.285,102.926,324,2.5,1.5,2016-02-07, 07:00,A,66,5.0       ,297.7,83.8
12.346,103.201,316.7,2.6,1.5,2016-02-07, 07:00,A,66,5.0       ,293.4,53
12.659,105.713,328.6,4.1,1.9,2016-02-07, 07:00,A,81,5.0       ,298.4,167.3
12.496,104.751,323.8,3.4,1.7,2016-02-07, 07:00,A,72,5.0       ,297.8,113.8
12.492,104.72,323.3,3.4,1.7,2016-02-07, 07:00,A,76,5.0       ,298.2,113
12.296,102.939,324.4,2.5,1.5,2016-02-07, 07:00,A,59,5.0       ,297,84.3
12.355,103.216,310,2.6,1.6,2016-02-07, 07:00,A,19,5.0       ,293.1,29.2
12.352,103.193,310.4,2.6,1.5,2016-02-07, 07:00,A,37,5.0       ,293.2,32.2
12.647,105.706,324.8,4.1,1.9,2016-02-07, 07:00,A,55,5.0       ,297.9,121.8
12.698,105.551,311.5,4,1.9,2016-02-07, 07:00,A,31,5.0       ,297.1,51.2
12.694,105.515,310.5,4,1.9,2016-02-07, 07:00,A,18,5.0       ,296.5,43.1
12.422,103.184,314,2.6,1.5,2016-02-07, 07:00,A,60,5.0       ,292.2,46.5
12.419,103.161,315.8,2.6,1.5,2016-02-07, 07:00,A,65,5.0       ,293.1,57.4
12.699,105.263,316.5,3.8,1.8,2016-02-07, 07:00,A,49,5.0       ,302.2,63.2
12.412,103.179,317.4,2.6,1.5,2016-02-07, 07:00,A,68,5.0       ,291.6,61.6
12.702,105.546,312.7,4,1.9,2016-02-07, 07:00,A,48,5.0       ,297.1,62.4
12.642,104.698,335.7,3.4,1.7,2016-02-07, 07:00,A,87,5.0       ,297.8,235.5
11.506,105.694,321.8,2.5,1.5,2016-02-07, 04:00,T,74,5.0       ,300.3,59.2
11.749,104.174,320,1.9,1.3,2016-02-07, 04:00,T,66,5.0       ,298.2,30.8
11.741,104.224,325.6,1.9,1.3,2016-02-07, 04:00,T,79,5.0       ,298,54
11.74,104.156,317.9,1.9,1.3,2016-02-07, 04:00,T,43,5.0       ,300.3,24.6
11.491,105.623,328.8,2.4,1.5,2016-02-07, 04:00,T,82,5.0       ,301,83.9
11.478,105.621,331.6,2.4,1.5,2016-02-07, 04:00,T,84,5.0       ,299.7,102.3
11.474,105.643,316.6,2.4,1.5,2016-02-07, 04:00,T,66,5.0       ,299.7,29.1
11.678,104.232,321.6,1.9,1.3,2016-02-07, 04:00,T,70,5.0       ,300.8,35.9
11.47,105.613,319.9,2.4,1.5,2016-02-07, 04:00,T,69,5.0       ,299.6,47.3
11.466,105.635,321.1,2.4,1.5,2016-02-07, 04:00,T,73,5.0       ,300,50.9
11.685,104.226,320.4,1.9,1.3,2016-02-07, 04:00,T,73,5.0       ,299.7,33.7
11.543,103.819,313.8,1.8,1.3,2016-02-07, 04:00,T,55,5.0       ,296,27.4
11.541,103.835,321.2,1.8,1.3,2016-02-07, 04:00,T,74,5.0       ,296,47.1
11.625,103.039,313.6,1.5,1.2,2016-02-07, 04:00,T,58,5.0       ,296.5,24.4
11.467,103.987,310.5,1.8,1.3,2016-02-07, 04:00,T,39,5.0       ,293.4,26.6
11.417,104.024,314.7,1.8,1.3,2016-02-07, 04:00,T,62,5.0       ,293.7,36.2
11.098,103.366,311.5,1.7,1.3,2016-02-07, 04:00,T,36,5.0       ,299.7,19
11.073,103.31,310,1.6,1.3,2016-02-07, 04:00,T,15,5.0       ,298.1,17.4
10.903,104.349,315.4,2,1.4,2016-02-07, 04:00,T,64,5.0       ,298.2,27
10.902,104.133,313.8,1.9,1.4,2016-02-07, 04:00,T,52,5.0       ,295.9,33.6
10.899,104.15,314.4,1.9,1.4,2016-02-07, 04:00,T,47,5.0       ,297.7,31.1
10.929,103.896,312.1,1.8,1.3,2016-02-07, 04:00,T,41,5.0       ,300.2,19.8
10.874,104.194,313.9,1.9,1.4,2016-02-07, 04:00,T,59,5.0       ,299.7,22.2
10.761,103.872,318.5,1.8,1.3,2016-02-07, 04:00,T,67,5.0       ,299.3,36.3
10.584,103.56,315.9,1.8,1.3,2016-02-07, 04:00,T,0,5.0       ,300.7,21.6
5.855,100.41,312,1.3,1.1,2016-02-07, 04:00,T,52,5.0       ,276.6,18.1
29.674,115.195,312.7,4.7,2,2016-02-07, 03:55,T,55,5.0       ,282.1,189.8
29.675,115.188,313.1,4.7,2,2016-02-07, 03:55,T,57,5.0       ,282.3,194.5
30.858,109.329,313.8,1.8,1.3,2016-02-07, 03:55,T,59,5.0       ,283,53.1
29.192,114.095,311.2,4.1,1.9,2016-02-07, 03:55,T,47,5.0       ,281,153.2
29.188,114.089,313.2,4.1,1.9,2016-02-07, 03:55,T,57,5.0       ,281,166.7
29.223,112.973,345.4,3.5,1.8,2016-02-07, 03:55,T,0,5.0       ,285.8,398.7
29.208,112.968,314.3,3.5,1.8,2016-02-07, 03:55,T,0,5.0       ,284.8,121.8
27.047,114.089,313,4.7,2,2016-02-07, 03:55,T,56,5.0       ,284.7,180.3
27.036,114.135,322.7,4.7,2,2016-02-07, 03:55,T,76,5.0       ,284.7,284
27.036,114.13,325.5,4.7,2,2016-02-07, 03:55,T,79,5.0       ,284.8,316.7
23.864,109.32,321.8,2.6,1.5,2016-02-07, 03:55,T,74,5.0       ,289.7,100.5
23.872,109.315,326.8,2.6,1.5,2016-02-07, 03:55,T,80,5.0       ,290.4,129.8
23.53,109.137,320.7,2.5,1.5,2016-02-07, 03:55,T,73,5.0       ,287.8,99.4
23.385,108.962,311.4,2.5,1.5,2016-02-07, 03:55,T,48,5.0       ,289.3,59.1
21.631,105.993,311,1.7,1.3,2016-02-07, 03:55,T,45,5.0       ,290.5,28.8
21.632,105.988,314.4,1.7,1.3,2016-02-07, 03:55,T,61,5.0       ,290.9,37.5
21.118,106.824,317,1.9,1.4,2016-02-07, 03:55,T,67,5.0       ,291.4,54.2
20.986,103.035,318.5,1.1,1.1,2016-02-07, 03:55,T,70,5.0       ,286.5,29.9
20.985,103.045,324.7,1.1,1.1,2016-02-07, 03:55,T,78,5.0       ,286.8,39.1
-3.011,120.193,317.7,1.4,1.2,2016-02-07, 05:20,A,24,5.0       ,297.6,13.8
-0.867,116.662,310.8,2.3,1.5,2016-02-07, 05:20,A,19,5.0       ,292,22.2
-0.728,116.904,315.4,2.2,1.4,2016-02-07, 05:20,A,42,5.0       ,295.8,33.7
-0.438,116.283,332.1,2.5,1.5,2016-02-07, 05:20,A,73,5.0       ,286.7,117
-0.43,116.275,329.3,2.5,1.5,2016-02-07, 05:20,A,62,5.0       ,285.5,99.3
-0.041,117.392,321.8,2,1.4,2016-02-07, 05:20,A,15,5.0       ,298.9,25.1
-0.029,117.39,325.7,2,1.4,2016-02-07, 05:20,A,46,5.0       ,300,35.7
0.013,117.42,330.2,2,1.4,2016-02-07, 05:20,A,83,5.0       ,300.2,51.2
0.018,117.432,326.4,2,1.4,2016-02-07, 05:20,A,59,5.0       ,299.3,38.5
0.016,117.415,323.8,2,1.4,2016-02-07, 05:20,A,30,5.0       ,300.3,26.4
0.191,117.102,316.4,2.1,1.4,2016-02-07, 05:20,A,50,5.0       ,297.3,24.3
0.919,116.985,322.6,2.1,1.4,2016-02-07, 05:20,A,75,5.0       ,294.4,52.5
0.916,116.967,312.8,2.1,1.4,2016-02-07, 05:20,A,56,5.0       ,293.8,20.1
0.974,117.015,316.6,2.1,1.4,2016-02-07, 05:20,A,66,5.0       ,295.3,27.6
0.967,117.028,314,2,1.4,2016-02-07, 05:20,A,46,5.0       ,294.8,20.3
1.145,117.889,314.9,1.7,1.3,2016-02-07, 05:20,A,34,5.0       ,294.6,18.7
1.143,117.874,319.8,1.7,1.3,2016-02-07, 05:20,A,66,5.0       ,297,32.3
3.71,117.397,352.1,1.7,1.3,2016-02-07, 05:20,A,96,5.0       ,291.3,156.7
7.054,124.423,325.1,1.2,1.1,2016-02-07, 05:20,A,63,5.0       ,297.9,14.4
7.267,122.065,312.3,1,1,2016-02-07, 05:20,A,51,5.0       ,290.7,5.9
7.299,122.162,312.9,1,1,2016-02-07, 05:20,A,56,5.0       ,293.6,6.8
8.141,123.18,320.7,1.1,1,2016-02-07, 05:25,A,46,5.0       ,300.1,10.7
28.938,113.923,321.6,1.2,1.1,2016-02-07, 05:30,A,74,5.0       ,288.4,34
28.937,113.912,311.6,1.2,1.1,2016-02-07, 05:30,A,50,5.0       ,288,20
28.931,113.876,310.7,1.2,1.1,2016-02-07, 05:30,A,42,5.0       ,289.1,18.3
28.94,113.875,314,1.2,1.1,2016-02-07, 05:30,A,60,5.0       ,288.6,22.6
28.984,113.761,313.2,1.2,1.1,2016-02-07, 05:30,A,57,5.0       ,288.6,21.9
28.737,111.868,321.3,1.5,1.2,2016-02-07, 05:30,A,74,5.0       ,292.5,45.1
29.136,113.94,318.5,1.1,1.1,2016-02-07, 05:30,A,70,5.0       ,289.6,26
29.146,113.938,366.6,1.1,1.1,2016-02-07, 05:30,A,100,5.0       ,293.7,143.4
29.19,113.947,344.8,1.1,1.1,2016-02-07, 05:30,A,92,5.0       ,292.1,75.2
29.188,113.935,311.3,1.1,1.1,2016-02-07, 05:30,A,29,5.0       ,290.6,16.6
29.207,113.931,316.6,1.1,1.1,2016-02-07, 05:30,A,66,5.0       ,289.7,22.5
29.22,113.771,314.2,1.2,1.1,2016-02-07, 05:30,A,32,5.0       ,289.5,19.5
29.225,113.776,312.3,1.2,1.1,2016-02-07, 05:30,A,28,5.0       ,289.2,17.8
29.519,114.964,315.1,1,1,2016-02-07, 05:30,A,63,5.0       ,290.1,21.2
29.528,114.962,339.5,1,1,2016-02-07, 05:30,A,89,5.0       ,287.8,56.5
29.21,112.97,311.5,1.3,1.1,2016-02-07, 05:30,A,27,5.0       ,290.2,18.3
29.208,112.957,320.9,1.3,1.1,2016-02-07, 05:30,A,68,5.0       ,291.8,32.8
29.577,115.159,310.5,1,1,2016-02-07, 05:30,A,39,5.0       ,289.6,13.9
29.22,112.967,332.3,1.3,1.1,2016-02-07, 05:30,A,39,5.0       ,292.5,51.4
29.347,113.658,312.1,1.2,1.1,2016-02-07, 05:30,A,51,5.0       ,288.3,20.1
29.345,113.646,313.7,1.2,1.1,2016-02-07, 05:30,A,59,5.0       ,287.9,22.2
29.232,112.978,349.7,1.3,1.1,2016-02-07, 05:30,A,0,5.0       ,292.3,98.6
29.592,115.134,343.5,1,1,2016-02-07, 05:30,A,92,5.0       ,292.1,62.5
29.591,115.124,310.3,1,1,2016-02-07, 05:30,A,37,5.0       ,289.9,13.9
29.355,113.644,310.5,1.2,1.1,2016-02-07, 05:30,A,26,5.0       ,290,18.6
29.577,114.974,310.2,1,1,2016-02-07, 05:30,A,20,5.0       ,288,14
29.595,114.97,312.8,1,1,2016-02-07, 05:30,A,51,5.0       ,289.3,15.8
29.593,114.959,319.4,1,1,2016-02-07, 05:30,A,71,5.0       ,290.6,23
29.629,115.011,310.6,1,1,2016-02-07, 05:30,A,41,5.0       ,289.6,14.2
29.63,114.656,313.1,1.1,1,2016-02-07, 05:30,A,57,5.0       ,288.8,20.6
30.447,116.486,325.1,1,1,2016-02-07, 05:30,A,78,5.0       ,286.6,31.4
29.243,109.39,319,2.1,1.4,2016-02-07, 05:30,A,70,5.0       ,284.2,78.7
30.231,114.96,315.9,1,1,2016-02-07, 05:30,A,56,5.0       ,288.8,18.9
30.229,114.949,310.8,1,1,2016-02-07, 05:30,A,27,5.0       ,288.1,14.1
30.404,116.061,315.9,1,1,2016-02-07, 05:30,A,65,5.0       ,281.7,24.4
30.414,116.064,310.8,1,1,2016-02-07, 05:30,A,43,5.0       ,282.1,18.6
30.412,116.053,326.4,1,1,2016-02-07, 05:30,A,79,5.0       ,284,37
29.242,109.385,312.6,2.1,1.4,2016-02-07, 05:30,A,49,5.0       ,282.7,54.5
30.243,114.808,310.4,1,1,2016-02-07, 05:30,A,38,5.0       ,287,14.8
30.242,114.797,314.2,1,1,2016-02-07, 05:30,A,60,5.0       ,287.9,18.9
30.422,115.871,322.4,1,1,2016-02-07, 05:30,A,75,5.0       ,285.6,28.1
30.433,115.88,408.6,1,1,2016-02-07, 05:30,A,100,5.0       ,294.4,314.6
30.431,115.87,377.9,1,1,2016-02-07, 05:30,A,100,5.0       ,294.8,157.3
30.425,115.828,323.7,1,1,2016-02-07, 05:30,A,77,5.0       ,287.1,30.4
30.424,115.818,312.4,1,1,2016-02-07, 05:30,A,54,5.0       ,286.4,17.3
30.442,115.878,356.7,1,1,2016-02-07, 05:30,A,98,5.0       ,287.1,91.1
30.44,115.868,334.9,1,1,2016-02-07, 05:30,A,87,5.0       ,286.3,45.4
30.462,115.832,320.2,1,1,2016-02-07, 05:30,A,72,5.0       ,284.5,25.7
30.461,115.821,315.3,1,1,2016-02-07, 05:30,A,63,5.0       ,285.7,20.7
30.435,115.646,321.2,1,1,2016-02-07, 05:30,A,74,5.0       ,286.6,26.3
30.434,115.635,353.2,1,1,2016-02-07, 05:30,A,97,5.0       ,288.9,83.5
30.432,115.625,316.8,1,1,2016-02-07, 05:30,A,67,5.0       ,285.7,21.2
30.502,115.966,327.8,1,1,2016-02-07, 05:30,A,81,5.0       ,283.9,35.2
30.5,115.955,390.7,1,1,2016-02-07, 05:30,A,100,5.0       ,292.5,213.5
30.499,115.945,311.3,1,1,2016-02-07, 05:30,A,48,5.0       ,284.4,16.2
30.485,115.853,328.7,1,1,2016-02-07, 05:30,A,82,5.0       ,284.1,37.9
16.722,97.555,340.9,1.2,1.1,2016-02-07, 07:05,A,90,5.0       ,301.6,57.6
16.786,97.975,319.2,1.3,1.1,2016-02-07, 07:05,A,29,5.0       ,304.3,11.8
16.567,95.989,317.3,1,1,2016-02-07, 07:05,A,68,5.0       ,300.9,10.9
16.565,95.979,320.2,1,1,2016-02-07, 07:05,A,72,5.0       ,301.8,14.6
16.843,97.936,322.4,1.3,1.1,2016-02-07, 07:05,A,75,5.0       ,303.2,20.2
16.842,97.925,326.9,1.3,1.1,2016-02-07, 07:05,A,80,5.0       ,303.1,28.6
16.798,97.583,318.1,1.2,1.1,2016-02-07, 07:05,A,64,5.0       ,305,12.5
16.604,95.142,317.7,1,1,2016-02-07, 07:05,A,68,5.0       ,301.9,12.5
17.464,101.417,318.3,2.3,1.5,2016-02-07, 07:05,A,69,5.0       ,293.5,58.2
16.969,97.19,319.4,1.2,1.1,2016-02-07, 07:05,A,0,5.0       ,304,10.2
17.3,99.601,323.2,1.6,1.3,2016-02-07, 07:05,A,76,5.0       ,303,26
17.309,99.594,318.4,1.6,1.3,2016-02-07, 07:05,A,65,5.0       ,301.9,16.8
16.848,95.968,336.3,1,1,2016-02-07, 07:05,A,87,5.0       ,309.2,31.4
16.857,95.966,325.5,1,1,2016-02-07, 07:05,A,79,5.0       ,306.4,15.2
16.856,95.957,321.9,1,1,2016-02-07, 07:05,A,50,5.0       ,307.1,11.3
16.9,96.009,316.1,1,1,2016-02-07, 07:05,A,51,5.0       ,301.8,5.3
16.899,95.999,322.9,1,1,2016-02-07, 07:05,A,76,5.0       ,304.5,14.1
16.908,95.998,330.9,1,1,2016-02-07, 07:05,A,83,5.0       ,304.1,24.9
16.998,95.909,317.8,1,1,2016-02-07, 07:05,A,68,5.0       ,301.2,12.8
17.775,101.41,313.5,2.3,1.5,2016-02-07, 07:05,A,51,5.0       ,294,35.4
17.6,99.937,319.4,1.8,1.3,2016-02-07, 07:05,A,71,5.0       ,295.8,35.9
17.773,101.403,313,2.3,1.5,2016-02-07, 07:05,A,50,5.0       ,294.3,35.4
17.078,94.718,320.5,1,1,2016-02-07, 07:05,A,73,5.0       ,305,12.5
17.878,100.621,312.6,2,1.4,2016-02-07, 07:05,A,35,5.0       ,298,25.3
17.35,96.412,314.4,1.1,1,2016-02-07, 07:05,A,57,5.0       ,300.2,7.3
17.43,95.981,320.4,1,1,2016-02-07, 07:05,A,48,5.0       ,304.3,7.5
17.519,96.504,321,1.1,1,2016-02-07, 07:05,A,73,5.0       ,304.2,12.3
18.144,101.34,311.9,2.3,1.5,2016-02-07, 07:05,A,39,5.0       ,294.5,26.8
18.158,101.352,312,2.3,1.5,2016-02-07, 07:05,A,49,5.0       ,293,34.5
17.369,94.882,326.6,1,1,2016-02-07, 07:05,A,80,5.0       ,304.3,18.8
18.407,101.528,317.4,2.4,1.5,2016-02-07, 07:05,A,68,5.0       ,295.2,56
18.409,100.435,312.7,2,1.4,2016-02-07, 07:05,A,55,5.0       ,295.7,29.2
18.407,100.416,313.4,2,1.4,2016-02-07, 07:05,A,58,5.0       ,295.9,32.2
18.433,98.378,318.9,1.4,1.2,2016-02-07, 07:05,A,64,5.0       ,300.3,17.5
18.246,95.101,319.8,1,1,2016-02-07, 07:05,A,72,5.0       ,304.9,6.7
18.583,96.654,319.2,1.1,1.1,2016-02-07, 07:05,A,64,5.0       ,302.6,12
19.302,102.319,310.2,2.8,1.6,2016-02-07, 07:05,A,32,5.0       ,295,51.7
19.031,99.003,312.4,1.6,1.2,2016-02-07, 07:05,A,30,5.0       ,298.1,11.2
19.043,99.002,315.2,1.6,1.2,2016-02-07, 07:05,A,63,5.0       ,299.3,17.6
18.625,95.78,322.2,1,1,2016-02-07, 07:05,A,75,5.0       ,307.6,10.1
18.635,95.778,322.1,1,1,2016-02-07, 07:05,A,75,5.0       ,306.9,9.6
18.596,95.304,322.4,1,1,2016-02-07, 07:05,A,62,5.0       ,306.5,10.5
18.594,95.294,320.7,1,1,2016-02-07, 07:05,A,63,5.0       ,303.9,8.9
19.08,98.752,323.3,1.5,1.2,2016-02-07, 07:05,A,76,5.0       ,292.7,47.6
18.734,95.104,322.4,1,1,2016-02-07, 07:05,A,58,5.0       ,308.1,9
19.322,98.962,316.2,1.6,1.2,2016-02-07, 07:05,A,61,5.0       ,297.6,21.5
19.313,98.957,317.9,1.6,1.2,2016-02-07, 07:05,A,69,5.0       ,297.8,25.8
19.184,97.373,319.5,1.2,1.1,2016-02-07, 07:05,A,56,5.0       ,300.9,17.5
19.9,103.506,310.3,3.5,1.8,2016-02-07, 07:05,A,34,5.0       ,288.8,84.2
19.216,97.381,324,1.2,1.1,2016-02-07, 07:05,A,47,5.0       ,302.1,22.8
18.912,94.996,321,1,1,2016-02-07, 07:05,A,73,5.0       ,306.9,7.9
30.484,115.842,311.5,1,1,2016-02-07, 05:30,A,49,5.0       ,283.9,16.5
30.628,116.789,311.1,1,1,2016-02-07, 05:30,A,46,5.0       ,284.1,17.3
30.51,115.964,333.4,1,1,2016-02-07, 05:30,A,85,5.0       ,283.6,43.4
30.509,115.954,387.7,1,1,2016-02-07, 05:30,A,100,5.0       ,294.6,199.3
30.507,115.943,310.7,1,1,2016-02-07, 05:30,A,41,5.0       ,286.1,15.3
30.498,115.691,315.6,1,1,2016-02-07, 05:30,A,64,5.0       ,285.6,22
30.534,115.684,328.5,1,1,2016-02-07, 05:30,A,81,5.0       ,284.3,39
30.578,115.86,330.2,1,1,2016-02-07, 05:30,A,83,5.0       ,286.8,40.3
30.886,118.042,313,1.1,1,2016-02-07, 05:30,A,57,5.0       ,284.4,21.1
30.6,115.76,332.1,1,1,2016-02-07, 05:30,A,84,5.0       ,285,43
30.598,115.75,311,1,1,2016-02-07, 05:30,A,45,5.0       ,284.1,17.1
30.689,115.863,329.5,1,1,2016-02-07, 05:30,A,82,5.0       ,286,39.7
30.688,115.853,310.7,1,1,2016-02-07, 05:30,A,42,5.0       ,286.1,17
30.71,115.016,317.9,1,1,2016-02-07, 05:30,A,69,5.0       ,286.3,23.9
30.708,115.005,328.2,1,1,2016-02-07, 05:30,A,81,5.0       ,288.5,37.4
30.916,115.774,322.5,1,1,2016-02-07, 05:30,A,75,5.0       ,286,28.8
30.697,114.052,323.1,1.1,1,2016-02-07, 05:30,A,76,5.0       ,289.4,32.6
30.982,114.626,314.3,1,1,2016-02-07, 05:30,A,61,5.0       ,286.1,17.8
30.991,114.624,311.8,1,1,2016-02-07, 05:30,A,38,5.0       ,285.8,15.2
30.966,114.461,312.1,1.1,1,2016-02-07, 05:30,A,51,5.0       ,287.2,16.1
30.975,114.459,317.4,1.1,1,2016-02-07, 05:30,A,68,5.0       ,286.7,22.4
19.927,103.529,314.1,3.5,1.8,2016-02-07, 07:05,A,60,5.0       ,289.7,106
19.332,97.412,323.5,1.3,1.1,2016-02-07, 07:05,A,57,5.0       ,301.8,22.1
19.344,97.422,323.8,1.3,1.1,2016-02-07, 07:05,A,38,5.0       ,301.5,23
19.134,95.535,317.9,1,1,2016-02-07, 07:05,A,69,5.0       ,305,7.2
19.056,94.967,319.5,1,1,2016-02-07, 07:05,A,71,5.0       ,305.5,8.6
19.053,94.758,320.3,1,1,2016-02-07, 07:05,A,72,5.0       ,302.8,15
19.284,96.394,323.5,1.1,1.1,2016-02-07, 07:05,A,46,5.0       ,305.5,13.4
19.202,95.569,325,1,1,2016-02-07, 07:05,A,78,5.0       ,307.8,14.5
19.201,95.559,321.8,1,1,2016-02-07, 07:05,A,74,5.0       ,307.9,9.9
19.732,98.935,319,1.6,1.2,2016-02-07, 07:05,A,47,5.0       ,305.5,21.2
19.791,98.579,312.6,1.5,1.2,2016-02-07, 07:05,A,39,5.0       ,299.1,13.6
19.141,93.701,338.9,1,1,2016-02-07, 07:05,A,89,5.0       ,305.6,41.1
19.139,93.692,314.6,1,1,2016-02-07, 07:05,A,48,5.0       ,302.3,6.5
19.795,98.519,315.3,1.5,1.2,2016-02-07, 07:05,A,50,5.0       ,296.9,20.9
19.428,95.602,341.4,1,1,2016-02-07, 07:05,A,91,5.0       ,306.8,43.8
19.985,99.979,310.7,1.9,1.3,2016-02-07, 07:05,A,37,5.0       ,296.8,18.6
19.544,95.382,322.5,1,1,2016-02-07, 07:05,A,75,5.0       ,308.6,7.7
19.969,96.908,319.5,1.2,1.1,2016-02-07, 07:05,A,63,5.0       ,298.7,18
19.739,94.791,322,1,1,2016-02-07, 07:05,A,64,5.0       ,305.4,13.3
19.81,94.965,321.2,1,1,2016-02-07, 07:05,A,74,5.0       ,307.1,8.4
19.813,94.793,321.3,1,1,2016-02-07, 07:05,A,74,5.0       ,306.8,8.7
19.802,94.717,320.2,1,1,2016-02-07, 07:05,A,71,5.0       ,305.8,8.7
19.886,94.658,325.3,1,1,2016-02-07, 07:05,A,78,5.0       ,304.7,16.2
20.077,95.642,335.6,1.1,1,2016-02-07, 07:05,A,87,5.0       ,308.3,32.1
12.649,103.474,311.7,1.6,1.2,2016-02-07, 04:00,T,51,5.0       ,295.7,13.5
11.87,107.887,311.5,3.6,1.8,2016-02-07, 04:00,T,49,5.0       ,292.5,76.1
12.705,103.118,319.8,1.5,1.2,2016-02-07, 04:00,T,72,5.0       ,292.5,28.4
12.649,103.468,314.1,1.6,1.2,2016-02-07, 04:00,T,60,5.0       ,296,16.9
12.173,106.264,317.2,2.7,1.6,2016-02-07, 04:00,T,67,5.0       ,301.1,33.8
12.184,106.12,315,2.6,1.5,2016-02-07, 04:00,T,63,5.0       ,297.7,32.6
11.876,107.883,313,3.6,1.8,2016-02-07, 04:00,T,57,5.0       ,293.9,87.5
13.194,99.65,323.3,1,1,2016-02-07, 04:00,T,76,5.0       ,293.7,23.1
13.193,99.66,315.2,1,1,2016-02-07, 04:00,T,63,5.0       ,293.7,12.6
12.13,106.183,325.8,2.6,1.6,2016-02-07, 04:00,T,79,5.0       ,299.1,85
12.126,106.206,332.3,2.6,1.6,2016-02-07, 04:00,T,85,5.0       ,300.3,121.5
12.084,106.167,313.7,2.6,1.6,2016-02-07, 04:00,T,43,5.0       ,298.3,30.8
12.558,102.976,316.8,1.5,1.2,2016-02-07, 04:00,T,53,5.0       ,287.5,31.6
12.362,103.884,315,1.7,1.3,2016-02-07, 04:00,T,54,5.0       ,301,18.3
11.884,106.451,327.2,2.8,1.6,2016-02-07, 04:00,T,80,5.0       ,301.6,98.4
11.881,106.444,325.1,2.8,1.6,2016-02-07, 04:00,T,78,5.0       ,301.6,85.1
11.877,106.469,317.3,2.8,1.6,2016-02-07, 04:00,T,59,5.0       ,298.7,47.9
12.271,104.024,310.7,1.8,1.3,2016-02-07, 04:00,T,20,5.0       ,297,19.3
11.801,106.403,318.5,2.8,1.6,2016-02-07, 04:00,T,63,5.0       ,298.2,56.9
11.818,104.314,311.8,1.9,1.3,2016-02-07, 04:00,T,42,5.0       ,297.1,13.1
11.827,103.973,315.2,1.8,1.3,2016-02-07, 04:00,T,63,5.0       ,297.3,27
11.831,103.968,314.4,1.8,1.3,2016-02-07, 04:00,T,49,5.0       ,296.2,23.5
11.67,104.878,312.4,2.1,1.4,2016-02-07, 04:00,T,51,5.0       ,292.8,29.5
11.51,105.672,315.5,2.5,1.5,2016-02-07, 04:00,T,62,5.0       ,299.5,27.5
29.03,116.689,319.7,1,1,2016-02-07, 05:30,A,68,5.0       ,287.1,23.2
28.586,113.774,310.4,1.2,1.1,2016-02-07, 05:30,A,37,5.0       ,288.3,20.4
29.071,116.786,312.9,1,1,2016-02-07, 05:30,A,56,5.0       ,287,17.2
29.097,116.844,321.1,1,1,2016-02-07, 05:30,A,74,5.0       ,285.4,27.4
29.095,116.761,334.8,1,1,2016-02-07, 05:30,A,86,5.0       ,287.3,45.5
29.214,117.077,315.2,1,1,2016-02-07, 05:30,A,33,5.0       ,286.3,18.4
29.226,117.096,312.6,1,1,2016-02-07, 05:30,A,26,5.0       ,286.2,15.6
29.224,117.085,321.2,1,1,2016-02-07, 05:30,A,69,5.0       ,286.1,24.8
29.236,117.104,334.2,1,1,2016-02-07, 05:30,A,86,5.0       ,286,43.2
29.235,117.094,357.1,1,1,2016-02-07, 05:30,A,98,5.0       ,289.3,90.5
29.234,116.895,317.4,1,1,2016-02-07, 05:30,A,68,5.0       ,283.5,25
28.57,112.308,314.1,1.4,1.2,2016-02-07, 05:30,A,60,5.0       ,292.5,26.9
29.293,116.59,322.8,1,1,2016-02-07, 05:30,A,76,5.0       ,286,30
29.386,116.991,336.7,1,1,2016-02-07, 05:30,A,88,5.0       ,286,51
29.384,116.981,332.6,1,1,2016-02-07, 05:30,A,85,5.0       ,286.2,44.2
12.946,105.359,322.4,3.9,1.8,2016-02-07, 07:05,A,69,5.0       ,302.2,102.4
12.699,103.111,320.4,2.6,1.5,2016-02-07, 07:05,A,71,5.0       ,303.5,39.5
12.98,105.606,310.2,4.1,1.9,2016-02-07, 07:05,A,19,5.0       ,296.1,55.6
12.947,103.544,310.1,2.8,1.6,2016-02-07, 07:05,A,30,5.0       ,288.7,46.3
13.05,103.239,314.6,2.7,1.6,2016-02-07, 07:05,A,61,5.0       ,296.5,35.9
13.051,102.824,310.5,2.5,1.5,2016-02-07, 07:05,A,35,5.0       ,286.3,22.7
13.344,105.319,310.1,3.9,1.8,2016-02-07, 07:05,A,24,5.0       ,290.8,45.9
13.457,105.229,316.4,3.9,1.8,2016-02-07, 07:05,A,63,5.0       ,292.9,63.5
13.501,105.48,320,4.1,1.9,2016-02-07, 07:05,A,72,5.0       ,289,151.6
13.309,103.528,310.6,2.8,1.6,2016-02-07, 07:05,A,40,5.0       ,292,37.9
13.49,105.473,316.2,4.1,1.9,2016-02-07, 07:05,A,65,5.0       ,288,120
13.468,105.256,315.2,3.9,1.8,2016-02-07, 07:05,A,55,5.0       ,293.8,54.7
13.464,105.221,312.6,3.9,1.8,2016-02-07, 07:05,A,14,5.0       ,293,32.4
13.312,103.521,313.7,2.8,1.6,2016-02-07, 07:05,A,59,5.0       ,291.9,53.8
13.524,105.002,318.1,3.7,1.8,2016-02-07, 07:05,A,69,5.0       ,297.9,66.8
13.514,104.998,315.9,3.7,1.8,2016-02-07, 07:05,A,53,5.0       ,298.1,48.7
13.405,103.297,314.9,2.7,1.6,2016-02-07, 07:05,A,62,5.0       ,292.8,49.7
13.402,103.272,310,2.7,1.6,2016-02-07, 07:05,A,11,5.0       ,293.5,27.8
13.181,101.213,322.9,1.9,1.3,2016-02-07, 07:05,A,76,5.0       ,293.9,47.5
13.189,101.223,315.6,1.9,1.3,2016-02-07, 07:05,A,58,5.0       ,292.8,23.8
13.473,103.333,315.4,2.8,1.6,2016-02-07, 07:05,A,61,5.0       ,294.1,42.5
13.633,104.355,315.5,3.3,1.7,2016-02-07, 07:05,A,38,5.0       ,288.4,62.3
13.651,104.383,312.8,3.4,1.7,2016-02-07, 07:05,A,49,5.0       ,286.2,47.9
13.801,105.427,320.3,4.1,1.9,2016-02-07, 07:05,A,72,5.0       ,299.8,90.9
13.805,105.421,318.2,4.1,1.9,2016-02-07, 07:05,A,69,5.0       ,299.8,73.4
13.807,105.129,315.5,3.8,1.8,2016-02-07, 07:05,A,42,5.0       ,293.4,67.4
13.64,103.256,311.3,2.7,1.6,2016-02-07, 07:05,A,39,5.0       ,287.4,34.6
13.784,104.232,311.5,3.3,1.7,2016-02-07, 07:05,A,37,5.0       ,287.7,39.3
13.236,99.568,315.2,1.4,1.2,2016-02-07, 07:05,A,63,5.0       ,283.3,31.7
13.902,104.496,311.3,3.4,1.7,2016-02-07, 07:05,A,48,5.0       ,277.2,69.8
13.874,104.097,311.8,3.2,1.7,2016-02-07, 07:05,A,51,5.0       ,284.1,45.7
13.831,103.291,310.5,2.8,1.6,2016-02-07, 07:05,A,23,5.0       ,285.8,34.4
14.062,104.974,313.4,3.8,1.8,2016-02-07, 07:05,A,46,5.0       ,294.4,47.7
13.748,101.995,316.4,2.2,1.4,2016-02-07, 07:05,A,66,5.0       ,296.8,35.6
13.976,103.787,323.1,3,1.7,2016-02-07, 07:05,A,67,5.0       ,284,99.7
13.54,100.249,325.2,1.6,1.2,2016-02-07, 07:05,A,78,5.0       ,297.9,42
13.538,100.234,317.2,1.6,1.2,2016-02-07, 07:05,A,59,5.0       ,298.6,22.7
14.068,104.969,313.7,3.8,1.8,2016-02-07, 07:05,A,45,5.0       ,294.9,48.5
13.746,101.99,318.8,2.2,1.4,2016-02-07, 07:05,A,70,5.0       ,297.1,43.4
13.539,100.243,328.5,1.6,1.2,2016-02-07, 07:05,A,81,5.0       ,298.2,51.3
13.974,103.782,319.1,3,1.7,2016-02-07, 07:05,A,69,5.0       ,284.2,78.8
14.008,103.951,324.2,3.1,1.7,2016-02-07, 07:05,A,77,5.0       ,281.7,132.2
14.023,103.949,365.4,3.1,1.7,2016-02-07, 07:05,A,100,5.0       ,281.9,575.7
14.111,104.46,312.2,3.4,1.7,2016-02-07, 07:05,A,45,5.0       ,278.1,71.6
14.242,105.349,310.6,4.1,1.9,2016-02-07, 07:05,A,41,5.0       ,288.3,72.1
13.638,99.312,312.3,1.4,1.2,2016-02-07, 07:05,A,54,5.0       ,294.6,14.7
13.674,99.176,323.1,1.4,1.2,2016-02-07, 07:05,A,76,5.0       ,294.1,36
13.683,99.181,325.6,1.4,1.2,2016-02-07, 07:05,A,78,5.0       ,294.6,38.5
13.681,99.168,333.9,1.4,1.2,2016-02-07, 07:05,A,86,5.0       ,294.2,58.5
13.661,99.011,313.2,1.3,1.1,2016-02-07, 07:05,A,57,5.0       ,297.3,16.1
13.693,99.18,311.9,1.4,1.2,2016-02-07, 07:05,A,46,5.0       ,293.8,16.1
13.718,99.293,315.9,1.4,1.2,2016-02-07, 07:05,A,65,5.0       ,297.5,19.1
13.728,99.292,340.6,1.4,1.2,2016-02-07, 07:05,A,90,5.0       ,296.6,75.4
13.727,99.28,331.5,1.4,1.2,2016-02-07, 07:05,A,84,5.0       ,299,51.2
13.699,98.98,317.5,1.3,1.1,2016-02-07, 07:05,A,68,5.0       ,296.5,23.1
13.697,98.968,326,1.3,1.1,2016-02-07, 07:05,A,79,5.0       ,297,40.6
14.508,105.61,313.8,4.3,1.9,2016-02-07, 07:05,A,16,5.0       ,295.1,72.5
13.736,98.95,328.1,1.3,1.1,2016-02-07, 07:05,A,52,5.0       ,297.4,41.1
13.743,98.943,324.6,1.3,1.1,2016-02-07, 07:05,A,50,5.0       ,296.3,34.3
13.786,99.202,316.5,1.4,1.2,2016-02-07, 07:05,A,61,5.0       ,296.4,18.2
13.765,98.953,334.9,1.3,1.1,2016-02-07, 07:05,A,86,5.0       ,297.6,56.5
13.783,99.014,311.4,1.3,1.1,2016-02-07, 07:05,A,48,5.0       ,298.4,9.5
13.816,99.022,312.3,1.3,1.1,2016-02-07, 07:05,A,52,5.0       ,299.1,12.2
13.814,99.01,312,1.3,1.1,2016-02-07, 07:05,A,52,5.0       ,298.9,11.2
14.113,101.264,319,2,1.4,2016-02-07, 07:05,A,63,5.0       ,300.7,27.6
13.816,98.946,318.9,1.3,1.1,2016-02-07, 07:05,A,59,5.0       ,296.3,25.3
14.118,101.257,324.4,2,1.4,2016-02-07, 07:05,A,77,5.0       ,302,45.4
13.865,99.008,334.5,1.3,1.1,2016-02-07, 07:05,A,86,5.0       ,299.8,56.7
13.863,98.996,332.4,1.3,1.1,2016-02-07, 07:05,A,85,5.0       ,301.9,50.9
14.141,101.146,321.1,1.9,1.4,2016-02-07, 07:05,A,73,5.0       ,297.7,39.4
13.884,99.08,314.7,1.4,1.2,2016-02-07, 07:05,A,48,5.0       ,299.9,16.5
13.889,98.955,317.5,1.3,1.1,2016-02-07, 07:05,A,62,5.0       ,297,19.4
13.903,98.978,314.8,1.3,1.1,2016-02-07, 07:05,A,40,5.0       ,300,15.4
13.901,98.966,313.1,1.3,1.1,2016-02-07, 07:05,A,37,5.0       ,298,12.3
13.913,98.977,332,1.3,1.1,2016-02-07, 07:05,A,84,5.0       ,298.2,48.9
13.911,98.965,328.8,1.3,1.1,2016-02-07, 07:05,A,82,5.0       ,297.2,41
13.949,99.174,324.9,1.4,1.2,2016-02-07, 07:05,A,66,5.0       ,304.5,25.6
13.944,99.169,322.5,1.4,1.2,2016-02-07, 07:05,A,60,5.0       ,303.4,19.4
13.947,98.941,310,1.3,1.1,2016-02-07, 07:05,A,10,5.0       ,296.4,9.4
14.781,105.644,312.2,4.3,1.9,2016-02-07, 07:05,A,45,5.0       ,297.7,62.3
13.996,98.996,317.1,1.3,1.1,2016-02-07, 07:05,A,56,5.0       ,296.8,19.9
14.784,105.636,312.7,4.3,1.9,2016-02-07, 07:05,A,49,5.0       ,297.9,69.5
14.035,98.91,358.1,1.3,1.1,2016-02-07, 07:05,A,99,5.0       ,301.5,129.6
14.034,98.898,335,1.3,1.1,2016-02-07, 07:05,A,87,5.0       ,299.1,56
14.046,98.909,349.9,1.3,1.1,2016-02-07, 07:05,A,95,5.0       ,298.2,100.2
14.044,98.897,330.9,1.3,1.1,2016-02-07, 07:05,A,83,5.0       ,296.4,47.3
14.189,99.951,316,1.6,1.2,2016-02-07, 07:05,A,65,5.0       ,299.1,19.3
14.072,99.029,313.9,1.4,1.2,2016-02-07, 07:05,A,43,5.0       ,299.5,11.3
14.07,99.017,320,1.3,1.2,2016-02-07, 07:05,A,72,5.0       ,301.7,22.1
14.069,98.929,312.7,1.3,1.1,2016-02-07, 07:05,A,48,5.0       ,294.9,15.5
14.291,99.311,323,1.4,1.2,2016-02-07, 07:05,A,27,5.0       ,299.3,25.6
14.341,99.325,320,1.4,1.2,2016-02-07, 07:05,A,54,5.0       ,299.4,22.3
14.339,99.312,325.8,1.4,1.2,2016-02-07, 07:05,A,79,5.0       ,301,33.3
14.347,99.126,312.4,1.4,1.2,2016-02-07, 07:05,A,27,5.0       ,292.1,15.1
14.375,99.175,314,1.4,1.2,2016-02-07, 07:05,A,43,5.0       ,299.9,11.8
14.41,99.229,312.6,1.4,1.2,2016-02-07, 07:05,A,55,5.0       ,296.2,12
14.43,98.807,311.4,1.3,1.1,2016-02-07, 07:05,A,48,5.0       ,289.2,17.5
14.848,101.964,315,2.3,1.5,2016-02-07, 07:05,A,45,5.0       ,297.8,27
14.642,99.107,317.4,1.4,1.2,2016-02-07, 07:05,A,41,5.0       ,293.9,19.3
14.855,100.707,318.2,1.8,1.3,2016-02-07, 07:05,A,69,5.0       ,298.2,27.3
14.651,99.094,331.5,1.4,1.2,2016-02-07, 07:05,A,63,5.0       ,293.6,47.1
14.874,100.716,315.6,1.8,1.3,2016-02-07, 07:05,A,58,5.0       ,299.4,22.1
14.649,98.622,310.1,1.3,1.1,2016-02-07, 07:05,A,26,5.0       ,285,14.7
15.124,102.315,313.5,2.4,1.5,2016-02-07, 07:05,A,58,5.0       ,298.7,25.5
15.119,102.158,315.4,2.4,1.5,2016-02-07, 07:05,A,64,5.0       ,299.6,28.1
15.116,102.136,315.1,2.4,1.5,2016-02-07, 07:05,A,63,5.0       ,300.1,25.3
15.116,102.151,318.2,2.4,1.5,2016-02-07, 07:05,A,68,5.0       ,299.6,36
14.708,98.595,310.3,1.3,1.1,2016-02-07, 07:05,A,34,5.0       ,288.4,14.8
14.962,100.008,318.5,1.6,1.3,2016-02-07, 07:05,A,61,5.0       ,300.9,23.4
14.96,100.002,319.4,1.6,1.3,2016-02-07, 07:05,A,58,5.0       ,301.4,24.7
15.303,102.42,315.9,2.5,1.5,2016-02-07, 07:05,A,65,5.0       ,301.6,26.5
15.15,101.095,315.7,2,1.4,2016-02-07, 07:05,A,60,5.0       ,300.7,21.4
15.456,103.091,313.2,2.8,1.6,2016-02-07, 07:05,A,56,5.0       ,296.4,36.6
15.451,102.418,317.6,2.5,1.5,2016-02-07, 07:05,A,68,5.0       ,299.8,38.9
15.03,99.029,315.3,1.4,1.2,2016-02-07, 07:05,A,53,5.0       ,281.6,20.6
15.035,99.023,320.7,1.4,1.2,2016-02-07, 07:05,A,73,5.0       ,279.9,31.8
15.459,102.435,315.5,2.5,1.5,2016-02-07, 07:05,A,64,5.0       ,301.7,31.6
15.457,102.412,314.8,2.5,1.5,2016-02-07, 07:05,A,62,5.0       ,299.8,29.4
15.305,100.971,314.1,1.9,1.4,2016-02-07, 07:05,A,46,5.0       ,300.1,18.6
15.135,99.22,315.9,1.4,1.2,2016-02-07, 07:05,A,59,5.0       ,279.7,26.1
15.161,99.21,315.2,1.4,1.2,2016-02-07, 07:05,A,61,5.0       ,276.6,25.1
15.494,101.47,317.2,2.1,1.4,2016-02-07, 07:05,A,67,5.0       ,300,27.3
15.213,99.191,324.5,1.4,1.2,2016-02-07, 07:05,A,77,5.0       ,279.3,41.7
15.211,99.178,329.1,1.4,1.2,2016-02-07, 07:05,A,65,5.0       ,283.4,50.8
15.239,99.309,318,1.5,1.2,2016-02-07, 07:05,A,57,5.0       ,289.7,29.4
15.49,101.22,321.5,2,1.4,2016-02-07, 07:05,A,74,5.0       ,302.8,30.6
15.424,100.684,326.1,1.8,1.3,2016-02-07, 07:05,A,79,5.0       ,303.6,39.8
15.491,101.214,323.4,2,1.4,2016-02-07, 07:05,A,76,5.0       ,302.6,39.4
15.429,100.678,321,1.8,1.3,2016-02-07, 07:05,A,73,5.0       ,303,25.2
15.409,100.215,319.5,1.7,1.3,2016-02-07, 07:05,A,68,5.0       ,300.5,18.6
15.669,102.077,312.8,2.4,1.5,2016-02-07, 07:05,A,56,5.0       ,299.6,25.2
15.492,100.601,339,1.8,1.3,2016-02-07, 07:05,A,89,5.0       ,303.3,91.9
15.49,100.584,328.1,1.8,1.3,2016-02-07, 07:05,A,81,5.0       ,301.2,49.2
15.487,100.594,337.8,1.8,1.3,2016-02-07, 07:05,A,88,5.0       ,303.6,86.9
16.159,103.468,312.1,3.1,1.7,2016-02-07, 07:05,A,52,5.0       ,293.3,52.2
16.159,103.46,315.1,3.1,1.7,2016-02-07, 07:05,A,63,5.0       ,294,66.2
15.701,98.964,316.3,1.4,1.2,2016-02-07, 07:05,A,66,5.0       ,288.9,30.6
16.016,99.476,315.1,1.5,1.2,2016-02-07, 07:05,A,63,5.0       ,294.8,14.9
16.06,99.384,316.7,1.5,1.2,2016-02-07, 07:05,A,59,5.0       ,293.6,19.9
16.264,100.691,316.6,1.9,1.3,2016-02-07, 07:05,A,36,5.0       ,289.7,33.4
16.857,102.944,311.7,2.9,1.6,2016-02-07, 07:05,A,38,5.0       ,293.6,33.8
15.975,95.566,327.7,1,1,2016-02-07, 07:05,A,81,5.0       ,303.4,21
15.985,95.574,321.7,1,1,2016-02-07, 07:05,A,74,5.0       ,302.6,12.5
16.507,99.293,318.8,1.5,1.2,2016-02-07, 07:05,A,70,5.0       ,296.7,25
16.915,102.639,313.4,2.7,1.6,2016-02-07, 07:05,A,54,5.0       ,297.9,39.5
15.945,95.031,315.5,1,1,2016-02-07, 07:05,A,64,5.0       ,302.4,8.3
16.829,101.763,315.7,2.3,1.5,2016-02-07, 07:05,A,52,5.0       ,286.4,53.1
16.6,99.973,318.6,1.7,1.3,2016-02-07, 07:05,A,67,5.0       ,302,18.4
16.018,95.421,322.3,1,1,2016-02-07, 07:05,A,75,5.0       ,304.3,13.7
16.857,102.194,310.4,2.5,1.5,2016-02-07, 07:05,A,37,5.0       ,291.4,28
16.617,99.923,318.2,1.7,1.3,2016-02-07, 07:05,A,69,5.0       ,298.9,22.3
16.84,101.779,316,2.3,1.5,2016-02-07, 07:05,A,60,5.0       ,286,64.1
15.937,94.658,321.3,1,1,2016-02-07, 07:05,A,56,5.0       ,300.6,14.1
16.101,95.618,319.3,1,1,2016-02-07, 07:05,A,71,5.0       ,303.9,8.8
16.1,95.608,324.3,1,1,2016-02-07, 07:05,A,77,5.0       ,303.1,14.9
16.112,95.568,330.1,1,1,2016-02-07, 07:05,A,83,5.0       ,304,22.8
17.192,104.242,313,3.7,1.8,2016-02-07, 07:05,A,45,5.0       ,296.5,63.1
16.426,97.774,320.1,1.2,1.1,2016-02-07, 07:05,A,72,5.0       ,304.4,14.2
16.012,94.668,313.4,1,1,2016-02-07, 07:05,A,56,5.0       ,298.2,6.4
16.13,95.426,327.6,1,1,2016-02-07, 07:05,A,81,5.0       ,303.3,22
16.129,95.416,318.5,1,1,2016-02-07, 07:05,A,66,5.0       ,302.4,10.4
16.665,99.449,313.3,1.6,1.2,2016-02-07, 07:05,A,58,5.0       ,294.4,13
16.174,95.676,318.8,1,1,2016-02-07, 07:05,A,70,5.0       ,299.9,13.1
16.138,95.415,315.6,1,1,2016-02-07, 07:05,A,30,5.0       ,301,8
16.156,95.355,326.7,1,1,2016-02-07, 07:05,A,80,5.0       ,300.5,23
16.165,95.354,316.4,1,1,2016-02-07, 07:05,A,66,5.0       ,300.9,10.7
16.267,96.01,324.8,1,1,2016-02-07, 07:05,A,78,5.0       ,302.3,18.3
16.228,95.735,317.3,1,1,2016-02-07, 07:05,A,68,5.0       ,297.7,14
16.722,99.368,314.9,1.5,1.2,2016-02-07, 07:05,A,42,5.0       ,297.2,17.8
16.189,95.388,310.7,1,1,2016-02-07, 07:05,A,40,5.0       ,298.8,6.6
16.599,98.268,321.1,1.3,1.1,2016-02-07, 07:05,A,74,5.0       ,297.8,27.2
16.598,98.256,312.7,1.3,1.1,2016-02-07, 07:05,A,50,5.0       ,296.9,11.8
16.301,95.931,329.7,1,1,2016-02-07, 07:05,A,83,5.0       ,302.2,26.2
17.147,102.292,322.2,2.6,1.5,2016-02-07, 07:05,A,75,5.0       ,294.2,72.1
17.145,102.268,323.8,2.6,1.5,2016-02-07, 07:05,A,77,5.0       ,293.8,79
16.363,95.98,315.1,1,1,2016-02-07, 07:05,A,63,5.0       ,300.9,7
16.362,95.97,319,1,1,2016-02-07, 07:05,A,70,5.0       ,301.7,12.4
17.14,102.285,313.5,2.6,1.5,2016-02-07, 07:05,A,57,5.0       ,292.9,32
16.61,97.701,319,1.2,1.1,2016-02-07, 07:05,A,71,5.0       ,302.4,13.5
17.154,102.284,325.9,2.6,1.5,2016-02-07, 07:05,A,79,5.0       ,294.9,89.5
16.675,98.056,328.6,1.3,1.1,2016-02-07, 07:05,A,82,5.0       ,301.2,34.4
16.696,97.981,322.2,1.3,1.1,2016-02-07, 07:05,A,75,5.0       ,303.5,19.6
16.943,99.767,316.5,1.7,1.3,2016-02-07, 07:05,A,39,5.0       ,297.1,21.2
16.922,99.597,316.4,1.6,1.3,2016-02-07, 07:05,A,33,5.0       ,297.6,25.1
16.494,96.203,319.7,1,1,2016-02-07, 07:05,A,72,5.0       ,298.1,10.8
16.493,96.193,322.8,1,1,2016-02-07, 07:05,A,76,5.0       ,299.7,14.6
16.792,98.18,320.9,1.3,1.1,2016-02-07, 07:05,A,67,5.0       ,302,22.6
16.723,97.566,369.2,1.2,1.1,2016-02-07, 07:05,A,100,5.0       ,304.9,150
19.006,95.611,319.1,1,1,2016-02-07, 07:05,A,71,5.0       ,304.7,7.1
19.004,95.601,322.8,1,1,2016-02-07, 07:05,A,76,5.0       ,305.8,11.5
12.639,104.666,348,3.4,1.7,2016-02-07, 07:00,A,94,5.0       ,299.2,372
12.561,102.829,316.2,2.4,1.5,2016-02-07, 07:05,A,47,5.0       ,299.7,34.1
19.986,94.975,325.2,1,1,2016-02-07, 07:05,A,75,5.0       ,311.5,10.7
20.086,95.641,324.3,1.1,1,2016-02-07, 07:05,A,73,5.0       ,307.5,14
20.421,96.302,321.3,1.1,1.1,2016-02-07, 07:05,A,50,5.0       ,306.2,11.7
20.203,94.56,324.5,1,1,2016-02-07, 07:05,A,78,5.0       ,306.2,14.6
21.213,97.228,310.4,1.3,1.1,2016-02-07, 07:05,A,35,5.0       ,296.2,10.7
21.412,94.981,329.7,1,1,2016-02-07, 07:05,A,83,5.0       ,313.3,12.6
21.709,96.18,325.7,1.2,1.1,2016-02-07, 07:05,A,79,5.0       ,304.7,17.2
22.198,97.059,314.7,1.3,1.1,2016-02-07, 07:05,A,38,5.0       ,294.6,14.2
22.381,96.641,319.7,1.2,1.1,2016-02-07, 07:05,A,62,5.0       ,295,20.6
22.303,95.727,321,1.1,1.1,2016-02-07, 07:05,A,73,5.0       ,305.5,11.8
22.197,94.007,320.9,1,1,2016-02-07, 07:05,A,73,5.0       ,301.9,14.1
22.589,95.55,323.3,1.1,1,2016-02-07, 07:05,A,76,5.0       ,305.6,14.5
22.603,95.439,318.2,1.1,1,2016-02-07, 07:05,A,69,5.0       ,303.4,10.1
22.602,95.429,316.2,1.1,1,2016-02-07, 07:05,A,65,5.0       ,304,7.7
22.656,95.588,319.2,1.1,1.1,2016-02-07, 07:05,A,71,5.0       ,303.3,11
22.767,95.575,318.6,1.1,1.1,2016-02-07, 07:05,A,70,5.0       ,304.8,9.5
22.792,95.626,326.8,1.1,1.1,2016-02-07, 07:05,A,80,5.0       ,305.3,20
22.63,93.628,319,1,1,2016-02-07, 07:05,A,71,5.0       ,299.8,17.2
22.629,93.619,320,1,1,2016-02-07, 07:05,A,71,5.0       ,301.3,17.2
22.65,93.5,319.8,1,1,2016-02-07, 07:05,A,70,5.0       ,304.5,15.5
22.738,94.059,320,1,1,2016-02-07, 07:05,A,72,5.0       ,305.6,9.8
22.737,94.049,319.1,1,1,2016-02-07, 07:05,A,71,5.0       ,306.1,9
22.6,93.027,313.6,1,1,2016-02-07, 07:05,A,58,5.0       ,298.9,12.3
22.598,93.017,311.3,1,1,2016-02-07, 07:05,A,48,5.0       ,298.5,9.8
23.105,95.85,320,1.1,1.1,2016-02-07, 07:05,A,72,5.0       ,305,10.1
23.635,95.767,321.8,1.2,1.1,2016-02-07, 07:05,A,67,5.0       ,299.9,16.1
23.375,93.358,312.5,1,1,2016-02-07, 07:05,A,54,5.0       ,299.9,9.3
23.187,91.652,316.6,1.1,1,2016-02-07, 07:05,A,66,5.0       ,305.5,10
23.091,89.581,317.5,1.3,1.1,2016-02-07, 07:05,A,12,5.0       ,302.7,18.4
23.113,89.59,319.5,1.3,1.1,2016-02-07, 07:05,A,49,5.0       ,303.1,21.9
23.793,93.58,314.6,1,1,2016-02-07, 07:05,A,62,5.0       ,297.5,14.4
23.941,93.254,310,1,1,2016-02-07, 07:05,A,23,5.0       ,297.3,9.8
25.121,96.089,313.7,1.2,1.1,2016-02-07, 07:05,A,59,5.0       ,294.6,17.3
25.177,93.937,321.9,1,1,2016-02-07, 07:05,A,74,5.0       ,290.7,26.6
26.079,92.815,310.2,1,1,2016-02-07, 07:05,A,23,5.0       ,293.1,8.3
26.707,90.902,312.7,1.1,1,2016-02-07, 07:05,A,49,5.0       ,299.4,8.9
26.75,91.118,314.5,1,1,2016-02-07, 07:05,A,54,5.0       ,294.8,14.2
27.249,94.317,312.9,1.1,1,2016-02-07, 07:05,A,56,5.0       ,298.5,8.2
27.248,94.306,313.5,1.1,1,2016-02-07, 07:05,A,58,5.0       ,298.7,8.7
26.659,89.779,315.4,1.2,1.1,2016-02-07, 07:05,A,56,5.0       ,302.6,12.2
26.764,88.863,314.2,1.3,1.1,2016-02-07, 07:05,A,55,5.0       ,303.2,14.4
27.735,93.965,317.2,1.1,1,2016-02-07, 07:05,A,67,5.0       ,294.8,19.3
27.969,95.173,313.8,1.2,1.1,2016-02-07, 07:05,A,59,5.0       ,295.3,16.6
28.188,94.637,325.1,1.1,1.1,2016-02-07, 07:05,A,78,5.0       ,291.2,35.5
28.187,94.625,322.8,1.1,1.1,2016-02-07, 07:05,A,67,5.0       ,292.4,30.6
20.202,94.551,353.9,1,1,2016-02-07, 07:05,A,97,5.0       ,307.1,68.7
20.678,96.873,315.2,1.2,1.1,2016-02-07, 07:05,A,63,5.0       ,299.6,10.3
20.997,97.878,313.4,1.4,1.2,2016-02-07, 07:05,A,51,5.0       ,294.8,17.9
20.928,96.985,328.7,1.2,1.1,2016-02-07, 07:05,A,32,5.0       ,305.2,25.5
20.925,95.389,322.6,1.1,1,2016-02-07, 07:05,A,75,5.0       ,308,8.7
12.326,106.704,306.6,2,1.4,2016-02-07, 14:50,T,29,5.0       ,290.5,26
12.328,106.697,305.2,2,1.4,2016-02-07, 14:50,T,20,5.0       ,290.6,24.1
12.278,106.167,306.1,2.3,1.5,2016-02-07, 14:50,T,42,5.0       ,291.5,32.9
12.683,106.635,310.1,2,1.4,2016-02-07, 14:50,T,69,5.0       ,291.3,36.6
12.68,106.617,347.5,2,1.4,2016-02-07, 14:50,T,100,5.0       ,293.4,194.1
12.685,106.629,351.3,2,1.4,2016-02-07, 14:50,T,100,5.0       ,293.3,217.2
12.682,106.61,348.6,2,1.4,2016-02-07, 14:50,T,100,5.0       ,292.8,201.7
12.67,105.766,305.5,2.4,1.5,2016-02-07, 14:50,T,32,5.0       ,290.4,33.3
12.983,106.932,315.2,1.9,1.3,2016-02-07, 14:50,T,88,5.0       ,290,52.3
12.98,106.914,316.9,1.9,1.4,2016-02-07, 14:50,T,92,5.0       ,290,57.1
12.987,106.925,322.1,1.9,1.3,2016-02-07, 14:50,T,100,5.0       ,290,72.6
12.872,105.628,312.4,2.4,1.5,2016-02-07, 14:50,T,78,5.0       ,290.5,59.4
12.867,105.623,316.3,2.4,1.5,2016-02-07, 14:50,T,91,5.0       ,290.5,74.4
13.299,106.464,320.2,2,1.4,2016-02-07, 14:50,T,100,5.0       ,288.4,74.4
13.304,106.477,310.9,2,1.4,2016-02-07, 14:50,T,73,5.0       ,288.1,46
13.301,106.458,310.8,2,1.4,2016-02-07, 14:50,T,72,5.0       ,288,45.7
13.488,107.056,305.3,1.8,1.3,2016-02-07, 14:50,T,20,5.0       ,288,24.8
13.763,107.338,310.4,1.7,1.3,2016-02-07, 14:50,T,71,5.0       ,286.9,36.9
13.774,107.336,306.6,1.7,1.3,2016-02-07, 14:50,T,47,5.0       ,286.5,29.7
13.935,107.263,307.4,1.7,1.3,2016-02-07, 14:50,T,54,5.0       ,286.6,32.7
13.909,106.011,309.2,2.2,1.4,2016-02-07, 14:50,T,65,5.0       ,285.9,46
14.083,104.455,306.5,2.8,1.6,2016-02-07, 14:50,T,46,5.0       ,286.7,58.1
22.386,113.95,327.1,1.3,1.1,2016-02-07, 14:50,T,100,5.0       ,284.2,53.1
22.385,113.938,305.8,1.3,1.1,2016-02-07, 14:50,T,20,5.0       ,282.8,19.6
22.416,111.163,308.3,1,1,2016-02-07, 14:50,T,60,5.0       ,278.4,19.5
24.102,116.917,317.9,2.2,1.4,2016-02-07, 14:55,T,95,5.0       ,279.5,87.7
24.104,116.933,311.9,2.2,1.4,2016-02-07, 14:55,T,77,5.0       ,278.5,70.3
24.102,116.914,306.6,2.2,1.4,2016-02-07, 14:55,T,46,5.0       ,279.1,54
24.379,111.405,306,1,1,2016-02-07, 14:55,T,41,5.0       ,279.4,18.2
24.938,113.186,305.4,1.3,1.1,2016-02-07, 14:55,T,29,5.0       ,275.4,25.4
25.592,111.98,317.2,1.1,1.1,2016-02-07, 14:55,T,93,5.0       ,277.3,35
25.433,110.632,312.3,1,1,2016-02-07, 14:55,T,78,5.0       ,277.6,24.1
25.951,112.411,307.2,1.2,1.1,2016-02-07, 14:55,T,52,5.0       ,276.5,24.6
26.121,112.713,308,1.2,1.1,2016-02-07, 14:55,T,58,5.0       ,277.1,26.4
26.546,112.613,319.5,1.2,1.1,2016-02-07, 14:55,T,98,5.0       ,278.7,41.2
26.548,112.619,312.1,1.2,1.1,2016-02-07, 14:55,T,78,5.0       ,278.5,30.5
26.06,107.439,306.5,1.1,1,2016-02-07, 14:55,T,46,5.0       ,275.4,22
27.15,113.064,309.4,1.3,1.1,2016-02-07, 14:55,T,66,5.0       ,278.7,30.4
27.159,113.07,314.1,1.3,1.1,2016-02-07, 14:55,T,84,5.0       ,277.1,36
27.157,113.056,338.2,1.3,1.1,2016-02-07, 14:55,T,100,5.0       ,281.3,84.9
29.545,115.057,340.4,1.9,1.3,2016-02-07, 14:55,T,100,5.0       ,276.7,160
29.539,115.072,306.6,1.9,1.3,2016-02-07, 14:55,T,47,5.0       ,276.3,48.3
29.537,115.052,310,1.9,1.3,2016-02-07, 14:55,T,69,5.0       ,275.9,55.7
29.551,115.071,310.2,1.9,1.3,2016-02-07, 14:55,T,66,5.0       ,275,53.2
29.549,115.05,315.3,1.9,1.3,2016-02-07, 14:55,T,88,5.0       ,275.4,66
29.552,114.952,332.4,1.9,1.3,2016-02-07, 14:55,T,100,5.0       ,279.2,122.5
29.551,114.934,323,1.9,1.3,2016-02-07, 14:55,T,100,5.0       ,276.3,89.5
29.141,110.662,306.9,1.1,1,2016-02-07, 14:55,T,49,5.0       ,279.3,19.6
29.147,110.654,322.3,1.1,1,2016-02-07, 14:55,T,100,5.0       ,280.8,38.3
29.243,110.052,309.5,1,1,2016-02-07, 14:55,T,66,5.0       ,276.6,21.8
29.854,114.877,310.2,1.9,1.3,2016-02-07, 14:55,T,70,5.0       ,277.4,55.7
30.523,115.952,305.6,2.2,1.5,2016-02-07, 14:55,T,35,5.0       ,273.4,63.5
1.115,124.731,310.4,3.9,1.8,2016-02-07, 14:45,T,70,5.0       ,288.7,113.6
0.232,116.84,316.4,1.1,1,2016-02-07, 14:45,T,91,5.0       ,275.4,23.9
0.231,116.831,306.3,1.1,1,2016-02-07, 14:45,T,44,5.0       ,275.4,13
4.019,117.71,313.2,1.3,1.1,2016-02-07, 14:45,T,81,5.0       ,285.6,22.2
12.141,106.528,307.2,2.1,1.4,2016-02-07, 14:50,T,52,5.0       ,291.2,33.2
11.739,104.197,315.2,3.3,1.7,2016-02-07, 14:50,T,87,5.0       ,286,116.9
12.195,106.617,306.5,2.1,1.4,2016-02-07, 14:50,T,46,5.0       ,291,28.1
12.124,106.186,330.4,2.3,1.5,2016-02-07, 14:50,T,100,5.0       ,291,123.6
12.207,106.615,310.7,2.1,1.4,2016-02-07, 14:50,T,72,5.0       ,291,38.3
12.196,106.611,308.2,2.1,1.4,2016-02-07, 14:50,T,41,5.0       ,291.1,30.1
12.125,106.201,308.3,2.3,1.5,2016-02-07, 14:50,T,30,5.0       ,290.2,33.9
12.121,106.181,326.1,2.3,1.5,2016-02-07, 14:50,T,100,5.0       ,290.9,100.5
12.208,106.609,310.9,2.1,1.4,2016-02-07, 14:50,T,39,5.0       ,291.1,37.7
12.138,106.199,305.7,2.3,1.5,2016-02-07, 14:50,T,13,5.0       ,289.9,27.7
18.711,98.383,308.6,1,1,2016-02-07, 19:15,A,62,5.0       ,282.2,18.3
15.743,99.002,307.5,1.2,1.1,2016-02-07, 19:15,A,54,5.0       ,283.1,18.7
15.741,99.013,314.5,1.2,1.1,2016-02-07, 19:15,A,85,5.0       ,284,27.5
15.731,99.011,312,1.2,1.1,2016-02-07, 19:15,A,77,5.0       ,283.6,24.2
15.83,97.85,307.8,1,1,2016-02-07, 19:15,A,57,5.0       ,291.8,13.9
14.944,98.092,311.4,1.1,1,2016-02-07, 19:15,A,75,5.0       ,290.3,19.2
14.942,98.102,308,1.1,1,2016-02-07, 19:15,A,58,5.0       ,290.3,15
12.687,106.618,331.6,4.7,2,2016-02-07, 19:15,A,100,5.0       ,288.1,403.5
12.679,106.66,309.5,4.7,2,2016-02-07, 19:15,A,66,5.0       ,287.4,152.6
12.687,106.613,325.8,4.7,2,2016-02-07, 19:15,A,100,5.0       ,287.9,324.3
12.679,106.656,314.2,4.7,2,2016-02-07, 19:15,A,84,5.0       ,287.6,196.5
-6.374,155.405,319.5,1.2,1.1,2016-02-07, 23:50,T,65,5.0       ,298.5,15.9
-6.375,155.416,318.3,1.2,1.1,2016-02-07, 23:50,T,68,5.0       ,298.2,14.6
-2.197,115.542,306.4,1.1,1,2016-02-07, 17:45,A,45,5.0       ,290.2,9.1
-2.198,115.552,320.1,1.1,1,2016-02-07, 17:45,A,100,5.0       ,290.7,25.1
1.119,124.752,325.8,2.4,1.5,2016-02-07, 17:40,A,100,5.0       ,284.7,121.1
1.122,124.747,322.8,2.4,1.5,2016-02-07, 17:40,A,100,5.0       ,284.3,109.5
0.646,117.447,307.7,1,1,2016-02-07, 17:40,A,56,5.0       ,293.6,9.4
0.237,116.842,318.4,1,1,2016-02-07, 17:40,A,96,5.0       ,279.5,26.6
-0.452,116.392,319,1,1,2016-02-07, 17:40,A,97,5.0       ,291.6,22.3
-0.453,116.401,310.4,1,1,2016-02-07, 17:40,A,71,5.0       ,290.8,12.5
-0.942,117.032,305.4,1,1,2016-02-07, 17:40,A,29,5.0       ,292.5,7.1