latitude,longitude,brightness,scan,track,acq_date,acq_time,satellite,confidence,version,bright_t31,frp
-0.971,122.786,314.2,1.2,1.1,2016-05-08,02:05,T,33,5.0       ,297.8,11
-1.249,122.599,313.7,1.2,1.1,2016-05-08,02:05,T,0,5.0       ,296.7,9.6
-1.796,125.477,312.2,1,1,2016-05-08,02:05,T,40,5.0       ,295.3,6.2
-1.059,119.868,317.3,1.8,1.3,2016-05-08,02:05,T,23,5.0       ,298.7,22
-2.569,121.376,319.3,1.4,1.2,2016-05-08,02:05,T,71,5.0       ,296.2,21.7
-2.571,121.388,322.3,1.4,1.2,2016-05-08,02:05,T,75,5.0       ,297.5,27.5
-2.58,121.375,339.8,1.4,1.2,2016-05-08,02:05,T,90,5.0       ,297.3,66.8
-2.581,121.386,353.1,1.4,1.2,2016-05-08,02:05,T,97,5.0       ,297.6,110.1
-2.83,122.159,317.3,1.2,1.1,2016-05-08,02:05,T,46,5.0       ,299,12.9
-3.33,114.591,311.1,4.4,1.9,2016-05-08,02:05,T,25,5.0       ,289.3,57.8
-8.864,120.661,316.3,1.2,1.1,2016-05-08,02:10,T,0,5.0       ,300.1,12.9
-6.379,155.4,311.8,2.3,1.5,2016-05-08,00:30,T,51,5.0       ,295.4,28.6
-6.382,155.42,310.3,2.3,1.5,2016-05-08,00:30,T,30,5.0       ,294.6,24
-6.376,155.394,313.6,2.3,1.5,2016-05-08,00:30,T,29,5.0       ,295.9,29.8
-5.534,148.425,315.3,1,1,2016-05-08,00:30,T,46,5.0       ,295.1,10.8
-5.936,147.061,317.2,1.1,1,2016-05-08,00:30,T,59,5.0       ,299.5,11.8
0.636,116.922,311.6,3.4,1.7,2016-05-08,02:05,T,50,5.0       ,290.6,39.7
0.405,116.743,312.4,3.4,1.7,2016-05-08,02:05,T,37,5.0       ,290.6,40.5
0.41,116.738,313.4,3.4,1.7,2016-05-08,02:05,T,19,5.0       ,291,43.1
14.991,104.961,325.8,1,1,2016-05-08,03:40,T,79,5.0       ,301.2,10.9
15.081,103.552,338.3,1,1,2016-05-08,03:40,T,89,5.0       ,303.8,25.8
15.195,102.44,330.8,1.1,1,2016-05-08,03:40,T,82,5.0       ,299.3,18.8
15.105,102.361,326.8,1.1,1,2016-05-08,03:40,T,59,5.0       ,293.6,11.8
14.935,103.479,330,1,1,2016-05-08,03:40,T,64,5.0       ,302.3,12.2
14.211,107.45,318.7,1.4,1.2,2016-05-08,03:40,T,54,5.0       ,299.3,14.8
15.818,94.784,317.2,3.6,1.8,2016-05-08,03:40,T,0,5.0       ,298.7,57.3
15.802,94.782,316.1,3.6,1.8,2016-05-08,03:40,T,0,5.0       ,297.8,52.4
15.81,94.775,317.7,3.6,1.8,2016-05-08,03:40,T,0,5.0       ,298.9,61.9
13.958,107.933,320,1.5,1.2,2016-05-08,03:40,T,71,5.0       ,300.7,15.1
13.412,108.997,314.2,1.8,1.3,2016-05-08,03:40,T,32,5.0       ,285.5,23.8
13.409,109.014,322.8,1.8,1.3,2016-05-08,03:40,T,76,5.0       ,282.5,46.8
14.618,101.022,324.8,1.2,1.1,2016-05-08,03:40,T,78,5.0       ,290.4,14
14.868,98.259,310.8,1.9,1.3,2016-05-08,03:40,T,28,5.0       ,288.6,17.3
13.23,109.056,320.6,1.8,1.3,2016-05-08,03:40,T,57,5.0       ,299.6,20.2
13.646,106.37,355.8,1.2,1.1,2016-05-08,03:40,T,98,5.0       ,293.3,98.5
14.002,103.816,328.1,1,1,2016-05-08,03:40,T,57,5.0       ,300,14.4
13.46,106.383,359.9,1.2,1.1,2016-05-08,03:40,T,87,5.0       ,288.2,111.5
13.448,106.393,328.5,1.2,1.1,2016-05-08,03:40,T,64,5.0       ,291.2,27.4
12.935,109.418,316,2,1.4,2016-05-08,03:40,T,16,5.0       ,295.8,23.7
13.416,106.466,323.1,1.2,1.1,2016-05-08,03:40,T,62,5.0       ,294.6,16.4
13.329,106.294,320.1,1.2,1.1,2016-05-08,03:40,T,39,5.0       ,296.1,15.9
13.327,106.304,320,1.2,1.1,2016-05-08,03:40,T,42,5.0       ,292.6,15.7
13.898,100.148,321.7,1.3,1.2,2016-05-08,03:40,T,71,5.0       ,290.4,16.6
13.129,105.365,320.5,1.1,1,2016-05-08,03:40,T,37,5.0       ,295,9.8
13.368,103.55,329.1,1,1,2016-05-08,03:40,T,51,5.0       ,303.1,15.6
12.856,106.828,323.6,1.3,1.1,2016-05-08,03:40,T,77,5.0       ,293.7,24.8
12.443,109.277,314.9,2,1.4,2016-05-08,03:40,T,34,5.0       ,297.4,24
12.984,105.887,328.8,1.1,1.1,2016-05-08,03:40,T,82,5.0       ,295.6,27.7
12.973,105.96,331.5,1.2,1.1,2016-05-08,03:40,T,84,5.0       ,299.2,28.2
12.936,105.943,321.8,1.2,1.1,2016-05-08,03:40,T,52,5.0       ,297.8,9.8
13.228,103.625,329.9,1,1,2016-05-08,03:40,T,52,5.0       ,303.1,18.1
13.172,103.629,323.3,1,1,2016-05-08,03:40,T,37,5.0       ,298.2,11.2
13.111,103.666,337.5,1,1,2016-05-08,03:40,T,83,5.0       ,299.8,30.6
12.562,105.885,319.7,1.2,1.1,2016-05-08,03:40,T,68,5.0       ,286.8,15.5
12.759,104.296,336.1,1,1,2016-05-08,03:40,T,87,5.0       ,297.4,27.1
12.757,104.306,323.5,1,1,2016-05-08,03:40,T,40,5.0       ,296.6,7.9
12.695,104.717,324.9,1,1,2016-05-08,03:40,T,46,5.0       ,294.1,10.2
12.742,104.284,327.6,1,1,2016-05-08,03:40,T,0,5.0       ,296.5,11.4
11.486,106.61,319.5,1.3,1.1,2016-05-08,03:40,T,50,5.0       ,298.2,13.6
11.431,106.688,338.1,1.3,1.1,2016-05-08,03:40,T,89,5.0       ,296.6,56.2
11.429,106.7,316.4,1.3,1.1,2016-05-08,03:40,T,30,5.0       ,296,10
11.433,106.694,325,1.3,1.1,2016-05-08,03:40,T,78,5.0       ,296.4,26.7
11.15,107.685,321.4,1.6,1.2,2016-05-08,03:40,T,61,5.0       ,300.1,20.7
12.312,98.779,314.4,1.6,1.2,2016-05-08,03:40,T,19,5.0       ,281,16.2
11.429,104.915,326.9,1.1,1,2016-05-08,03:40,T,65,5.0       ,297.5,11.4
11.151,106.328,326.1,1.3,1.1,2016-05-08,03:40,T,54,5.0       ,294.8,22.7
10.972,107.443,320.7,1.5,1.2,2016-05-08,03:40,T,23,5.0       ,297.1,22.6
13.367,144.725,312,1.6,1.3,2016-05-08,03:30,A,44,5.0       ,294.5,13.4
23.805,106.83,326.1,1,1,2016-05-08,03:40,T,79,5.0       ,301.6,15.6
24.082,104.609,322.1,1.1,1,2016-05-08,03:40,T,75,5.0       ,307.6,9.1
24.132,103.101,336.1,1.2,1.1,2016-05-08,03:40,T,87,5.0       ,313.1,30.6
24.131,103.112,338.2,1.2,1.1,2016-05-08,03:40,T,89,5.0       ,314.1,33.8
23.295,108.736,324.3,1.2,1.1,2016-05-08,03:40,T,77,5.0       ,295.8,23.9
23.113,108.891,321.6,1.2,1.1,2016-05-08,03:40,T,73,5.0       ,295.5,23.1
22.634,108.619,319,1.2,1.1,2016-05-08,03:40,T,70,5.0       ,297.6,14.2
23.744,100.465,319.5,1.8,1.3,2016-05-08,03:40,T,71,5.0       ,299.3,30.5
23.743,100.481,317.4,1.8,1.3,2016-05-08,03:40,T,66,5.0       ,299,23.2
22.936,105.031,315,1,1,2016-05-08,03:40,T,36,5.0       ,297,7.3
23.378,99.413,318.1,2.1,1.4,2016-05-08,03:40,T,61,5.0       ,300.7,25.8
22.168,108.279,327,1.2,1.1,2016-05-08,03:40,T,80,5.0       ,298.5,27.7
22.166,108.29,319,1.2,1.1,2016-05-08,03:40,T,70,5.0       ,298.9,14.7
22.045,108.638,322.2,1.2,1.1,2016-05-08,03:40,T,75,5.0       ,299.1,18.7
21.964,108.315,318.4,1.2,1.1,2016-05-08,03:40,T,69,5.0       ,298.8,13.6
23.057,98.866,313.1,2.2,1.5,2016-05-08,03:40,T,57,5.0       ,299.1,27.5
22.733,101.733,328.4,1.4,1.2,2016-05-08,03:40,T,81,5.0       ,304.8,36.5
22.738,101.728,323.8,1.4,1.2,2016-05-08,03:40,T,77,5.0       ,304.8,28.4
22.528,102.814,314.6,1.2,1.1,2016-05-08,03:40,T,52,5.0       ,300.9,9.6
21.694,108.463,315.9,1.2,1.1,2016-05-08,03:40,T,62,5.0       ,298.7,9.6
22.366,102.486,319.8,1.2,1.1,2016-05-08,03:40,T,72,5.0       ,302.1,13.8
22.117,103.304,347.2,1.1,1.1,2016-05-08,03:40,T,94,5.0       ,299.9,65.7
22.429,100.516,316.5,1.7,1.3,2016-05-08,03:40,T,38,5.0       ,300.7,14.9
21.334,105.349,321,1,1,2016-05-08,03:40,T,73,5.0       ,300.6,12.5
21.442,104.467,328.8,1,1,2016-05-08,03:40,T,82,5.0       ,299.9,25.9
21.969,98.978,317.1,2.1,1.4,2016-05-08,03:40,T,67,5.0       ,302.4,33.3
21.838,99.47,322.9,1.9,1.4,2016-05-08,03:40,T,76,5.0       ,302.5,26.1
21.169,104.053,324.1,1,1,2016-05-08,03:40,T,58,5.0       ,304,9.5
21.511,100.931,329.4,1.5,1.2,2016-05-08,03:40,T,82,5.0       ,299.9,40.3
20.902,105.276,314.7,1,1,2016-05-08,03:40,T,62,5.0       ,298.6,6.5
21.494,100.206,321,1.7,1.3,2016-05-08,03:40,T,73,5.0       ,302.5,28.2
21.288,101.915,319.3,1.3,1.1,2016-05-08,03:40,T,71,5.0       ,304.5,19.4
20.861,105.049,315.3,1,1,2016-05-08,03:40,T,49,5.0       ,299.2,7.6
20.939,104.247,317.9,1,1,2016-05-08,03:40,T,58,5.0       ,300,8.8
20.972,103.689,329,1.1,1,2016-05-08,03:40,T,82,5.0       ,302.4,23.8
20.97,103.7,328.4,1.1,1,2016-05-08,03:40,T,81,5.0       ,299.1,22.3
20.881,104.271,322,1,1,2016-05-08,03:40,T,52,5.0       ,302.6,10.8
21.128,102.293,317.7,1.2,1.1,2016-05-08,03:40,T,68,5.0       ,303,15.5
21.042,102.803,317.5,1.2,1.1,2016-05-08,03:40,T,68,5.0       ,301.4,12.6
21.101,102.028,319.7,1.3,1.1,2016-05-08,03:40,T,64,5.0       ,304.4,18.6
21.019,102.425,315.6,1.2,1.1,2016-05-08,03:40,T,64,5.0       ,300.1,12.8
20.986,102.437,316.1,1.2,1.1,2016-05-08,03:40,T,65,5.0       ,300.8,13
20.866,102.273,320.8,1.2,1.1,2016-05-08,03:40,T,73,5.0       ,304.2,16.8
19.765,109.405,327.4,1.5,1.2,2016-05-08,03:40,T,81,5.0       ,301.9,32.9
19.761,109.399,320.9,1.5,1.2,2016-05-08,03:40,T,73,5.0       ,301.5,18.1
19.759,109.412,321.9,1.5,1.2,2016-05-08,03:40,T,75,5.0       ,302.2,19.2
20.72,102.833,319.1,1.1,1.1,2016-05-08,03:40,T,58,5.0       ,302.4,13.5
20.705,102.874,321.5,1.1,1.1,2016-05-08,03:40,T,70,5.0       ,303.8,17
20.861,101.501,316.8,1.4,1.2,2016-05-08,03:40,T,67,5.0       ,301.5,14.9
20.859,101.513,318.2,1.4,1.2,2016-05-08,03:40,T,69,5.0       ,302.4,17.3
20.831,101.575,317.6,1.4,1.2,2016-05-08,03:40,T,61,5.0       ,303.1,16.3
20.678,102.782,318,1.2,1.1,2016-05-08,03:40,T,38,5.0       ,301.7,12.8
20.621,102.812,317.5,1.1,1.1,2016-05-08,03:40,T,52,5.0       ,300.3,12.1
20.527,102.978,315.4,1.1,1.1,2016-05-08,03:40,T,64,5.0       ,299.9,9.9
20.824,100.375,321.1,1.6,1.3,2016-05-08,03:40,T,69,5.0       ,297.7,26.4
20.561,101.701,322.1,1.3,1.1,2016-05-08,03:40,T,61,5.0       ,303.6,17.7
20.427,102.748,321.2,1.2,1.1,2016-05-08,03:40,T,62,5.0       ,302,17.1
20.622,100.992,317.9,1.5,1.2,2016-05-08,03:40,T,69,5.0       ,302,16.7
20.38,102.702,317.2,1.2,1.1,2016-05-08,03:40,T,67,5.0       ,300.4,13
20.417,102.352,328.7,1.2,1.1,2016-05-08,03:40,T,82,5.0       ,301.1,25.8
20.484,101.503,317.7,1.4,1.2,2016-05-08,03:40,T,68,5.0       ,301.6,14.1
19.981,104.059,314.8,1,1,2016-05-08,03:40,T,62,5.0       ,300.4,9.4
20.185,102.493,318.6,1.2,1.1,2016-05-08,03:40,T,67,5.0       ,302.8,13.6
20.336,100.822,322.3,1.5,1.2,2016-05-08,03:40,T,75,5.0       ,298.2,29.4
19.952,103.403,319.5,1.1,1,2016-05-08,03:40,T,46,5.0       ,303.9,14.1
19.963,102.638,322.5,1.2,1.1,2016-05-08,03:40,T,59,5.0       ,303.7,15
12.565,104.54,324.3,1,1,2016-05-08,03:40,T,77,5.0       ,291.7,8.6
12.155,106.003,321.9,1.2,1.1,2016-05-08,03:40,T,69,5.0       ,284.7,17
12.345,104.589,326.4,1,1,2016-05-08,03:40,T,69,5.0       ,294.2,11.2
12.199,105.412,331.2,1.1,1.1,2016-05-08,03:40,T,82,5.0       ,294.2,24.6
11.922,106.699,324,1.3,1.1,2016-05-08,03:40,T,77,5.0       ,300,20.9
12.023,105.859,315.8,1.2,1.1,2016-05-08,03:40,T,48,5.0       ,288,14.6
12.553,102.055,317.1,1.1,1,2016-05-08,03:40,T,37,5.0       ,291.2,10
11.572,107.653,312.7,1.5,1.2,2016-05-08,03:40,T,40,5.0       ,292.9,15.9
13.403,92.885,323.6,4.7,2,2016-05-08,03:40,T,0,5.0       ,289.2,188.3
13.403,92.88,322.2,4.7,2,2016-05-08,03:40,T,42,5.0       ,289.4,156.1
13.385,92.878,331.7,4.7,2,2016-05-08,03:40,T,43,5.0       ,289.5,267.1
11.525,106.556,317.5,1.3,1.1,2016-05-08,03:40,T,58,5.0       ,297.5,12.1
19.598,105.173,325.4,1,1,2016-05-08,03:40,T,78,5.0       ,300.6,19.7
19.591,105.163,338.3,1,1,2016-05-08,03:40,T,89,5.0       ,299.5,39.8
19.589,105.172,340,1,1,2016-05-08,03:40,T,90,5.0       ,299.9,42.4
19.57,105.178,336.8,1,1,2016-05-08,03:40,T,88,5.0       ,299.5,36.4
20.244,99.768,328.1,1.8,1.3,2016-05-08,03:40,T,81,5.0       ,301.8,44.1
20.242,99.785,327.6,1.8,1.3,2016-05-08,03:40,T,81,5.0       ,301.5,42.2
20.234,99.778,333.4,1.8,1.3,2016-05-08,03:40,T,85,5.0       ,302.2,57.3
19.776,103.021,321.2,1.1,1,2016-05-08,03:40,T,37,5.0       ,303,12
19.298,105.761,319.6,1,1,2016-05-08,03:40,T,71,5.0       ,298.6,12.9
19.955,100.291,324.5,1.6,1.2,2016-05-08,03:40,T,63,5.0       ,303,20.6
19.458,103.92,323.7,1,1,2016-05-08,03:40,T,68,5.0       ,302.4,14.5
19.281,105.075,328.5,1,1,2016-05-08,03:40,T,81,5.0       ,301.5,21
19.28,105.084,327.6,1,1,2016-05-08,03:40,T,81,5.0       ,302.3,20
19.368,103.773,341.7,1,1,2016-05-08,03:40,T,91,5.0       ,301.3,47.2
19.359,103.772,320.6,1,1,2016-05-08,03:40,T,70,5.0       ,299.3,13.7
19.108,105.435,318.6,1,1,2016-05-08,03:40,T,70,5.0       ,301.2,9.3
19.107,105.314,328.8,1,1,2016-05-08,03:40,T,82,5.0       ,301.9,21.3
19.106,105.323,322.6,1,1,2016-05-08,03:40,T,75,5.0       ,302.3,13.4
19.856,99.591,325.5,1.8,1.3,2016-05-08,03:40,T,61,5.0       ,301.7,31.5
19.854,99.608,331.5,1.8,1.3,2016-05-08,03:40,T,82,5.0       ,303.8,52.4
19.563,101.067,325.9,1.4,1.2,2016-05-08,03:40,T,68,5.0       ,304,18.4
19.022,104.326,316.9,1,1,2016-05-08,03:40,T,67,5.0       ,296.6,11.6
18.888,105.054,318.5,1,1,2016-05-08,03:40,T,70,5.0       ,302.8,9.3
18.879,105.046,369.8,1,1,2016-05-08,03:40,T,100,5.0       ,303.1,115.1
18.878,105.056,358,1,1,2016-05-08,03:40,T,99,5.0       ,303,80.6
19.324,101.588,321,1.3,1.1,2016-05-08,03:40,T,70,5.0       ,300.7,14.5
6.745,101.149,328.7,1,1,2016-05-08,03:45,T,82,5.0       ,300.7,20
6.45,101.717,323.3,1,1,2016-05-08,03:45,T,76,5.0       ,299,15.3
6.147,102.209,321.7,1,1,2016-05-08,03:45,T,61,5.0       ,299.8,10.2
6.06,101.92,318.6,1,1,2016-05-08,03:45,T,69,5.0       ,298,11.3
5.839,102.421,319.1,1,1,2016-05-08,03:45,T,70,5.0       ,286.7,10.6
5.437,102.706,314.1,1,1,2016-05-08,03:45,T,51,5.0       ,288.1,10.3
3.993,101.008,312.5,1,1,2016-05-08,03:45,T,28,5.0       ,292.1,6.3
3.63,103.268,314.5,1.1,1,2016-05-08,03:45,T,42,5.0       ,290,11.1
2.54,103.652,322.4,1.2,1.1,2016-05-08,03:45,T,24,5.0       ,275.6,26.2
16.537,121.03,314.7,1.2,1.1,2016-05-08,05:05,A,57,5.0       ,300.3,11.8
16.694,121.977,335.8,1.1,1.1,2016-05-08,05:05,A,87,5.0       ,304.5,34.5
16.533,120.938,315.6,1.3,1.1,2016-05-08,05:05,A,64,5.0       ,296.7,19.5
16.536,120.892,325,1.3,1.1,2016-05-08,05:05,A,78,5.0       ,296.9,36.6
16.534,120.878,327.9,1.3,1.1,2016-05-08,05:05,A,81,5.0       ,299,41.1
16.687,121.135,321.5,1.2,1.1,2016-05-08,05:05,A,48,5.0       ,303.1,17.3
16.779,121.136,323.7,1.2,1.1,2016-05-08,05:05,A,66,5.0       ,304.4,19.6
16.78,121.129,324.7,1.2,1.1,2016-05-08,05:05,A,70,5.0       ,304.1,20.2
16.801,121.069,322.4,1.2,1.1,2016-05-08,05:05,A,75,5.0       ,301,23.9
16.799,121.059,312,1.2,1.1,2016-05-08,05:05,A,43,5.0       ,299.3,9
17.171,121.351,321.9,1.2,1.1,2016-05-08,05:05,A,47,5.0       ,303.5,14.5
17.181,121.349,349.4,1.2,1.1,2016-05-08,05:05,A,95,5.0       ,302.4,72.7
17.2,121.195,310.4,1.2,1.1,2016-05-08,05:05,A,25,5.0       ,297.9,9.4
17.422,121.244,314.8,1.2,1.1,2016-05-08,05:05,A,39,5.0       ,300.1,10.4
17.496,121.258,317,1.2,1.1,2016-05-08,05:05,A,56,5.0       ,300.6,10.3
17.568,121.661,330.2,1.1,1.1,2016-05-08,05:05,A,83,5.0       ,307.9,11.4
17.597,121.72,330.7,1.1,1.1,2016-05-08,05:05,A,67,5.0       ,306.5,8.7
17.61,121.201,316.1,1.2,1.1,2016-05-08,05:05,A,65,5.0       ,298.2,15.3
18.03,121.317,315.1,1.2,1.1,2016-05-08,05:10,A,59,5.0       ,300.5,10.1
-8.968,126.171,310,1.3,1.1,2016-05-08,05:00,A,21,5.0       ,293.4,8.6
-8.875,120.753,313.3,3.4,1.7,2016-05-08,05:00,A,0,5.0       ,293.4,56.2
-8.881,120.748,316,3.4,1.7,2016-05-08,05:00,A,32,5.0       ,294.2,59
-2.113,121.353,313.4,2.4,1.5,2016-05-08,05:00,A,36,5.0       ,294,29.8
-2.101,121.366,313.7,2.4,1.5,2016-05-08,05:00,A,59,5.0       ,293.4,32.3
-1.247,122.596,311.9,1.8,1.3,2016-05-08,05:00,A,0,5.0       ,295.3,17.2
0.776,127.374,317.7,1,1,2016-05-08,05:05,A,0,5.0       ,296.7,12.1
6.237,125.156,327.5,1,1,2016-05-08,05:05,A,75,5.0       ,289.4,19.9
6.429,125.078,320.9,1,1,2016-05-08,05:05,A,71,5.0       ,294,17.2
9.638,122.584,319.5,1.3,1.1,2016-05-08,05:05,A,71,5.0       ,300.5,16.6
10.1,124.548,326.2,1,1,2016-05-08,05:05,A,37,5.0       ,304.7,12.8
9.168,118.05,319.4,2.8,1.6,2016-05-08,05:05,A,71,5.0       ,298,43.1
10.504,119.399,327.5,2,1.4,2016-05-08,05:05,A,81,5.0       ,293.4,74.6
10.505,119.394,335.8,2,1.4,2016-05-08,05:05,A,87,5.0       ,293.3,111.5
11.59,125.102,330.6,1,1,2016-05-08,05:05,A,83,5.0       ,303.6,22.7
11.588,125.093,320.1,1,1,2016-05-08,05:05,A,53,5.0       ,302.1,8.3
12.73,124.01,328.2,1,1,2016-05-08,05:05,A,78,5.0       ,310.9,19.6
13.081,121.21,311.8,1.4,1.2,2016-05-08,05:05,A,30,5.0       ,299.1,9.4
13.121,121.209,335.9,1.4,1.2,2016-05-08,05:05,A,87,5.0       ,300.4,57.5
13.127,120.742,323,1.5,1.2,2016-05-08,05:05,A,63,5.0       ,303.7,16.7
13.608,123.213,332.7,1.1,1,2016-05-08,05:05,A,72,5.0       ,307.1,23.2
14.109,121.556,316.3,1.3,1.1,2016-05-08,05:05,A,64,5.0       ,303,14.2
14.242,120.831,326.9,1.4,1.2,2016-05-08,05:05,A,48,5.0       ,301.7,28.6
14.521,120.6,323.6,1.4,1.2,2016-05-08,05:05,A,0,5.0       ,307.3,19.6
14.696,121.188,321.5,1.3,1.1,2016-05-08,05:05,A,69,5.0       ,301.4,20.6
14.694,121.176,321.1,1.3,1.1,2016-05-08,05:05,A,60,5.0       ,301.9,18.1
14.993,120.673,321.1,1.4,1.2,2016-05-08,05:05,A,40,5.0       ,301.9,11.6
15.331,120.787,345.7,1.3,1.1,2016-05-08,05:05,A,93,5.0       ,306.5,68.2
15.329,120.775,331.9,1.3,1.1,2016-05-08,05:05,A,84,5.0       ,306.2,29.2
15.338,120.781,325,1.3,1.1,2016-05-08,05:05,A,49,5.0       ,306.8,15.8
15.926,121.055,328.8,1.3,1.1,2016-05-08,05:05,A,59,5.0       ,305.6,23.1
16.261,121.557,317.8,1.2,1.1,2016-05-08,05:05,A,68,5.0       ,300,17.7
16.291,121.564,318.8,1.2,1.1,2016-05-08,05:05,A,59,5.0       ,300.3,16.6
16.343,120.646,317.8,1.3,1.1,2016-05-08,05:05,A,65,5.0       ,300.5,15.3
16.57,121.951,365.6,1.1,1.1,2016-05-08,05:05,A,100,5.0       ,301.9,123.3
16.484,121.398,319.4,1.2,1.1,2016-05-08,05:05,A,42,5.0       ,302.1,13.4
18.696,105.231,319.8,1,1,2016-05-08,03:40,T,72,5.0       ,301.7,12.2
18.532,105.702,319.8,1,1,2016-05-08,03:40,T,39,5.0       ,304.7,9.7
18.716,103.442,317.6,1,1,2016-05-08,03:40,T,56,5.0       ,301,10
18.842,102.089,318.8,1.2,1.1,2016-05-08,03:40,T,67,5.0       ,299,13.9
18.84,102.083,319.4,1.2,1.1,2016-05-08,03:40,T,71,5.0       ,299.1,16.3
18.656,102.253,321.5,1.2,1.1,2016-05-08,03:40,T,54,5.0       ,302.6,17.7
18.763,100.875,324.5,1.4,1.2,2016-05-08,03:40,T,78,5.0       ,303.2,20.7
17.726,106.317,316.8,1.1,1,2016-05-08,03:40,T,64,5.0       ,298.9,10
17.77,103.171,328,1.1,1,2016-05-08,03:40,T,69,5.0       ,302.5,9
17.466,105.004,320.3,1,1,2016-05-08,03:40,T,41,5.0       ,302.1,10.7
17.397,104.786,323.5,1,1,2016-05-08,03:40,T,36,5.0       ,301.2,8.8
17.615,100.364,331.3,1.5,1.2,2016-05-08,03:40,T,84,5.0       ,294.3,35.2
16.568,107.28,324.8,1.2,1.1,2016-05-08,03:40,T,78,5.0       ,299,24.5
16.387,107.697,322.5,1.3,1.1,2016-05-08,03:40,T,67,5.0       ,301,16.7
16.319,107.741,317.7,1.3,1.1,2016-05-08,03:40,T,68,5.0       ,297.8,12.9
16.145,107.736,319.4,1.3,1.1,2016-05-08,03:40,T,71,5.0       ,298.2,18
16.144,107.748,314.8,1.3,1.1,2016-05-08,03:40,T,60,5.0       ,298,10.8
16.002,107.791,319.4,1.3,1.1,2016-05-08,03:40,T,58,5.0       ,296.6,19.9
16,107.803,350.5,1.3,1.1,2016-05-08,03:40,T,95,5.0       ,295.9,99.8
15.992,107.789,317.7,1.3,1.1,2016-05-08,03:40,T,43,5.0       ,296.5,15.1
15.99,107.801,348.8,1.3,1.1,2016-05-08,03:40,T,95,5.0       ,296,92.1
15.984,107.838,315.6,1.3,1.2,2016-05-08,03:40,T,55,5.0       ,296.2,14.3
15.947,107.933,313.1,1.4,1.2,2016-05-08,03:40,T,41,5.0       ,295.9,11.8
15.942,107.723,320.2,1.3,1.1,2016-05-08,03:40,T,71,5.0       ,297,20.3
15.94,107.735,316.7,1.3,1.1,2016-05-08,03:40,T,49,5.0       ,297.1,13
16.036,107.078,318,1.2,1.1,2016-05-08,03:40,T,63,5.0       ,290.1,18.4
15.928,107.746,317.7,1.3,1.1,2016-05-08,03:40,T,39,5.0       ,297.1,15.3
16.026,107.077,319,1.2,1.1,2016-05-08,03:40,T,62,5.0       ,292.1,19.9
15.845,107.687,311.6,1.3,1.1,2016-05-08,03:40,T,48,5.0       ,295.6,10.2
15.843,107.7,324,1.3,1.1,2016-05-08,03:40,T,77,5.0       ,296.1,31.8
16.967,99.408,330,1.7,1.3,2016-05-08,03:40,T,83,5.0       ,304.7,23.8
16.1,104.951,323.4,1,1,2016-05-08,03:40,T,61,5.0       ,295.6,7.8
15.489,108.169,319.2,1.4,1.2,2016-05-08,03:40,T,62,5.0       ,297.6,19.4
15.474,108.195,324.6,1.4,1.2,2016-05-08,03:40,T,78,5.0       ,297.8,30
15.994,104.738,324.4,1,1,2016-05-08,03:40,T,53,5.0       ,298.7,10.2
15.44,108.134,314.8,1.4,1.2,2016-05-08,03:40,T,46,5.0       ,297,11.7
15.446,108.129,315.5,1.4,1.2,2016-05-08,03:40,T,59,5.0       ,296.9,13.4
16.709,98.582,324.4,1.9,1.3,2016-05-08,03:40,T,77,5.0       ,297.2,22.2
15.89,104.444,325.8,1,1,2016-05-08,03:40,T,69,5.0       ,301.1,12.3
15.246,108.319,312.7,1.5,1.2,2016-05-08,03:40,T,55,5.0       ,296.8,12.6
15.796,104.15,322.2,1,1,2016-05-08,03:40,T,48,5.0       ,300.1,8.5
16.29,100.243,328.5,1.4,1.2,2016-05-08,03:40,T,82,5.0       ,299.1,18.2
15.626,104.545,332,1,1,2016-05-08,03:40,T,71,5.0       ,302.7,19
15.022,108.066,311.7,1.4,1.2,2016-05-08,03:40,T,42,5.0       ,296.5,14.1
15.577,103.881,327.1,1,1,2016-05-08,03:40,T,80,5.0       ,301.7,10.1
15.56,103.74,328.7,1,1,2016-05-08,03:40,T,82,5.0       ,300.7,13.2
16.227,98.547,315.1,1.9,1.3,2016-05-08,03:40,T,57,5.0       ,293.7,23.5
14.796,108.38,315.1,1.5,1.2,2016-05-08,03:40,T,19,5.0       ,301.1,16.1
15.929,100.744,327,1.3,1.1,2016-05-08,03:40,T,58,5.0       ,299.6,14.4
14.719,108.769,323.4,1.6,1.3,2016-05-08,03:40,T,76,5.0       ,300.4,35.9
14.634,108.934,315.8,1.7,1.3,2016-05-08,03:40,T,61,5.0       ,297.3,18.4
14.631,108.949,318.2,1.7,1.3,2016-05-08,03:40,T,69,5.0       ,297.2,25.5
15.399,103.333,330.8,1,1,2016-05-08,03:40,T,77,5.0       ,300.8,12.5
15.397,103.343,331.7,1,1,2016-05-08,03:40,T,69,5.0       ,301.9,14.9
15.426,102.884,332.4,1,1,2016-05-08,03:40,T,68,5.0       ,299,17.7
15.152,104.506,323.5,1,1,2016-05-08,03:40,T,26,5.0       ,299,11.9
11.139,106.338,323.6,1.3,1.1,2016-05-08,03:40,T,36,5.0       ,296.6,17.9
11.03,106.314,320.4,1.3,1.1,2016-05-08,03:40,T,22,5.0       ,295.1,13.4
11.017,106.395,323.2,1.3,1.1,2016-05-08,03:40,T,26,5.0       ,295.8,16.1
11.019,106.39,323.7,1.3,1.1,2016-05-08,03:40,T,18,5.0       ,295.7,18.2
10.892,106.726,325,1.4,1.2,2016-05-08,03:40,T,48,5.0       ,297.9,17.2
10.816,106.179,317.4,1.3,1.1,2016-05-08,03:40,T,35,5.0       ,288.9,12.4
11.1,104.225,326.8,1,1,2016-05-08,03:40,T,67,5.0       ,291.9,21.6
10.646,105.757,313.4,1.2,1.1,2016-05-08,03:40,T,58,5.0       ,283.8,10.2
10.438,104.871,324.3,1.1,1,2016-05-08,03:40,T,67,5.0       ,298.6,16.9
10.428,104.869,320.9,1.1,1,2016-05-08,03:40,T,40,5.0       ,297.7,11.8
10.413,104.014,313.1,1,1,2016-05-08,03:40,T,18,5.0       ,291.9,6.9
9.795,105.961,324.8,1.3,1.1,2016-05-08,03:40,T,78,5.0       ,294,24
9.793,105.973,326.4,1.3,1.1,2016-05-08,03:40,T,80,5.0       ,295.2,26.9
9.794,105.967,329,1.3,1.1,2016-05-08,03:40,T,82,5.0       ,295.4,30.4
9.644,106.008,328.1,1.3,1.1,2016-05-08,03:40,T,72,5.0       ,297.7,23.8
1.83,104.112,315.4,1.1,1,2016-05-08,06:40,A,22,5.0       ,285.4,9.6
2.9,108.861,321,2.3,1.5,2016-05-08,06:40,A,39,5.0       ,292.7,45.2
2.826,103.344,318.7,1,1,2016-05-08,06:40,A,50,5.0       ,289.3,13.8
3.269,103.232,319.2,1,1,2016-05-08,06:40,A,46,5.0       ,293.1,15.9
3.674,103.299,321.1,1,1,2016-05-08,06:40,A,36,5.0       ,296.3,14.1
3.683,103.298,321.5,1,1,2016-05-08,06:40,A,48,5.0       ,296.9,14.8
4.089,103.367,332.6,1,1,2016-05-08,06:40,A,85,5.0       ,295.6,29.3
4.098,103.366,332.5,1,1,2016-05-08,06:40,A,85,5.0       ,294.7,30
17.453,94.623,323.5,1.5,1.2,2016-05-08,06:45,A,76,5.0       ,304.2,29.6
18.498,101.725,321.6,1.2,1.1,2016-05-08,06:45,A,57,5.0       ,302.3,11.9
17.455,94.617,325.2,1.5,1.2,2016-05-08,06:45,A,78,5.0       ,304.6,32.1
18.77,103.808,333.1,1.6,1.3,2016-05-08,06:45,A,85,5.0       ,296.1,62.6
18.798,103.851,317,1.7,1.3,2016-05-08,06:45,A,51,5.0       ,296.8,18.8
18.52,101.585,345.1,1.2,1.1,2016-05-08,06:45,A,93,5.0       ,302.1,55.8
18.55,101.74,378.7,1.2,1.1,2016-05-08,06:45,A,100,5.0       ,303.7,186.6
18.39,100.456,334.2,1.1,1,2016-05-08,06:45,A,86,5.0       ,312.5,18.3
18.595,101.932,339.3,1.2,1.1,2016-05-08,06:45,A,89,5.0       ,299.9,49.3
18.593,101.92,322.3,1.2,1.1,2016-05-08,06:45,A,62,5.0       ,300.6,15.2
18.399,100.455,346.6,1.1,1,2016-05-08,06:45,A,93,5.0       ,312.3,42.7
18.398,100.445,332.6,1.1,1,2016-05-08,06:45,A,85,5.0       ,311.6,14.3
18.838,103.799,342.1,1.6,1.3,2016-05-08,06:45,A,91,5.0       ,296.9,93
18.609,101.965,328.8,1.2,1.1,2016-05-08,06:45,A,82,5.0       ,301.6,27.7
18.607,101.954,330.3,1.2,1.1,2016-05-08,06:45,A,83,5.0       ,301,30.2
18.851,103.814,316,1.6,1.3,2016-05-08,06:45,A,27,5.0       ,296.3,15.4
18.656,102.249,322.6,1.3,1.1,2016-05-08,06:45,A,58,5.0       ,304.1,17.6
18.617,101.952,323.2,1.2,1.1,2016-05-08,06:45,A,76,5.0       ,300.9,18.7
18.616,101.94,320.3,1.2,1.1,2016-05-08,06:45,A,37,5.0       ,300.3,11.4
18.435,100.581,330.1,1.1,1,2016-05-08,06:45,A,45,5.0       ,311.7,15.5
18.839,103.808,324.2,1.6,1.3,2016-05-08,06:45,A,77,5.0       ,296.7,35.8
18.837,103.793,328.4,1.6,1.3,2016-05-08,06:45,A,81,5.0       ,296.8,46.9
18.656,102.255,322.4,1.3,1.1,2016-05-08,06:45,A,61,5.0       ,304.2,16.4
18.618,101.945,325.8,1.2,1.1,2016-05-08,06:45,A,75,5.0       ,300.9,23.2
18.851,103.807,319.3,1.6,1.3,2016-05-08,06:45,A,48,5.0       ,296.4,23.6
18.727,102.573,401.5,1.4,1.2,2016-05-08,06:45,A,94,5.0       ,304.4,396.7
18.633,101.826,330.4,1.2,1.1,2016-05-08,06:45,A,83,5.0       ,300,31.7
18.467,100.549,330.1,1.1,1,2016-05-08,06:45,A,71,5.0       ,311.5,15.8
18.636,101.767,366.7,1.2,1.1,2016-05-08,06:45,A,100,5.0       ,301.8,134.7
18.352,99.638,329.8,1,1,2016-05-08,06:45,A,68,5.0       ,313,12.4
18.351,99.628,331,1,1,2016-05-08,06:45,A,75,5.0       ,315.6,13
18.669,101.867,354.3,1.2,1.1,2016-05-08,06:45,A,97,5.0       ,298.9,95.4
18.667,101.856,331.8,1.2,1.1,2016-05-08,06:45,A,72,5.0       ,298.7,34.9
18.658,101.787,353.9,1.2,1.1,2016-05-08,06:45,A,97,5.0       ,300.1,89.6
18.657,101.776,407,1.2,1.1,2016-05-08,06:45,A,100,5.0       ,305.9,381.7
18.656,101.764,336,1.2,1.1,2016-05-08,06:45,A,87,5.0       ,302,39.6
18.677,101.855,358.5,1.2,1.1,2016-05-08,06:45,A,99,5.0       ,299.6,108
18.676,101.843,369,1.2,1.1,2016-05-08,06:45,A,100,5.0       ,301.3,148.7
18.667,101.774,336.3,1.2,1.1,2016-05-08,06:45,A,87,5.0       ,300.6,42.8
18.665,101.763,323.9,1.2,1.1,2016-05-08,06:45,A,57,5.0       ,302.4,18
18.522,100.675,331.6,1.1,1,2016-05-08,06:45,A,84,5.0       ,309.4,15.9
18.687,101.853,337.6,1.2,1.1,2016-05-08,06:45,A,88,5.0       ,298.7,46.9
18.685,101.842,359.8,1.2,1.1,2016-05-08,06:45,A,99,5.0       ,300.3,112.7
18.486,100.344,337,1.1,1,2016-05-08,06:45,A,88,5.0       ,311.6,25.6
18.217,98.433,338,1,1,2016-05-08,06:45,A,89,5.0       ,315.2,22.9
18.414,99.754,326.6,1,1,2016-05-08,06:45,A,80,5.0       ,309,10.5
17.672,94.832,325.2,1.5,1.2,2016-05-08,06:45,A,74,5.0       ,306.4,27.3
17.675,94.827,324.9,1.5,1.2,2016-05-08,06:45,A,78,5.0       ,306.5,28.6
18.738,102.018,320.1,1.3,1.1,2016-05-08,06:45,A,67,5.0       ,300,14.1
18.738,101.852,321.8,1.2,1.1,2016-05-08,06:45,A,74,5.0       ,301.2,16.3
18.736,101.841,349.1,1.2,1.1,2016-05-08,06:45,A,95,5.0       ,302.1,77.8
18.52,100.194,339.8,1,1,2016-05-08,06:45,A,90,5.0       ,313.3,22.3
18.476,99.738,319.6,1,1,2016-05-08,06:45,A,64,5.0       ,305.6,5.4
18.328,98.506,324,1,1,2016-05-08,06:45,A,41,5.0       ,306.9,10.9
18.39,98.795,331.4,1,1,2016-05-08,06:45,A,74,5.0       ,315.3,10.3
18.406,98.85,338.5,1,1,2016-05-08,06:45,A,89,5.0       ,319,19.6
18.405,98.841,343.5,1,1,2016-05-08,06:45,A,92,5.0       ,317,29
18.622,100.261,337.7,1,1,2016-05-08,06:45,A,84,5.0       ,311.4,25.1
19.215,105.004,315.1,2,1.4,2016-05-08,06:45,A,62,5.0       ,296.4,18
18.884,102.198,317.2,1.3,1.1,2016-05-08,06:45,A,67,5.0       ,301.1,12.2
18.821,101.624,323.7,1.2,1.1,2016-05-08,06:45,A,77,5.0       ,304.6,16
18.625,100.082,333.4,1,1,2016-05-08,06:45,A,73,5.0       ,309.4,19.6
18.588,99.812,322.7,1,1,2016-05-08,06:45,A,55,5.0       ,307.7,8.1
18.808,101.378,329.2,1.2,1.1,2016-05-08,06:45,A,82,5.0       ,305.5,18.3
19.274,105.075,332.4,2.1,1.4,2016-05-08,06:45,A,85,5.0       ,298.9,77.1
19.277,105.09,318.5,2.1,1.4,2016-05-08,06:45,A,52,5.0       ,298.2,25.4
18.914,101.957,320.4,1.3,1.1,2016-05-08,06:45,A,50,5.0       ,301.7,14.5
19.28,105.008,316.9,2,1.4,2016-05-08,06:45,A,58,5.0       ,297.5,24.7
18.983,101.947,341.1,1.3,1.1,2016-05-08,06:45,A,90,5.0       ,301.7,56.6
18.273,96.892,320.3,1.1,1.1,2016-05-08,06:45,A,72,5.0       ,303.7,12.7
18.986,101.952,352.2,1.3,1.1,2016-05-08,06:45,A,96,5.0       ,302.9,88.5
18.997,101.962,319.8,1.3,1.1,2016-05-08,06:45,A,68,5.0       ,300.4,14.1
18.393,97.201,315.6,1.1,1,2016-05-08,06:45,A,35,5.0       ,304,6.2
17.986,94.563,319.8,1.5,1.2,2016-05-08,06:45,A,40,5.0       ,302.1,18.2
19.36,103.779,331.4,1.7,1.3,2016-05-08,06:45,A,84,5.0       ,296.9,59.6
19.358,103.764,329.5,1.7,1.3,2016-05-08,06:45,A,78,5.0       ,301.3,52.4
18.343,96.218,320.9,1.2,1.1,2016-05-08,06:45,A,73,5.0       ,305,9.4
18.93,99.961,336,1,1,2016-05-08,06:45,A,87,5.0       ,307.7,24.7
19.004,100.441,324.7,1.1,1,2016-05-08,06:45,A,76,5.0       ,304.4,17
19.598,105.172,328.3,2.1,1.4,2016-05-08,06:45,A,81,5.0       ,297.2,67
18.936,99.733,327.8,1,1,2016-05-08,06:45,A,65,5.0       ,308.3,14
18.766,98.098,331.3,1,1,2016-05-08,06:45,A,84,5.0       ,303.9,27.9
18.642,97.08,321.4,1.1,1,2016-05-08,06:45,A,74,5.0       ,301.7,16.3
18.613,96.895,325.3,1.1,1,2016-05-08,06:45,A,78,5.0       ,306,19.3
18.612,96.884,326.4,1.1,1,2016-05-08,06:45,A,80,5.0       ,308.3,20.5
19.239,101.096,327.7,1.1,1.1,2016-05-08,06:45,A,33,5.0       ,309.2,17.1
18.86,98.105,364.3,1,1,2016-05-08,06:45,A,100,5.0       ,303.3,102.3
18.859,98.096,321.6,1,1,2016-05-08,06:45,A,74,5.0       ,301.3,15.1
19.701,103.977,323.4,1.7,1.3,2016-05-08,06:45,A,26,5.0       ,286.5,51.3
19.339,100.823,323.7,1.1,1.1,2016-05-08,06:45,A,77,5.0       ,304.2,13.7
19.92,105.28,312.9,2.2,1.4,2016-05-08,06:45,A,30,5.0       ,294.7,18.9
19.918,105.261,313.3,2.2,1.4,2016-05-08,06:45,A,35,5.0       ,295.1,21.3
19.386,100.816,325.1,1.1,1.1,2016-05-08,06:45,A,57,5.0       ,306,15.8
19.92,105.274,317.9,2.2,1.4,2016-05-08,06:45,A,69,5.0       ,295.2,36.1
19.178,98.965,330.7,1,1,2016-05-08,06:45,A,48,5.0       ,311.6,10.5
19.108,97.977,327.6,1,1,2016-05-08,06:45,A,81,5.0       ,308.6,14.8
19.117,97.976,322.5,1,1,2016-05-08,06:45,A,54,5.0       ,307.2,7.3
19.598,101.031,346.9,1.1,1.1,2016-05-08,06:45,A,94,5.0       ,307.6,54.5
19.596,101.02,371,1.1,1.1,2016-05-08,06:45,A,100,5.0       ,308.8,132.4
19.604,101.034,331.8,1.1,1.1,2016-05-08,06:45,A,84,5.0       ,305.8,28.1
19.602,101.024,333.2,1.1,1.1,2016-05-08,06:45,A,85,5.0       ,307.3,31.3
19.718,101.067,328.3,1.1,1.1,2016-05-08,06:45,A,64,5.0       ,306.6,14.7
20.122,103.749,327.5,1.7,1.3,2016-05-08,06:45,A,73,5.0       ,295,43
20.206,103.776,317.9,1.7,1.3,2016-05-08,06:45,A,59,5.0       ,297.4,26.7
19.835,100.553,327.8,1.1,1,2016-05-08,06:45,A,58,5.0       ,306.9,11.6
19.728,99.753,328.3,1,1,2016-05-08,06:45,A,59,5.0       ,310.2,10.6
18.86,94.123,328.6,1.6,1.2,2016-05-08,06:45,A,0,5.0       ,301.3,43.7
20.18,103.081,356.5,1.5,1.2,2016-05-08,06:45,A,98,5.0       ,301.1,140.1
20.175,102.948,326,1.5,1.2,2016-05-08,06:45,A,79,5.0       ,300.5,34.3
19.814,99.97,338,1,1,2016-05-08,06:45,A,88,5.0       ,313.4,20.2
19.884,100.419,345.8,1.1,1,2016-05-08,06:45,A,93,5.0       ,310.4,45.6
20.338,103.649,315.2,1.7,1.3,2016-05-08,06:45,A,51,5.0       ,298.3,16.2
20.29,103.045,322.9,1.5,1.2,2016-05-08,06:45,A,76,5.0       ,298.6,26.2
19.857,99.677,337.2,1,1,2016-05-08,06:45,A,88,5.0       ,302.4,30.6
19.855,99.667,337.6,1,1,2016-05-08,06:45,A,88,5.0       ,305.9,31.6
19.96,100.298,330.3,1.1,1,2016-05-08,06:45,A,59,5.0       ,308.8,11.2
19.914,99.958,323.3,1,1,2016-05-08,06:45,A,42,5.0       ,306.1,10.5
20.107,100.713,331.7,1.1,1.1,2016-05-08,06:45,A,84,5.0       ,309.7,23.9
20.444,102.983,316.5,1.5,1.2,2016-05-08,06:45,A,66,5.0       ,298.3,15.8
20.651,104.707,316.7,2,1.4,2016-05-08,06:45,A,51,5.0       ,297.7,27.2
20.417,102.671,400,1.4,1.2,2016-05-08,06:45,A,75,5.0       ,294.5,419
19.236,94.374,320.2,1.5,1.2,2016-05-08,06:45,A,72,5.0       ,303.4,19.5
20.645,104.511,323.7,2,1.4,2016-05-08,06:45,A,0,5.0       ,290.7,47.9
20.221,100.695,326.4,1.1,1.1,2016-05-08,06:45,A,64,5.0       ,306.6,14.9
20.214,100.641,318.6,1.1,1.1,2016-05-08,06:45,A,70,5.0       ,302.9,8.1
20.237,100.31,327.8,1.1,1,2016-05-08,06:45,A,76,5.0       ,308.6,17
20.567,102.571,318.6,1.4,1.2,2016-05-08,06:45,A,70,5.0       ,299.1,15.1
20.7,103.423,324.3,1.6,1.3,2016-05-08,06:45,A,71,5.0       ,294.9,37.8
20.352,100.625,321.5,1.1,1.1,2016-05-08,06:45,A,66,5.0       ,304.8,9.4
20.36,100.613,322.1,1.1,1.1,2016-05-08,06:45,A,74,5.0       ,304.7,8.9
5.913,102.409,327.8,1,1,2016-05-08,06:45,A,59,5.0       ,302.7,12.6
5.924,102.417,328,1,1,2016-05-08,06:45,A,76,5.0       ,304.2,12.8
6.441,101.718,327.8,1,1,2016-05-08,06:45,A,81,5.0       ,301.8,19.7
6.45,101.717,327,1,1,2016-05-08,06:45,A,80,5.0       ,302.9,18.9
6.737,101.148,323.7,1,1,2016-05-08,06:45,A,69,5.0       ,300.2,12.6
7.876,100.103,316.3,1,1,2016-05-08,06:45,A,43,5.0       ,294.1,7.7
7.874,100.094,319.6,1,1,2016-05-08,06:45,A,62,5.0       ,294.5,11.7
10.847,105.428,315.5,1.6,1.3,2016-05-08,06:45,A,64,5.0       ,289.7,19.3
12.059,107.902,318.1,2.7,1.6,2016-05-08,06:45,A,60,5.0       ,292,43.1
12.499,108.837,342.3,3.2,1.7,2016-05-08,06:45,A,91,5.0       ,289.9,267.4
12.617,108.931,314.3,3.3,1.7,2016-05-08,06:45,A,29,5.0       ,293.5,43.8
22.377,98.811,322,1,1,2016-05-08,06:50,A,75,5.0       ,301.9,15.1
21.392,92.261,318.8,1.9,1.3,2016-05-08,06:50,A,70,5.0       ,302.6,22.6
21.397,92.253,317.1,1.9,1.3,2016-05-08,06:50,A,67,5.0       ,302.7,18.7
22.487,98.807,326.9,1,1,2016-05-08,06:50,A,77,5.0       ,309.9,17.1
22.486,98.797,322.2,1,1,2016-05-08,06:50,A,50,5.0       ,306.7,11.2
22.494,98.726,332.3,1,1,2016-05-08,06:50,A,85,5.0       ,310.1,26.4
22.503,98.725,324.5,1,1,2016-05-08,06:50,A,53,5.0       ,308,15.7
22.54,98.465,332.6,1,1,2016-05-08,06:50,A,67,5.0       ,312.4,16.6
21.524,92.107,319.6,1.9,1.4,2016-05-08,06:50,A,71,5.0       ,301.1,27.2
21.521,92.089,317,2,1.4,2016-05-08,06:50,A,67,5.0       ,301.8,18.9
21.529,92.1,324.6,1.9,1.4,2016-05-08,06:50,A,78,5.0       ,301.6,41.7
22.679,98.933,322.2,1,1,2016-05-08,06:50,A,57,5.0       ,300.2,12.5
22.778,99.053,322.6,1,1,2016-05-08,06:50,A,65,5.0       ,306.9,11.5
22.848,98.754,324.4,1,1,2016-05-08,06:50,A,77,5.0       ,309.3,15.5
22.817,98.267,331.2,1,1,2016-05-08,06:50,A,79,5.0       ,307.3,24
22.815,98.257,336.2,1,1,2016-05-08,06:50,A,87,5.0       ,308.8,32.3
22.969,98.769,323.5,1,1,2016-05-08,06:50,A,76,5.0       ,307.8,13.6
23.015,98.834,319.7,1,1,2016-05-08,06:50,A,71,5.0       ,303.5,11.6
22.939,97.895,326.6,1,1,2016-05-08,06:50,A,80,5.0       ,302.3,19.6
22.404,94.226,335.5,1.3,1.2,2016-05-08,06:50,A,87,5.0       ,309.7,39.9
23.414,99.62,321.8,1.1,1,2016-05-08,06:50,A,57,5.0       ,306.9,13.2
23.363,98.753,322.6,1,1,2016-05-08,06:50,A,75,5.0       ,303.7,12.5
23.302,96.487,325.5,1,1,2016-05-08,06:50,A,79,5.0       ,308,9.7
23.485,97.087,319.7,1,1,2016-05-08,06:50,A,72,5.0       ,301.6,12.4
23.427,96.571,328.1,1,1,2016-05-08,06:50,A,58,5.0       ,305.2,13
23.425,96.561,339.5,1,1,2016-05-08,06:50,A,89,5.0       ,304.7,32
23.911,99.001,319,1,1,2016-05-08,06:50,A,57,5.0       ,302.2,10.2
23.705,96.956,323,1,1,2016-05-08,06:50,A,54,5.0       ,304.3,9.9
23.909,98.315,320.2,1,1,2016-05-08,06:50,A,48,5.0       ,305.5,9.4
23.832,97.507,314.9,1,1,2016-05-08,06:50,A,61,5.0       ,301,9.3
24.064,98.367,324,1,1,2016-05-08,06:50,A,68,5.0       ,302.4,17.2
24.202,97.971,323.4,1,1,2016-05-08,06:50,A,52,5.0       ,298.9,19.3
24.24,97.919,327.9,1,1,2016-05-08,06:50,A,75,5.0       ,303.2,21.2
24.233,96.905,321.9,1,1,2016-05-08,06:50,A,61,5.0       ,302.6,8.8
24.26,97.031,320.9,1,1,2016-05-08,06:50,A,73,5.0       ,300.4,12
24.22,96.634,327.8,1,1,2016-05-08,06:50,A,66,5.0       ,303.4,17.1
24.82,97.016,328.9,1,1,2016-05-08,06:50,A,82,5.0       ,299.9,19.8
24.831,97.024,317.6,1,1,2016-05-08,06:50,A,30,5.0       ,298.6,5.8
24.743,95.82,317.3,1.1,1,2016-05-08,06:50,A,67,5.0       ,300.1,9.4
24.381,93.399,310.2,1.4,1.2,2016-05-08,06:50,A,27,5.0       ,291,11.5
24.565,94.176,315.5,1.3,1.1,2016-05-08,06:50,A,64,5.0       ,297.8,15.6
25.128,96.602,321,1,1,2016-05-08,06:50,A,69,5.0       ,300.9,12
24.899,94.979,325.1,1.1,1.1,2016-05-08,06:50,A,78,5.0       ,300.3,19.1
24.904,94.984,318.1,1.1,1.1,2016-05-08,06:50,A,47,5.0       ,299.5,8.6
24.609,93.116,312.9,1.4,1.2,2016-05-08,06:50,A,53,5.0       ,296.9,12
24.938,94.954,321.6,1.1,1.1,2016-05-08,06:50,A,57,5.0       ,299.9,15.4
25.145,96.099,344.5,1,1,2016-05-08,06:50,A,92,5.0       ,300.7,47.5
25.18,96.269,332.9,1,1,2016-05-08,06:50,A,85,5.0       ,301.6,29.8
25.178,96.259,321.8,1,1,2016-05-08,06:50,A,74,5.0       ,301.4,14.7
25.408,97.71,341.4,1,1,2016-05-08,06:50,A,91,5.0       ,302.2,42.9
12.64,105.894,325.6,1.9,1.3,2016-05-08,06:45,A,70,5.0       ,296.2,33.6
12.633,105.357,322.5,1.7,1.3,2016-05-08,06:45,A,58,5.0       ,287.5,24.7
12.561,104.509,337.3,1.5,1.2,2016-05-08,06:45,A,77,5.0       ,296.4,45.7
12.753,105.768,327.4,1.9,1.3,2016-05-08,06:45,A,76,5.0       ,289.5,49.1
12.76,104.292,333.8,1.5,1.2,2016-05-08,06:45,A,64,5.0       ,288.6,43.9
12.288,99.908,329.4,1,1,2016-05-08,06:45,A,75,5.0       ,288.5,22.8
12.286,99.899,322.3,1,1,2016-05-08,06:45,A,30,5.0       ,287.6,12.2
12.915,103.783,326.9,1.4,1.2,2016-05-08,06:45,A,0,5.0       ,297,13.2
12.855,102.86,333.2,1.2,1.1,2016-05-08,06:45,A,56,5.0       ,304,22
13.101,103.646,333.5,1.3,1.1,2016-05-08,06:45,A,69,5.0       ,299.9,32.3
13.113,103.656,385.7,1.3,1.1,2016-05-08,06:45,A,100,5.0       ,299.4,259.5
13.508,106.409,325.6,2.1,1.4,2016-05-08,06:45,A,75,5.0       ,297,44.5
13.509,106.401,326.5,2.1,1.4,2016-05-08,06:45,A,79,5.0       ,296.6,47.3
13.171,103.629,347.3,1.3,1.1,2016-05-08,06:45,A,94,5.0       ,296.8,75.9
13.169,103.617,345,1.3,1.1,2016-05-08,06:45,A,93,5.0       ,298.2,66.4
13.222,103.622,392.3,1.3,1.1,2016-05-08,06:45,A,87,5.0       ,297.6,307.4
13.244,103.632,334.5,1.3,1.1,2016-05-08,06:45,A,73,5.0       ,297.5,32.3
13.245,103.663,328.3,1.3,1.1,2016-05-08,06:45,A,74,5.0       ,296.1,24.1
13.243,103.651,328.3,1.3,1.1,2016-05-08,06:45,A,57,5.0       ,297.1,23.2
13.251,103.625,327.7,1.3,1.1,2016-05-08,06:45,A,66,5.0       ,297,17.9
13.273,103.635,326.2,1.3,1.1,2016-05-08,06:45,A,50,5.0       ,298.8,16.5
13.271,103.622,327.1,1.3,1.1,2016-05-08,06:45,A,64,5.0       ,297.7,18.4
13.285,103.646,337.2,1.3,1.1,2016-05-08,06:45,A,88,5.0       ,297.1,42.2
14.001,106.926,323.1,2.4,1.5,2016-05-08,06:45,A,64,5.0       ,296.2,41.3
13.942,103.846,331.2,1.4,1.2,2016-05-08,06:45,A,74,5.0       ,301.1,25.9
13.621,100.683,322.4,1,1,2016-05-08,06:45,A,71,5.0       ,282.5,16.2
13.366,98.906,316,1,1,2016-05-08,06:45,A,56,5.0       ,287.8,14.7
13.772,100.834,323,1,1,2016-05-08,06:45,A,53,5.0       ,296.2,7.5
13.77,100.824,330.8,1,1,2016-05-08,06:45,A,83,5.0       ,296,19
13.725,99.403,335.1,1,1,2016-05-08,06:45,A,87,5.0       ,291.7,25.7
13.998,100.811,324.9,1,1,2016-05-08,06:45,A,44,5.0       ,299,9.4
14.028,100.959,333.2,1,1,2016-05-08,06:45,A,85,5.0       ,301.9,17.6
14.022,100.922,327.4,1,1,2016-05-08,06:45,A,79,5.0       ,302.3,8.7
14.034,100.805,327.4,1,1,2016-05-08,06:45,A,69,5.0       ,299.9,13.1
13.693,98.437,318.6,1.1,1,2016-05-08,06:45,A,43,5.0       ,298.9,9.1
13.691,98.428,327.9,1.1,1,2016-05-08,06:45,A,81,5.0       ,299.6,22.4
14.085,100.973,327.2,1,1,2016-05-08,06:45,A,64,5.0       ,300.3,9.4
14.223,100.775,327.9,1,1,2016-05-08,06:45,A,81,5.0       ,302.5,10.5
14.219,100.607,332.2,1,1,2016-05-08,06:45,A,84,5.0       ,298.9,19.4
15.379,108.421,313.8,3.3,1.7,2016-05-08,06:45,A,59,5.0       ,293,34.5
14.124,98.297,345.9,1.1,1,2016-05-08,06:45,A,93,5.0       ,302.5,54.4
14.122,98.288,330.3,1.1,1,2016-05-08,06:45,A,83,5.0       ,302.7,23.9
14.466,98.248,319.1,1.1,1,2016-05-08,06:45,A,51,5.0       ,295.3,12.8
14.465,98.238,318.6,1.1,1,2016-05-08,06:45,A,50,5.0       ,294,12.5
14.499,98.047,314.4,1.1,1,2016-05-08,06:45,A,61,5.0       ,291.5,9
14.709,98.891,366.4,1,1,2016-05-08,06:45,A,100,5.0       ,303,107.7
14.674,98.092,318.4,1.1,1,2016-05-08,06:45,A,43,5.0       ,295,7.3
14.7,98.093,320.2,1.1,1,2016-05-08,06:45,A,66,5.0       ,294.6,9.8
14.812,98.715,313.2,1,1,2016-05-08,06:45,A,57,5.0       ,292.5,7.6
14.81,98.706,312.9,1,1,2016-05-08,06:45,A,42,5.0       ,293.3,6.6
14.804,97.978,320.3,1.1,1,2016-05-08,06:45,A,72,5.0       ,296.1,10
14.866,98.27,333,1.1,1,2016-05-08,06:45,A,85,5.0       ,292.6,34.2
14.865,98.261,365.3,1.1,1,2016-05-08,06:45,A,100,5.0       ,296.8,112.4
14.864,98.251,319.3,1.1,1,2016-05-08,06:45,A,69,5.0       ,294.3,13
14.883,98.317,317.6,1.1,1,2016-05-08,06:45,A,68,5.0       ,294.5,10.8
15.313,99.952,340.4,1,1,2016-05-08,06:45,A,90,5.0       ,303.3,27.6
15.38,100.04,326.4,1,1,2016-05-08,06:45,A,68,5.0       ,299.4,11.5
15.157,98.189,315.5,1.1,1,2016-05-08,06:45,A,64,5.0       ,297,9.6
15.146,98.05,321.8,1.1,1,2016-05-08,06:45,A,65,5.0       ,294.8,13.8
15.264,98.466,325.2,1,1,2016-05-08,06:45,A,77,5.0       ,305.2,15.4
15.226,98.148,337.2,1.1,1,2016-05-08,06:45,A,87,5.0       ,297.7,36.8
15.222,98.118,324.3,1.1,1,2016-05-08,06:45,A,71,5.0       ,295.6,15.7
15.276,98.371,320.9,1,1,2016-05-08,06:45,A,57,5.0       ,300.6,9
15.238,98.12,321.1,1.1,1,2016-05-08,06:45,A,56,5.0       ,296.5,11.8
15.304,98.494,318.6,1,1,2016-05-08,06:45,A,66,5.0       ,300.3,9.3
15.316,98.198,328,1.1,1,2016-05-08,06:45,A,81,5.0       ,297.1,25.7
15.314,98.188,321.3,1.1,1,2016-05-08,06:45,A,74,5.0       ,296.9,17.1
15.355,98.214,318,1.1,1,2016-05-08,06:45,A,65,5.0       ,299.5,9.8
15.473,98.079,322.6,1.1,1,2016-05-08,06:45,A,75,5.0       ,290.9,20.5
15.472,98.07,319.6,1.1,1,2016-05-08,06:45,A,68,5.0       ,291.1,17.2
15.646,98.375,322.7,1,1,2016-05-08,06:45,A,69,5.0       ,296.3,14
15.978,100.169,340.3,1,1,2016-05-08,06:45,A,90,5.0       ,307.5,21.9
15.757,98.629,328.7,1,1,2016-05-08,06:45,A,40,5.0       ,306.5,17.2
16.092,98.395,340.1,1,1,2016-05-08,06:45,A,90,5.0       ,302.4,35.7
16.09,98.386,328.4,1,1,2016-05-08,06:45,A,51,5.0       ,303.8,14.5
16.445,100.55,343.3,1,1,2016-05-08,06:45,A,92,5.0       ,308.4,31.6
16.197,98.796,331.5,1,1,2016-05-08,06:45,A,71,5.0       ,306.5,15.4
16.235,98.742,329.9,1,1,2016-05-08,06:45,A,63,5.0       ,306.7,9.1
16.237,98.694,338.1,1,1,2016-05-08,06:45,A,86,5.0       ,308.1,23.9
16.323,98.525,319.3,1,1,2016-05-08,06:45,A,38,5.0       ,297.5,11
16.332,98.523,316.9,1,1,2016-05-08,06:45,A,50,5.0       ,299.1,8.6
16.483,98.991,317.7,1,1,2016-05-08,06:45,A,68,5.0       ,294.8,10.8
16.482,98.981,316.2,1,1,2016-05-08,06:45,A,47,5.0       ,294.6,8.6
16.423,98.455,313.5,1,1,2016-05-08,06:45,A,24,5.0       ,294.5,7.9
16.485,98.502,320.6,1,1,2016-05-08,06:45,A,34,5.0       ,296.7,11.5
16.49,98.466,316.7,1,1,2016-05-08,06:45,A,55,5.0       ,297.8,9.3
16.504,98.502,318.4,1,1,2016-05-08,06:45,A,64,5.0       ,298.2,7.9
16.505,98.386,322.1,1,1,2016-05-08,06:45,A,61,5.0       ,295.5,13.7
16.535,98.526,325.2,1,1,2016-05-08,06:45,A,64,5.0       ,300.4,12.8
16.525,98.46,322.3,1,1,2016-05-08,06:45,A,66,5.0       ,298,13.6
16.524,98.451,318.2,1,1,2016-05-08,06:45,A,30,5.0       ,297.2,9.5
16.581,98.653,338.5,1,1,2016-05-08,06:45,A,89,5.0       ,304.5,26.2
16.559,98.435,322.6,1,1,2016-05-08,06:45,A,71,5.0       ,297.8,14.6
16.557,98.426,319.1,1,1,2016-05-08,06:45,A,54,5.0       ,296.2,11.2
16.672,99.152,333.2,1,1,2016-05-08,06:45,A,85,5.0       ,307.2,13.7
16.671,99.143,332.9,1,1,2016-05-08,06:45,A,85,5.0       ,307,13.4
16.851,100.032,331.2,1,1,2016-05-08,06:45,A,84,5.0       ,304.9,10.9
16.617,98.333,316.3,1,1,2016-05-08,06:45,A,64,5.0       ,293.2,8.7
16.217,95.604,337.1,1.4,1.2,2016-05-08,06:45,A,88,5.0       ,305.9,38.5
16.215,95.591,331.2,1.4,1.2,2016-05-08,06:45,A,84,5.0       ,306.3,23.5
16.925,100.023,334.4,1,1,2016-05-08,06:45,A,86,5.0       ,307.1,13.4
16.882,99.657,320.8,1,1,2016-05-08,06:45,A,18,5.0       ,299.7,9.5
16.801,98.271,318.8,1,1,2016-05-08,06:45,A,70,5.0       ,294.2,9.8
17.476,102.743,322.9,1.3,1.1,2016-05-08,06:45,A,76,5.0       ,300.2,13.4
16.408,95.337,322.3,1.4,1.2,2016-05-08,06:45,A,67,5.0       ,303,15.7
16.939,98.581,332.7,1,1,2016-05-08,06:45,A,64,5.0       ,307.7,11.8
16.45,95.397,325.1,1.4,1.2,2016-05-08,06:45,A,78,5.0       ,302.8,16.2
16.954,98.617,339.9,1,1,2016-05-08,06:45,A,90,5.0       ,306,27.5
16.527,95.814,326.9,1.3,1.1,2016-05-08,06:45,A,52,5.0       ,306.2,17.8
17.374,100.756,323.8,1.1,1,2016-05-08,06:45,A,46,5.0       ,302.7,12.6
17.04,98.262,325.3,1,1,2016-05-08,06:45,A,78,5.0       ,301.5,16.3
17.048,98.193,319.1,1,1,2016-05-08,06:45,A,69,5.0       ,301.1,6.8
16.671,95.558,333.7,1.4,1.2,2016-05-08,06:45,A,72,5.0       ,306.2,26.9
17.467,100.496,330,1,1,2016-05-08,06:45,A,79,5.0       ,307.7,15
17.577,100.693,329.1,1.1,1,2016-05-08,06:45,A,59,5.0       ,303,16.9
17.218,98.035,321.3,1,1,2016-05-08,06:45,A,65,5.0       ,299.6,12.3
17.294,97.988,319.8,1,1,2016-05-08,06:45,A,63,5.0       ,300.5,12
17.541,99.57,327.2,1,1,2016-05-08,06:45,A,69,5.0       ,309.4,9.7
17.36,98.31,319.2,1,1,2016-05-08,06:45,A,53,5.0       ,301.9,10.7
17.424,98.303,322.1,1,1,2016-05-08,06:45,A,73,5.0       ,303.5,13.2
17.641,98.034,325,1,1,2016-05-08,06:45,A,72,5.0       ,306.2,13.3
17.958,100.187,333.7,1,1,2016-05-08,06:45,A,86,5.0       ,310.1,23.2
17.7,98.308,322,1,1,2016-05-08,06:45,A,75,5.0       ,300.3,17.7
17.61,97.702,326.8,1.1,1,2016-05-08,06:45,A,80,5.0       ,304.3,20.7
17.242,95.361,343.1,1.4,1.2,2016-05-08,06:45,A,92,5.0       ,310.6,49.3
17.711,98.316,320.4,1,1,2016-05-08,06:45,A,68,5.0       ,301.8,14.6
17.709,98.306,327.5,1,1,2016-05-08,06:45,A,81,5.0       ,302.1,25
17.523,97.069,328.8,1.1,1.1,2016-05-08,06:45,A,82,5.0       ,306.5,22.7
17.431,96.347,330.8,1.2,1.1,2016-05-08,06:45,A,74,5.0       ,312.1,15.6
18.226,101.845,353.8,1.2,1.1,2016-05-08,06:45,A,97,5.0       ,305.4,84.3
17.994,100.113,333.7,1,1,2016-05-08,06:45,A,79,5.0       ,313.3,13.8
17.98,100.008,339.8,1,1,2016-05-08,06:45,A,90,5.0       ,315.8,26.4
17.949,99.789,335.7,1,1,2016-05-08,06:45,A,86,5.0       ,314.7,23.9
18.236,101.844,335.9,1.2,1.1,2016-05-08,06:45,A,87,5.0       ,306.2,36.1
17.973,99.892,327.1,1,1,2016-05-08,06:45,A,80,5.0       ,310,9.4
18.24,101.848,334.8,1.2,1.1,2016-05-08,06:45,A,86,5.0       ,305.8,31.7
17.427,96.12,332.8,1.2,1.1,2016-05-08,06:45,A,85,5.0       ,307.3,28.9
17.221,94.737,315.2,1.5,1.2,2016-05-08,06:45,A,63,5.0       ,302.3,13.5
17.769,98.144,319.8,1,1,2016-05-08,06:45,A,50,5.0       ,299.9,13.1
17.749,97.762,327.4,1,1,2016-05-08,06:45,A,80,5.0       ,307,16
17.748,97.752,326.9,1,1,2016-05-08,06:45,A,72,5.0       ,306.2,14.4
17.745,97.734,321,1,1,2016-05-08,06:45,A,42,5.0       ,304.2,8.6
17.393,95.458,340.2,1.4,1.2,2016-05-08,06:45,A,90,5.0       ,316.3,34.5
17.564,96.476,335.2,1.2,1.1,2016-05-08,06:45,A,87,5.0       ,309,26.8
17.526,96.231,334.5,1.2,1.1,2016-05-08,06:45,A,70,5.0       ,313.2,24.5
17.567,96.481,328,1.2,1.1,2016-05-08,06:45,A,41,5.0       ,308.2,11.5
18.608,103.889,328,1.7,1.3,2016-05-08,06:45,A,81,5.0       ,297.7,43.1
18.371,101.929,319.7,1.2,1.1,2016-05-08,06:45,A,66,5.0       ,300.7,9.8
18.366,101.894,322.4,1.2,1.1,2016-05-08,06:45,A,53,5.0       ,301.2,12.9
18.33,101.535,388.4,1.2,1.1,2016-05-08,06:45,A,100,5.0       ,305,227.5
17.886,98.255,323.3,1,1,2016-05-08,06:45,A,43,5.0       ,306.4,9.4
17.902,98.301,334.9,1,1,2016-05-08,06:45,A,86,5.0       ,309.3,23.9
17.901,98.291,347.8,1,1,2016-05-08,06:45,A,94,5.0       ,310.7,49.2
17.714,97.045,323.3,1.1,1,2016-05-08,06:45,A,76,5.0       ,306.3,13.2
18.359,101.531,389.4,1.2,1.1,2016-05-08,06:45,A,100,5.0       ,305.4,229.3
18.358,101.52,352.8,1.2,1.1,2016-05-08,06:45,A,96,5.0       ,305.7,70.3
18.404,101.727,325.5,1.2,1.1,2016-05-08,06:45,A,79,5.0       ,301.1,16.9
18.403,101.716,346.5,1.2,1.1,2016-05-08,06:45,A,93,5.0       ,301.7,64.3
18.407,101.72,338,1.2,1.1,2016-05-08,06:45,A,89,5.0       ,301.6,42
17.764,97.019,322.9,1.1,1.1,2016-05-08,06:45,A,70,5.0       ,305.7,11.3
17.977,98.243,328.8,1,1,2016-05-08,06:45,A,44,5.0       ,311.9,9.8
17.931,97.869,322.3,1,1,2016-05-08,06:45,A,48,5.0       ,307.3,8.7
18.471,101.677,320.9,1.2,1.1,2016-05-08,06:45,A,71,5.0       ,303.4,12.6
17.996,98.249,330,1,1,2016-05-08,06:45,A,54,5.0       ,314.1,12.9
18.322,100.491,333.4,1.1,1,2016-05-08,06:45,A,42,5.0       ,312.8,16.6
18.072,98.708,335.4,1,1,2016-05-08,06:45,A,80,5.0       ,319.2,14.2
20.723,103.42,338.4,1.6,1.3,2016-05-08,06:45,A,89,5.0       ,297.5,82.1
20.706,103.078,327.9,1.6,1.2,2016-05-08,06:45,A,81,5.0       ,298.6,39.3
20.704,103.063,342.4,1.6,1.2,2016-05-08,06:45,A,91,5.0       ,300.7,84.8
20.416,100.492,354.9,1.1,1,2016-05-08,06:45,A,97,5.0       ,305.5,78.6
20.871,103.729,327.2,1.7,1.3,2016-05-08,06:45,A,74,5.0       ,302.3,37.1
20.41,99.824,331.5,1,1,2016-05-08,06:45,A,67,5.0       ,307,23.2
20.529,100.65,319.9,1.1,1.1,2016-05-08,06:45,A,52,5.0       ,302,10.8
20.503,100.303,332.3,1.1,1,2016-05-08,06:45,A,85,5.0       ,304.5,27
20.534,100.468,348.3,1.1,1,2016-05-08,06:45,A,94,5.0       ,303.9,61.4
20.533,100.457,332.3,1.1,1,2016-05-08,06:45,A,85,5.0       ,303.5,27.2
20.528,100.426,337.8,1.1,1,2016-05-08,06:45,A,88,5.0       ,305.5,37.3
20.512,100.302,365.3,1.1,1,2016-05-08,06:45,A,100,5.0       ,307.6,106.7
20.511,100.292,354.1,1.1,1,2016-05-08,06:45,A,97,5.0       ,306.8,71.8
20.509,100.282,323.1,1.1,1,2016-05-08,06:45,A,37,5.0       ,305.5,9.3
20.547,100.524,376.5,1.1,1,2016-05-08,06:45,A,100,5.0       ,303.7,156.2
20.518,100.306,342.6,1.1,1,2016-05-08,06:45,A,91,5.0       ,305.3,46.7
20.517,100.296,395.3,1.1,1,2016-05-08,06:45,A,100,5.0       ,312.8,243.8
20.516,100.285,326.7,1.1,1,2016-05-08,06:45,A,73,5.0       ,305.5,15.7
20.403,99.439,332.1,1,1,2016-05-08,06:45,A,80,5.0       ,305.1,20.6
20.401,99.429,325.5,1,1,2016-05-08,06:45,A,68,5.0       ,309,11.7
20.734,101.946,324.3,1.3,1.1,2016-05-08,06:45,A,50,5.0       ,304.8,17.1
20.732,101.933,327.6,1.3,1.1,2016-05-08,06:45,A,67,5.0       ,307,23.1
20.552,100.491,357.9,1.1,1,2016-05-08,06:45,A,99,5.0       ,304.6,87.9
20.551,100.481,369.8,1.1,1,2016-05-08,06:45,A,94,5.0       ,308.1,128.7
20.925,103.404,314.3,1.6,1.3,2016-05-08,06:45,A,52,5.0       ,297.7,14.5
20.548,100.312,337.1,1.1,1,2016-05-08,06:45,A,88,5.0       ,303,38
4.652,103.375,315.2,1.1,1,2016-05-08,06:45,A,61,5.0       ,292.3,9.4
4.96,103.22,325.1,1,1,2016-05-08,06:45,A,78,5.0       ,289.5,23
4.959,103.21,313.1,1,1,2016-05-08,06:45,A,41,5.0       ,289.1,7.2
5.005,103.271,314.2,1.1,1,2016-05-08,06:45,A,40,5.0       ,288.8,7.7
5.496,102.973,325.3,1,1,2016-05-08,06:45,A,73,5.0       ,295.1,14.4
5.546,102.865,320.9,1,1,2016-05-08,06:45,A,66,5.0       ,293.1,11.8
5.832,102.417,327.7,1,1,2016-05-08,06:45,A,76,5.0       ,301.5,16
5.872,102.439,320.7,1,1,2016-05-08,06:45,A,39,5.0       ,299.1,6.9
5.897,102.417,329.3,1,1,2016-05-08,06:45,A,63,5.0       ,302.5,17.7
5.915,102.418,328.6,1,1,2016-05-08,06:45,A,70,5.0       ,303.4,13
25.18,96.024,317.8,1,1,2016-05-08,06:50,A,68,5.0       ,301.1,9.5
25.178,96.014,316.8,1,1,2016-05-08,06:50,A,67,5.0       ,300.9,8.6
24.717,93.203,315.6,1.4,1.2,2016-05-08,06:50,A,64,5.0       ,297.1,18.1
25.465,97.791,324.2,1,1,2016-05-08,06:50,A,66,5.0       ,303.1,15.6
25.231,96.056,318.3,1,1,2016-05-08,06:50,A,69,5.0       ,301.2,9.7
25.229,96.046,321.4,1,1,2016-05-08,06:50,A,74,5.0       ,302,13.5
25.348,96.411,324,1,1,2016-05-08,06:50,A,29,5.0       ,307.2,11.9
25.52,97.134,325.8,1,1,2016-05-08,06:50,A,55,5.0       ,302.2,16.4
24.926,93.401,315.2,1.4,1.2,2016-05-08,06:50,A,63,5.0       ,297.5,17
25.505,96.844,318.8,1,1,2016-05-08,06:50,A,54,5.0       ,300.9,8.6
25.566,96.635,323.2,1,1,2016-05-08,06:50,A,24,5.0       ,305.6,11.4
25.523,96.161,332.3,1,1,2016-05-08,06:50,A,85,5.0       ,302.5,25
25.533,95.328,325.7,1.1,1,2016-05-08,06:50,A,79,5.0       ,299.3,22.6
25.531,95.317,325,1.1,1,2016-05-08,06:50,A,78,5.0       ,299.4,21.5
26.296,96.085,312.1,1,1,2016-05-08,06:50,A,53,5.0       ,295.9,6.7
25.802,92.738,318.5,1.5,1.2,2016-05-08,06:50,A,70,5.0       ,298.4,20.5
25.787,92.653,315.3,1.5,1.2,2016-05-08,06:50,A,63,5.0       ,296.6,17.8
25.866,92.704,319.4,1.5,1.2,2016-05-08,06:50,A,71,5.0       ,297.5,22.6
27.171,101.226,409.6,1.4,1.2,2016-05-08,06:50,A,87,5.0       ,303.2,522.7
27.721,102.209,333.7,1.7,1.3,2016-05-08,06:50,A,86,5.0       ,306.7,46.2
16.918,95.002,325.5,1.5,1.2,2016-05-08,06:45,A,63,5.0       ,305.4,14.3
17.622,99.551,322.8,1,1,2016-05-08,06:45,A,63,5.0       ,306,8.3
16.937,94.984,336.4,1.5,1.2,2016-05-08,06:45,A,88,5.0       ,307.5,38.6
16.934,94.97,336.4,1.5,1.2,2016-05-08,06:45,A,88,5.0       ,308,38
17.434,98.056,330.6,1,1,2016-05-08,06:45,A,83,5.0       ,310.4,18
17.432,98.046,327.3,1,1,2016-05-08,06:45,A,74,5.0       ,309,13.3
17.041,95.494,336.6,1.4,1.2,2016-05-08,06:45,A,88,5.0       ,303.3,37.3
17.039,95.481,327.2,1.4,1.2,2016-05-08,06:45,A,64,5.0       ,303.3,13.8
17.491,98.325,315.9,1,1,2016-05-08,06:45,A,55,5.0       ,299.7,6.1
17.109,95.869,329.5,1.3,1.1,2016-05-08,06:45,A,80,5.0       ,310.5,10.8
17.046,95.487,335.9,1.4,1.2,2016-05-08,06:45,A,87,5.0       ,304.4,32.7
17.044,95.475,328.7,1.4,1.2,2016-05-08,06:45,A,76,5.0       ,304.9,15.6
17.125,95.841,334.4,1.3,1.1,2016-05-08,06:45,A,65,5.0       ,311.4,26
17.541,98.412,328.6,1,1,2016-05-08,06:45,A,82,5.0       ,310.5,12.2
17.096,95.53,333.7,1.4,1.2,2016-05-08,06:45,A,86,5.0       ,304.2,27.6
17.525,98.242,315.8,1,1,2016-05-08,06:45,A,60,5.0       ,302.6,8.2
17.1,95.425,333,1.4,1.2,2016-05-08,06:45,A,57,5.0       ,311.1,21.4
17.106,95.398,332.2,1.4,1.2,2016-05-08,06:45,A,74,5.0       ,308.7,18.5
17.57,98.296,325.5,1,1,2016-05-08,06:45,A,79,5.0       ,302.5,18.7
17.569,98.286,317.6,1,1,2016-05-08,06:45,A,49,5.0       ,304,9.4
17.814,99.806,329.7,1,1,2016-05-08,06:45,A,82,5.0       ,309.2,14.3
17.85,99.733,327.5,1,1,2016-05-08,06:45,A,72,5.0       ,310.4,10.2
17.9,100.026,341,1,1,2016-05-08,06:45,A,90,5.0       ,312.9,32
17.584,97.716,320.2,1.1,1,2016-05-08,06:45,A,55,5.0       ,304.8,10.3
20.546,100.301,323.4,1.1,1,2016-05-08,06:45,A,53,5.0       ,301.9,13.8
20.971,103.704,319,1.7,1.3,2016-05-08,06:45,A,51,5.0       ,297.2,19
20.969,103.689,328.4,1.7,1.3,2016-05-08,06:45,A,81,5.0       ,301.5,47
20.865,102.78,334.2,1.5,1.2,2016-05-08,06:45,A,86,5.0       ,300.1,58
20.858,102.724,321,1.5,1.2,2016-05-08,06:45,A,73,5.0       ,301.2,23.2
20.805,102.274,323.6,1.4,1.2,2016-05-08,06:45,A,77,5.0       ,307.9,22.1
19.598,93.979,348.2,1.6,1.2,2016-05-08,06:45,A,94,5.0       ,306.6,101.6
19.595,93.964,335.6,1.6,1.2,2016-05-08,06:45,A,87,5.0       ,306.2,54.8
20.908,102.775,320,1.5,1.2,2016-05-08,06:45,A,72,5.0       ,299.8,23.6
20.906,102.76,323,1.5,1.2,2016-05-08,06:45,A,76,5.0       ,300.7,29.3
20.904,102.746,338.8,1.5,1.2,2016-05-08,06:45,A,89,5.0       ,302.9,71.2
20.775,101.616,356.4,1.3,1.1,2016-05-08,06:45,A,98,5.0       ,304.8,102.5
20.91,102.752,320.8,1.5,1.2,2016-05-08,06:45,A,43,5.0       ,300,22.1
20.775,101.609,367.7,1.3,1.1,2016-05-08,06:45,A,100,5.0       ,309.9,147.7
20.678,100.681,316.3,1.1,1.1,2016-05-08,06:45,A,66,5.0       ,301.8,8.2
20.676,100.66,330.6,1.1,1.1,2016-05-08,06:45,A,83,5.0       ,303.2,29.6
20.674,100.65,319.7,1.1,1.1,2016-05-08,06:45,A,71,5.0       ,303.6,12
20.971,102.905,378.4,1.5,1.2,2016-05-08,06:45,A,100,5.0       ,303.7,269.8
20.97,102.89,360.5,1.5,1.2,2016-05-08,06:45,A,100,5.0       ,306.4,160.5
20.821,101.651,467.7,1.3,1.1,2016-05-08,06:45,A,100,5.0       ,318.9,1345.2
20.643,100.259,318.2,1.1,1,2016-05-08,06:45,A,68,5.0       ,303.3,6.9
20.981,102.888,324.7,1.5,1.2,2016-05-08,06:45,A,78,5.0       ,302.8,32.8
20.203,97.097,326.1,1.1,1,2016-05-08,06:45,A,59,5.0       ,310.1,10.3
19.78,94.439,337,1.4,1.2,2016-05-08,06:45,A,88,5.0       ,301.4,63.5
19.777,94.425,322.7,1.4,1.2,2016-05-08,06:45,A,75,5.0       ,300.2,28.1
21.014,103.075,319,1.6,1.2,2016-05-08,06:45,A,70,5.0       ,299.4,22.9
20.875,101.843,330,1.3,1.1,2016-05-08,06:45,A,83,5.0       ,300.6,34.1
20.68,100.254,321.6,1.1,1,2016-05-08,06:45,A,43,5.0       ,305,9.2
19.764,94.149,357.4,1.5,1.2,2016-05-08,06:45,A,98,5.0       ,301.1,143.9
19.762,94.134,323.3,1.5,1.2,2016-05-08,06:45,A,72,5.0       ,297.7,25.7
19.766,94.143,328.6,1.5,1.2,2016-05-08,06:45,A,82,5.0       ,298.7,39.1
19.802,94.224,320.8,1.5,1.2,2016-05-08,06:45,A,73,5.0       ,303.9,21.2
20.995,102.427,351.9,1.4,1.2,2016-05-08,06:45,A,96,5.0       ,299.4,108.3
21.005,102.424,340.6,1.4,1.2,2016-05-08,06:45,A,90,5.0       ,300.2,68.4
21.004,102.41,364.6,1.4,1.2,2016-05-08,06:45,A,100,5.0       ,303.6,163.5
20.636,99.46,328.3,1,1,2016-05-08,06:45,A,81,5.0       ,307.7,14.9
19.838,94.174,318,1.5,1.2,2016-05-08,06:45,A,29,5.0       ,302.6,12.7
21.039,102.434,394,1.4,1.2,2016-05-08,06:45,A,100,5.0       ,306.1,360.9
20.841,100.667,326.6,1.1,1.1,2016-05-08,06:45,A,57,5.0       ,311.3,18.5
21.042,102.223,330.1,1.4,1.2,2016-05-08,06:45,A,62,5.0       ,303,30.9
21.04,102.208,331.9,1.4,1.2,2016-05-08,06:45,A,79,5.0       ,304.7,36.7
21.071,102.382,347.3,1.4,1.2,2016-05-08,06:45,A,94,5.0       ,300.6,93.4
19.922,94.382,321.7,1.4,1.2,2016-05-08,06:45,A,73,5.0       ,307,20.4
21.082,102.381,320.9,1.4,1.2,2016-05-08,06:45,A,67,5.0       ,300.7,20.4
19.925,94.135,325.1,1.5,1.2,2016-05-08,06:45,A,78,5.0       ,305.1,29.7
20.779,99.56,322.4,1,1,2016-05-08,06:45,A,69,5.0       ,304.1,13.5
21.098,102.022,320,1.3,1.1,2016-05-08,06:45,A,60,5.0       ,305,18
21.2,102.342,397.9,1.4,1.2,2016-05-08,06:45,A,100,5.0       ,310.5,388.9
19.998,94.027,317.8,1.5,1.2,2016-05-08,06:45,A,39,5.0       ,301.7,14.6
20.494,97.009,320,1.1,1,2016-05-08,06:45,A,36,5.0       ,302.5,9.4
21.369,102.688,432.8,1.5,1.2,2016-05-08,06:45,A,100,5.0       ,309.5,892.7
21.368,102.674,420.8,1.5,1.2,2016-05-08,06:45,A,100,5.0       ,311.9,697.2
21.38,102.686,414.9,1.5,1.2,2016-05-08,06:45,A,100,5.0       ,305.7,617.6
21.378,102.672,418.3,1.5,1.2,2016-05-08,06:45,A,100,5.0       ,310.7,663
20.212,93.584,320.2,1.6,1.3,2016-05-08,06:45,A,52,5.0       ,302.8,20.7
21.688,103.288,321.7,1.7,1.3,2016-05-08,06:45,A,74,5.0       ,302.7,26.2
21.669,102.715,326.7,1.5,1.2,2016-05-08,06:45,A,80,5.0       ,302.8,32.3
21.333,99.251,334.3,1,1,2016-05-08,06:45,A,86,5.0       ,306.5,24.4
22.003,103.259,319.5,1.7,1.3,2016-05-08,06:45,A,71,5.0       ,299.9,20.7
22.097,103.271,326.3,1.7,1.3,2016-05-08,06:45,A,79,5.0       ,301.4,40.7
22.095,103.252,317.7,1.7,1.3,2016-05-08,06:45,A,68,5.0       ,301.7,16.5
21.662,99.634,329.4,1.1,1,2016-05-08,06:45,A,70,5.0       ,301.8,22.3
21.57,98.828,316.9,1,1,2016-05-08,06:45,A,62,5.0       ,302.6,7.1
21.635,99.164,330.4,1,1,2016-05-08,06:45,A,83,5.0       ,303,21.2
21.634,99.155,331.2,1,1,2016-05-08,06:45,A,79,5.0       ,306.1,22.6
21.986,101.706,322.4,1.3,1.1,2016-05-08,06:45,A,68,5.0       ,305.3,17.4
21.693,98.991,326.6,1,1,2016-05-08,06:45,A,80,5.0       ,311.3,17.3
21.741,99.066,329.7,1,1,2016-05-08,06:45,A,83,5.0       ,303.4,22.7
20.808,93.026,331.8,1.7,1.3,2016-05-08,06:45,A,79,5.0       ,308.5,26
21.842,99.472,337.8,1,1,2016-05-08,06:45,A,88,5.0       ,309.5,26.9
21.85,99.461,332.3,1,1,2016-05-08,06:45,A,75,5.0       ,311.8,17.1
21.849,99.451,328.3,1,1,2016-05-08,06:45,A,63,5.0       ,311.4,11
21.836,99.36,325.1,1,1,2016-05-08,06:45,A,72,5.0       ,305.7,15.1
21.899,99.559,335.7,1,1,2016-05-08,06:45,A,87,5.0       ,307.8,25.6
21.897,99.549,326.5,1,1,2016-05-08,06:45,A,79,5.0       ,307.8,11.6
21.864,99.299,320.2,1,1,2016-05-08,06:45,A,72,5.0       ,304,8
21.863,99.289,323.5,1,1,2016-05-08,06:45,A,76,5.0       ,304.7,12.6
22.338,102.411,328,1.5,1.2,2016-05-08,06:45,A,68,5.0       ,297.3,36.1
21.966,98.967,325.3,1,1,2016-05-08,06:45,A,78,5.0       ,311.7,17.1
21.703,96.522,326.4,1.1,1,2016-05-08,06:45,A,37,5.0       ,305.9,12.2
22.594,102.721,319.8,1.6,1.2,2016-05-08,06:45,A,70,5.0       ,302.2,20
-4.085,145.036,322.7,1,1,2016-05-08,12:50,T,100,5.0       ,290.2,26.9
-4.076,145.035,317.9,1,1,2016-05-08,12:50,T,94,5.0       ,289.6,20.6
13.387,92.88,307,1,1,2016-05-08,16:10,T,51,5.0       ,284.1,11
13.396,92.879,317.8,1,1,2016-05-08,16:10,T,84,5.0       ,287.9,20.4
13.395,92.87,312.1,1,1,2016-05-08,16:10,T,28,5.0       ,284.5,13.8
14.953,97.939,312.1,1.9,1.4,2016-05-08,16:10,T,77,5.0       ,288,39.6
15.054,98.122,306.9,2,1.4,2016-05-08,16:10,T,14,5.0       ,286.8,24.7
15.066,98.121,309.9,2,1.4,2016-05-08,16:10,T,21,5.0       ,286.7,30.6
15.089,98.099,308.5,2,1.4,2016-05-08,16:10,T,24,5.0       ,288,27.8
18.736,100.004,316.2,3.2,1.7,2016-05-08,16:10,T,90,5.0       ,284.5,100.2
18.734,99.999,315.1,3.2,1.7,2016-05-08,16:10,T,87,5.0       ,284.5,95.2
18.64,97.081,309.5,1.9,1.3,2016-05-08,16:10,T,66,5.0       ,290.3,34.3
18.618,96.895,305.8,1.8,1.3,2016-05-08,16:10,T,37,5.0       ,293.2,16.7
18.67,95.89,309.1,1.6,1.2,2016-05-08,16:10,T,64,5.0       ,298.5,12.7
19.869,94.022,311.6,1.2,1.1,2016-05-08,16:10,T,68,5.0       ,295.7,17.7
19.879,94.021,307.9,1.2,1.1,2016-05-08,16:10,T,44,5.0       ,295.4,13.1
19.903,93.964,329,1.2,1.1,2016-05-08,16:10,T,100,5.0       ,296.2,43.4
19.913,93.963,323.7,1.2,1.1,2016-05-08,16:10,T,100,5.0       ,295.7,33.6
20.045,93.808,305.3,1.2,1.1,2016-05-08,16:10,T,28,5.0       ,295.2,8
16.018,108.092,306,3.1,1.7,2016-05-08,14:35,T,41,5.0       ,292.5,33.8
16.018,108.085,308.1,3.1,1.7,2016-05-08,14:35,T,59,5.0       ,292.6,45.9
6.825,117.133,305.4,1.1,1,2016-05-08,14:30,T,28,5.0       ,294.2,7
6.986,116.783,310.9,1.1,1,2016-05-08,14:30,T,73,5.0       ,295.2,11.7
12.431,121.352,307.7,1.4,1.2,2016-05-08,14:30,T,56,5.0       ,295.2,13.9
12.497,121.279,306.1,1.4,1.2,2016-05-08,14:30,T,23,5.0       ,295.9,9.2
10.539,107.369,305.1,4.5,1.9,2016-05-08,14:30,T,20,5.0       ,288.6,62
14.406,120.873,317.8,1.4,1.2,2016-05-08,14:30,T,94,5.0       ,295.9,29.1
14.527,120.603,316.3,1.4,1.2,2016-05-08,14:30,T,90,5.0       ,296.7,24.2
13.469,106.394,305.4,4.6,2,2016-05-08,14:30,T,18,5.0       ,273.2,80.6
13.469,106.387,308.1,4.6,2,2016-05-08,14:30,T,48,5.0       ,272.7,102.1
16.895,122.168,310.6,1.9,1.3,2016-05-08,14:30,T,72,5.0       ,292.1,31
16.899,122.162,314.3,1.9,1.3,2016-05-08,14:30,T,85,5.0       ,291.9,40.3
-2.579,121.389,306.7,1,1,2016-05-08,14:25,T,48,5.0       ,269.2,12.3
-2.58,121.38,336.8,1,1,2016-05-08,14:25,T,100,5.0       ,272.1,51.2
-2.571,121.379,307.7,1,1,2016-05-08,14:25,T,56,5.0       ,270.3,13.4
27.728,102.215,323.6,1.1,1,2016-05-08,18:55,A,100,5.0       ,289.7,34.4
24.098,103.07,305.5,1,1,2016-05-08,18:55,A,31,5.0       ,291.8,9.6
23.793,103.198,307.5,1,1,2016-05-08,18:55,A,54,5.0       ,294.3,10.6
22.53,102.824,319,1,1,2016-05-08,18:55,A,97,5.0       ,289.7,23.7
22.417,100.509,307.1,1.1,1,2016-05-08,18:55,A,52,5.0       ,292.4,11.8
22.407,100.518,311,1.1,1,2016-05-08,18:55,A,73,5.0       ,291.4,15.8
22.301,100.54,326.3,1.1,1,2016-05-08,18:55,A,100,5.0       ,293.6,35.7
21.391,104.228,306,1.1,1,2016-05-08,18:55,A,40,5.0       ,290.9,11.2
21.134,103.811,306.5,1.1,1,2016-05-08,18:55,A,46,5.0       ,292.6,10
21.178,102.05,306.2,1,1,2016-05-08,18:55,A,43,5.0       ,294.8,8.4
20.625,100.495,305.4,1.1,1,2016-05-08,18:55,A,26,5.0       ,293.8,8
20.557,100.733,308.5,1,1,2016-05-08,18:55,A,51,5.0       ,292.3,13.5
20.591,100.422,305.2,1.1,1,2016-05-08,18:55,A,22,5.0       ,294.9,7.6
20.528,100.535,311.1,1.1,1,2016-05-08,18:55,A,74,5.0       ,294.7,13.6
20.328,100.725,311.7,1,1,2016-05-08,18:55,A,76,5.0       ,294.3,14.9
20.093,99.192,311.1,1.2,1.1,2016-05-08,19:00,A,74,5.0       ,291.1,19.7
20.092,99.202,312.4,1.2,1.1,2016-05-08,19:00,A,79,5.0       ,293.8,21
19.944,99.63,307.9,1.1,1.1,2016-05-08,19:00,A,57,5.0       ,291.6,12.2
18.736,100.001,313.6,1.1,1,2016-05-08,19:00,A,83,5.0       ,290.4,16.9
18.735,100.011,329.9,1.1,1,2016-05-08,19:00,A,100,5.0       ,290.8,38.7
12.499,121.282,308.5,1.4,1.2,2016-05-08,17:20,A,61,5.0       ,295.7,13.9
9.271,123.086,320.2,1,1,2016-05-08,17:20,A,100,5.0       ,291.7,25.1
-1.248,122.595,308.3,1,1,2016-05-08,17:25,A,60,5.0       ,290,9.3
-2.572,121.381,321.6,1,1,2016-05-08,17:25,A,100,5.0       ,287.7,26
-2.573,121.39,313.9,1,1,2016-05-08,17:25,A,84,5.0       ,288.7,17.1
18.64,100.158,306.6,1.1,1,2016-05-08,19:00,A,47,5.0       ,284.7,9.4
16.223,98.55,313.6,1.2,1.1,2016-05-08,19:00,A,83,5.0       ,285.2,22.5
15.845,100.967,310.8,1,1,2016-05-08,19:00,A,72,5.0       ,284.4,12.8
15.844,100.976,307.2,1,1,2016-05-08,19:00,A,52,5.0       ,284.2,9.7
14.545,100.915,305.1,1,1,2016-05-08,19:00,A,16,5.0       ,281.8,6.9
13.645,106.382,306.2,2,1.4,2016-05-08,19:00,A,42,5.0       ,291.9,16.5
13.524,106.409,309,2,1.4,2016-05-08,19:00,A,64,5.0       ,291.4,24.2
13.517,106.421,305.8,2,1.4,2016-05-08,19:00,A,27,5.0       ,291.3,14.9
13.487,106.378,309.5,2,1.4,2016-05-08,19:00,A,67,5.0       ,290.8,23.5
13.484,106.396,314.2,2,1.4,2016-05-08,19:00,A,84,5.0       ,290.6,36.3
13.471,106.394,322,2,1.4,2016-05-08,19:00,A,100,5.0       ,291.2,60.5
14.457,98.248,306.3,1.2,1.1,2016-05-08,19:00,A,43,5.0       ,290.4,9.8
14.455,98.258,313.2,1.2,1.1,2016-05-08,19:00,A,81,5.0       ,290.8,17.8
14.444,98.268,306.8,1.2,1.1,2016-05-08,19:00,A,47,5.0       ,290.8,10.7
12.857,106.832,311.6,2.2,1.4,2016-05-08,19:00,A,75,5.0       ,288.9,41.7
14.025,98.364,309.6,1.1,1.1,2016-05-08,19:00,A,67,5.0       ,291.1,13.2
5.922,102.423,307.1,1.4,1.2,2016-05-08,19:00,A,27,5.0       ,294.1,11.3