latitude,longitude,brightness,scan,track,acq_date,acq_time,satellite,confidence,version,bright_t31,frp
-8.882,120.758,315,2.9,1.6,2016-04-23,02:50,T,0,5.0       ,299.4,55.1
-8.112,112.921,320.1,1,1,2016-04-23,02:50,T,66,5.0       ,286.1,20.9
-8.114,112.93,328.6,1,1,2016-04-23,02:50,T,82,5.0       ,294.7,31.3
-8.123,112.928,327.8,1,1,2016-04-23,02:50,T,76,5.0       ,291.9,27.8
-3.908,143.318,346.1,1,1,2016-04-23,04:05,A,93,5.0       ,298.3,54.2
-3.91,143.309,326.4,1,1,2016-04-23,04:05,A,79,5.0       ,298,19.7
-3.899,143.317,330.4,1,1,2016-04-23,04:05,A,83,5.0       ,297.6,26.1
-3.901,143.308,319.1,1,1,2016-04-23,04:05,A,71,5.0       ,296.7,10.6
-3.899,141.968,321.1,1,1,2016-04-23,04:05,A,74,5.0       ,296.6,16.1
18.866,93.718,328.4,1,1,2016-04-23,04:25,T,43,5.0       ,306.2,13.5
18.051,98.326,329.8,1.5,1.2,2016-04-23,04:25,T,83,5.0       ,301.7,42.3
17.98,98.394,326.4,1.5,1.2,2016-04-23,04:25,T,79,5.0       ,304.6,28.5
18.46,95.013,330.9,1,1,2016-04-23,04:25,T,82,5.0       ,306.7,15.9
18.527,94.451,319,1,1,2016-04-23,04:25,T,41,5.0       ,298.8,8.4
18.525,94.461,319.6,1,1,2016-04-23,04:25,T,66,5.0       ,301.8,10.7
18.524,94.47,319.2,1,1,2016-04-23,04:25,T,56,5.0       ,299,10.4
18.516,94.459,326.8,1,1,2016-04-23,04:25,T,75,5.0       ,302.5,17.9
18.515,94.469,327.1,1,1,2016-04-23,04:25,T,77,5.0       ,301.8,19.1
18.421,95.085,331.1,1,1,2016-04-23,04:25,T,70,5.0       ,306.4,12.7
18.254,94.36,333,1,1,2016-04-23,04:25,T,64,5.0       ,304.4,21.8
17.391,98.208,340.4,1.5,1.2,2016-04-23,04:25,T,90,5.0       ,302.3,78.6
17.389,98.2,332.8,1.5,1.2,2016-04-23,04:25,T,85,5.0       ,301.1,53.8
17.386,98.215,329,1.5,1.2,2016-04-23,04:25,T,82,5.0       ,300.4,42.7
17.224,98.564,319.8,1.6,1.3,2016-04-23,04:25,T,60,5.0       ,305.1,20.9
17.781,94.985,322.5,1,1,2016-04-23,04:25,T,75,5.0       ,291.9,14.4
16.628,100.395,326.7,2.3,1.5,2016-04-23,04:25,T,53,5.0       ,303.2,28.5
17.245,96.756,329.2,1.2,1.1,2016-04-23,04:25,T,82,5.0       ,307.8,14.1
17.175,97.191,321.7,1.3,1.1,2016-04-23,04:25,T,55,5.0       ,299.5,14.2
16.819,98.911,313.5,1.7,1.3,2016-04-23,04:25,T,42,5.0       ,297.6,15.9
16.965,97.707,328.4,1.4,1.2,2016-04-23,04:25,T,76,5.0       ,305.5,17.6
17.057,95.434,321.5,1.1,1,2016-04-23,04:25,T,59,5.0       ,299.5,11.2
15.956,100.324,332.5,2.3,1.5,2016-04-23,04:25,T,85,5.0       ,303.4,63.6
15.989,99.764,329.7,2.1,1.4,2016-04-23,04:25,T,83,5.0       ,306,34.1
15.972,99.861,325.4,2.1,1.4,2016-04-23,04:25,T,57,5.0       ,303.7,20.8
15.375,102.635,323.5,3.6,1.8,2016-04-23,04:25,T,74,5.0       ,298.5,47.6
16.592,94.433,323.8,1,1,2016-04-23,04:25,T,77,5.0       ,300.4,16.8
15.825,98.647,316.6,1.7,1.3,2016-04-23,04:25,T,38,5.0       ,299.4,21.3
16.482,94.313,333.5,1,1,2016-04-23,04:25,T,85,5.0       ,302.9,26.1
16.436,94.431,328.1,1,1,2016-04-23,04:25,T,81,5.0       ,302.4,20.5
16.435,94.44,326,1,1,2016-04-23,04:25,T,75,5.0       ,303.7,16.4
15.633,97.744,321.5,1.5,1.2,2016-04-23,04:25,T,28,5.0       ,303.8,21.1
15.289,98.873,317.1,1.8,1.3,2016-04-23,04:25,T,67,5.0       ,300.9,24.9
15.001,98.058,330.3,1.6,1.3,2016-04-23,04:25,T,83,5.0       ,299.2,56.6
14.814,98.076,321.6,1.6,1.3,2016-04-23,04:25,T,74,5.0       ,300.5,24.6
14.352,100.68,322.3,2.6,1.6,2016-04-23,04:25,T,70,5.0       ,303.4,28.6
14.301,100.572,325.3,2.6,1.5,2016-04-23,04:25,T,76,5.0       ,303.4,47.6
14.308,100.568,323.8,2.6,1.5,2016-04-23,04:25,T,70,5.0       ,304.3,39.1
14.309,98.338,314.2,1.8,1.3,2016-04-23,04:25,T,57,5.0       ,298.7,20.4
14.297,98.335,312.7,1.8,1.3,2016-04-23,04:25,T,31,5.0       ,297.4,14.7
13.263,103.523,333.8,4.6,2,2016-04-23,04:25,T,86,5.0       ,299.1,220.8
13.263,103.515,334.4,4.6,2,2016-04-23,04:25,T,86,5.0       ,299.1,230.8
13.229,103.595,338.1,4.6,2,2016-04-23,04:25,T,89,5.0       ,297.5,308.9
13.212,103.591,326.1,4.6,2,2016-04-23,04:25,T,48,5.0       ,297.7,125.2
13.194,103.588,345.4,4.6,2,2016-04-23,04:25,T,93,5.0       ,299.3,414.4
13.229,103.59,334.8,4.6,2,2016-04-23,04:25,T,78,5.0       ,297.7,246
13.221,103.632,327.5,4.7,2,2016-04-23,04:25,T,24,5.0       ,295.4,142.1
13.194,103.583,343.2,4.6,2,2016-04-23,04:25,T,92,5.0       ,299.6,379.1
14.046,98.513,318.5,1.8,1.3,2016-04-23,04:25,T,64,5.0       ,301.6,24.5
13.047,103.685,327.3,4.7,2,2016-04-23,04:25,T,54,5.0       ,299.6,140.2
13.039,103.728,348,4.8,2,2016-04-23,04:25,T,0,5.0       ,297.4,479.3
13.04,103.72,349.4,4.8,2,2016-04-23,04:25,T,0,5.0       ,297.9,504.7
15.404,120.894,323.5,1.2,1.1,2016-04-23,02:45,T,29,5.0       ,306.6,13.7
14.968,120.273,333.1,1.1,1.1,2016-04-23,02:45,T,80,5.0       ,302.6,33
14.889,120.402,315,1.2,1.1,2016-04-23,02:45,T,48,5.0       ,300,8.1
14.34,120.997,338.1,1.3,1.1,2016-04-23,02:45,T,89,5.0       ,302.9,43.9
13.788,120.988,321.6,1.3,1.1,2016-04-23,02:45,T,0,5.0       ,303.2,18.4
12.834,120.798,339.5,1.3,1.1,2016-04-23,02:45,T,0,5.0       ,302.4,54.2
12.832,120.81,323.9,1.3,1.1,2016-04-23,02:45,T,61,5.0       ,301.8,18.8
11.148,122.976,314.8,2,1.4,2016-04-23,02:45,T,23,5.0       ,296.9,18.9
12.472,107.948,321.6,3.8,1.8,2016-04-23,02:45,T,48,5.0       ,300.3,76.2
11.963,108.963,317.2,3.1,1.7,2016-04-23,02:45,T,64,5.0       ,298.7,53.8
11.963,108.958,317.1,3.1,1.7,2016-04-23,02:45,T,60,5.0       ,298.5,53
6.914,116.716,328.4,1,1,2016-04-23,02:45,T,15,5.0       ,301.9,16.9
6.905,116.714,321.3,1,1,2016-04-23,02:45,T,15,5.0       ,299.1,9.7
5.376,115.525,339.3,1,1,2016-04-23,02:50,T,62,5.0       ,297.9,38.3
4.752,115.699,311.8,1,1,2016-04-23,02:50,T,40,5.0       ,294.2,8.3
4.365,117.249,343.3,1.1,1,2016-04-23,02:50,T,87,5.0       ,295.2,56.2
3.981,116.976,324.8,1.1,1,2016-04-23,02:50,T,78,5.0       ,295.5,23.8
4.074,113.847,321.1,1.1,1,2016-04-23,02:50,T,63,5.0       ,295.9,13
4.035,114.06,319.6,1.1,1,2016-04-23,02:50,T,65,5.0       ,294.8,14.4
2.704,117.756,322.4,1.2,1.1,2016-04-23,02:50,T,60,5.0       ,298.3,20.6
3.765,108.282,320,2.6,1.5,2016-04-23,02:50,T,39,5.0       ,291.5,47
2.147,117.494,316.2,1.2,1.1,2016-04-23,02:50,T,38,5.0       ,297.3,13
1.492,117.232,314.4,1.1,1.1,2016-04-23,02:50,T,48,5.0       ,296.1,12.4
1.226,117.164,326.5,1.1,1.1,2016-04-23,02:50,T,80,5.0       ,296.2,26.5
0.811,117.545,317.6,1.2,1.1,2016-04-23,02:50,T,23,5.0       ,298.7,13.5
0.563,117.641,324,1.2,1.1,2016-04-23,02:50,T,70,5.0       ,296.8,17.4
0.584,117.484,319.7,1.2,1.1,2016-04-23,02:50,T,62,5.0       ,297.6,16.1
0.306,116.731,320,1.1,1,2016-04-23,02:50,T,66,5.0       ,298,17.3
0.305,116.741,315.8,1.1,1,2016-04-23,02:50,T,37,5.0       ,296.2,12
0.235,117.152,316.7,1.2,1.1,2016-04-23,02:50,T,60,5.0       ,297.5,13.9
0.245,117.018,314.7,1.1,1.1,2016-04-23,02:50,T,18,5.0       ,294.8,9.9
0.29,116.58,318.6,1.1,1,2016-04-23,02:50,T,47,5.0       ,296.5,11.6
0.277,116.607,315.1,1.1,1,2016-04-23,02:50,T,52,5.0       ,294.5,9.4
-0.271,116.642,318.3,1.1,1.1,2016-04-23,02:50,T,65,5.0       ,297,14.8
-3.009,120.197,311.8,2.1,1.4,2016-04-23,02:50,T,17,5.0       ,290.3,19.9
-8.106,118.022,315.2,1.7,1.3,2016-04-23,02:50,T,0,5.0       ,302.4,23.6
-7.56,112.609,318.9,1,1,2016-04-23,02:50,T,51,5.0       ,299.7,10
13.548,104.161,320.2,3.9,1.8,2016-04-23,05:50,A,46,5.0       ,296.2,71.5
13.571,104.194,355.9,3.8,1.8,2016-04-23,05:50,A,98,5.0       ,293.7,518.3
13.564,104.158,351.4,3.9,1.8,2016-04-23,05:50,A,96,5.0       ,294.1,448.3
14.434,108.468,311.6,1.7,1.3,2016-04-23,05:50,A,25,5.0       ,293.2,15.5
16.244,121.086,328.7,2.7,1.6,2016-04-23,05:50,A,82,5.0       ,302.5,90.2
13.8,103.985,328.5,3.9,1.8,2016-04-23,05:50,A,39,5.0       ,300.2,95
14.793,108.616,313.6,1.7,1.3,2016-04-23,05:50,A,32,5.0       ,293.1,21.2
14.976,106.63,339,2.3,1.5,2016-04-23,05:50,A,0,5.0       ,285.4,164.3
14.973,106.623,339.1,2.3,1.5,2016-04-23,05:50,A,0,5.0       ,288.2,161.2
15.449,108.608,315.8,1.6,1.3,2016-04-23,05:50,A,31,5.0       ,296.4,18.4
17.213,121.693,326.7,3.1,1.7,2016-04-23,05:50,A,55,5.0       ,309.4,57.1
15.592,106.02,320.4,2.5,1.5,2016-04-23,05:50,A,48,5.0       ,294.9,31.1
15.599,106.011,320.2,2.5,1.5,2016-04-23,05:50,A,52,5.0       ,295.3,30.7
15.49,103.56,327.9,3.9,1.8,2016-04-23,05:50,A,81,5.0       ,298.4,80.1
15.618,103.744,323.1,3.8,1.8,2016-04-23,05:50,A,76,5.0       ,291.4,75.7
16.841,106.068,319.2,2.4,1.5,2016-04-23,05:50,A,61,5.0       ,295.7,43.5
16.854,106.083,323.4,2.4,1.5,2016-04-23,05:50,A,76,5.0       ,294.8,64.8
16.85,106.061,336.9,2.4,1.5,2016-04-23,05:50,A,88,5.0       ,295.6,135.6
16.34,103.163,320.4,4,1.9,2016-04-23,05:50,A,57,5.0       ,293,37.2
18.151,101.675,325.3,4.7,2,2016-04-23,05:50,A,78,5.0       ,295.8,171.1
18.169,101.671,316.1,4.7,2,2016-04-23,05:50,A,55,5.0       ,295.5,70.2
18.15,101.671,325.6,4.7,2,2016-04-23,05:50,A,79,5.0       ,295.7,174.3
18.168,101.667,316.9,4.7,2,2016-04-23,05:50,A,65,5.0       ,295.6,78.3
18.625,102.475,330.3,4.1,1.9,2016-04-23,05:50,A,83,5.0       ,295.2,207.2
18.659,102.69,315.3,3.9,1.8,2016-04-23,05:50,A,0,5.0       ,293.5,85.3
18.63,102.466,324.8,4.1,1.9,2016-04-23,05:50,A,78,5.0       ,295.3,148.2
18.881,102.282,317.3,4.1,1.9,2016-04-23,05:50,A,68,5.0       ,293.5,102.3
18.885,102.278,316.6,4.1,1.9,2016-04-23,05:50,A,66,5.0       ,293.4,97
19.035,102.595,315.3,3.9,1.8,2016-04-23,05:50,A,63,5.0       ,293.6,99.1
18.904,101.944,310.9,4.4,1.9,2016-04-23,05:50,A,40,5.0       ,292.8,54.4
18.888,101.776,315,4.5,2,2016-04-23,05:50,A,63,5.0       ,290.7,98.2
19.042,102.588,310.7,3.9,1.8,2016-04-23,05:50,A,42,5.0       ,292.5,63.7
18.89,101.769,336.3,4.5,2,2016-04-23,05:50,A,87,5.0       ,290.9,354.7
19.349,101.762,318.5,4.4,1.9,2016-04-23,05:50,A,68,5.0       ,295.2,100.2
19.686,101.791,314.5,4.3,1.9,2016-04-23,05:50,A,61,5.0       ,292.2,73.7
19.688,101.785,314.3,4.3,1.9,2016-04-23,05:50,A,61,5.0       ,292.7,73.2
21.679,108.411,315.5,1.3,1.1,2016-04-23,05:50,A,44,5.0       ,296.9,14.7
20.722,101.815,332.1,4.1,1.9,2016-04-23,05:50,A,84,5.0       ,293.1,236.5
20.714,101.775,319.3,4.1,1.9,2016-04-23,05:50,A,67,5.0       ,290.9,104
20.71,101.809,328.8,4.1,1.9,2016-04-23,05:50,A,81,5.0       ,292.9,190
20.736,101.685,339.1,4.2,1.9,2016-04-23,05:50,A,89,5.0       ,291.8,323.2
20.752,101.679,355.5,4.2,1.9,2016-04-23,05:50,A,98,5.0       ,293.1,597.1
20.74,101.68,338.8,4.2,1.9,2016-04-23,05:50,A,89,5.0       ,292.3,317.9
20.756,101.673,357.5,4.2,1.9,2016-04-23,05:50,A,98,5.0       ,293,637.7
20.821,101.571,390.4,4.2,1.9,2016-04-23,05:50,A,100,5.0       ,291.7,1612.9
20.839,101.569,327.1,4.2,1.9,2016-04-23,05:50,A,80,5.0       ,290.7,196.1
20.83,101.53,311.2,4.3,1.9,2016-04-23,05:50,A,18,5.0       ,289.7,48.6
20.835,101.607,322,4.2,1.9,2016-04-23,05:50,A,71,5.0       ,292.1,130.2
20.825,101.564,395.1,4.2,1.9,2016-04-23,05:50,A,100,5.0       ,290,1800.2
20.914,100.786,356.7,4.8,2,2016-04-23,05:50,A,98,5.0       ,292.6,782.5
20.905,100.744,328,4.8,2,2016-04-23,05:50,A,77,5.0       ,291.7,245.4
20.931,100.777,337.5,4.8,2,2016-04-23,05:50,A,88,5.0       ,292.9,393
20.922,100.734,324.4,4.8,2,2016-04-23,05:50,A,77,5.0       ,293.2,200.2
20.913,100.781,339.7,4.8,2,2016-04-23,05:50,A,90,5.0       ,292.4,439.1
20.904,100.741,317.6,4.8,2,2016-04-23,05:50,A,68,5.0       ,291.4,126.2
20.93,100.774,354.1,4.8,2,2016-04-23,05:50,A,97,5.0       ,293.1,711.1
20.92,100.731,326.9,4.8,2,2016-04-23,05:50,A,80,5.0       ,293,218.1
25.558,96.695,317.2,1,1,2016-04-23,04:20,T,67,5.0       ,296.3,10.8
23.981,97.776,312.1,1.1,1.1,2016-04-23,04:20,T,43,5.0       ,295.7,8.4
23.774,95.808,325,1,1,2016-04-23,04:20,T,41,5.0       ,303.2,11.6
23.164,95.754,334.7,1,1,2016-04-23,04:20,T,86,5.0       ,306.3,18.9
23.204,95.238,322.5,1,1,2016-04-23,04:20,T,53,5.0       ,303.4,8.1
22.228,97.693,313.6,1.2,1.1,2016-04-23,04:20,T,58,5.0       ,294.5,12.1
22.334,96.521,326.4,1.1,1,2016-04-23,04:20,T,78,5.0       ,308,10.3
21.577,99.724,310.4,1.6,1.3,2016-04-23,04:20,T,27,5.0       ,294.3,17.6
21.577,99.718,313.7,1.6,1.3,2016-04-23,04:20,T,45,5.0       ,295.3,23.7
22.05,96.629,319.7,1.1,1,2016-04-23,04:20,T,49,5.0       ,301.5,11.1
21.332,99.865,319.4,1.7,1.3,2016-04-23,04:20,T,70,5.0       ,294.1,33.4
20.984,100.704,315.6,2,1.4,2016-04-23,04:20,T,48,5.0       ,296.8,21.9
20.977,100.741,327.8,2,1.4,2016-04-23,04:20,T,81,5.0       ,298,62.2
20.734,101.965,315.3,2.4,1.5,2016-04-23,04:20,T,63,5.0       ,294.6,38.5
20.693,100.439,319.1,1.9,1.3,2016-04-23,04:20,T,58,5.0       ,297.4,31.7
21.609,93.852,321.9,1,1,2016-04-23,04:20,T,58,5.0       ,304.5,14.2
21.587,94.006,359.2,1,1,2016-04-23,04:20,T,99,5.0       ,307.9,81.6
21.586,94.016,322.2,1,1,2016-04-23,04:20,T,75,5.0       ,306,10.1
20.438,100.649,313.4,2,1.4,2016-04-23,04:20,T,58,5.0       ,296.5,22.5
20.435,100.668,315.4,2,1.4,2016-04-23,04:20,T,64,5.0       ,296.6,30.4
21.354,94.349,328.7,1,1,2016-04-23,04:20,T,76,5.0       ,308.7,8.2
21.281,94.717,332.2,1,1,2016-04-23,04:20,T,84,5.0       ,307.6,13.9
21.28,94.726,329.9,1,1,2016-04-23,04:20,T,83,5.0       ,307.6,11
20.381,100.007,326.3,1.8,1.3,2016-04-23,04:20,T,60,5.0       ,302.3,38.4
20.378,100.024,327.2,1.8,1.3,2016-04-23,04:20,T,77,5.0       ,302.6,37
19.893,101.029,395.3,2.2,1.4,2016-04-23,04:20,T,100,5.0       ,299.9,689.4
19.889,101.049,403.7,2.2,1.4,2016-04-23,04:20,T,100,5.0       ,300.7,841.1
19.8,99.819,319.3,1.8,1.3,2016-04-23,04:20,T,51,5.0       ,301.3,18.1
20.844,93.273,426.7,1,1,2016-04-23,04:20,T,100,5.0       ,306.3,462.9
19.793,99.812,318.8,1.8,1.3,2016-04-23,04:20,T,37,5.0       ,301.7,18.5
19.536,100.746,320.4,2.1,1.4,2016-04-23,04:20,T,53,5.0       ,300.8,35.4
19.536,100.739,319.1,2.1,1.4,2016-04-23,04:20,T,34,5.0       ,300.8,32.6
20.583,94.197,329.5,1,1,2016-04-23,04:20,T,62,5.0       ,306.6,12.2
20.095,97.106,329,1.2,1.1,2016-04-23,04:20,T,75,5.0       ,303,22.8
20.056,96.658,314.1,1.1,1.1,2016-04-23,04:20,T,48,5.0       ,300.1,11.9
19.669,98.727,343.3,1.5,1.2,2016-04-23,04:20,T,92,5.0       ,305,81.9
19.514,99.419,342.9,1.7,1.3,2016-04-23,04:20,T,91,5.0       ,305.3,87.6
19.511,99.435,322.3,1.7,1.3,2016-04-23,04:20,T,67,5.0       ,301.9,16.8
20.31,94.299,331.6,1,1,2016-04-23,04:20,T,69,5.0       ,304.4,20.1
20.306,94.327,335.5,1,1,2016-04-23,04:20,T,87,5.0       ,306.3,22.4
20.301,94.298,329.6,1,1,2016-04-23,04:20,T,67,5.0       ,301.7,19
19.505,98.943,321.4,1.6,1.2,2016-04-23,04:20,T,35,5.0       ,305.4,15.2
19.443,99.298,327.9,1.7,1.3,2016-04-23,04:20,T,81,5.0       ,300.3,49.9
19.334,99.836,325.5,1.8,1.3,2016-04-23,04:20,T,38,5.0       ,306.1,23.9
20.019,94.772,331,1,1,2016-04-23,04:20,T,84,5.0       ,309.8,10.4
18.57,102.791,335.3,3.1,1.7,2016-04-23,04:20,T,75,5.0       ,293.6,197.2
18.572,102.785,343.5,3.1,1.7,2016-04-23,04:20,T,69,5.0       ,293.9,273.4
19.63,96.739,320.9,1.2,1.1,2016-04-23,04:20,T,51,5.0       ,306.5,17.9
19.068,99.191,323.5,1.7,1.3,2016-04-23,04:20,T,54,5.0       ,305,19.4
19.499,96.647,316.9,1.1,1.1,2016-04-23,04:20,T,63,5.0       ,302.1,14.8
19.083,99.108,322.4,1.6,1.3,2016-04-23,04:20,T,68,5.0       ,304.2,18.1
19.067,99.2,323.3,1.7,1.3,2016-04-23,04:20,T,66,5.0       ,304.7,21.5
19.234,97.527,325.8,1.3,1.1,2016-04-23,04:20,T,71,5.0       ,309.2,16.9
19.075,98.288,323.2,1.4,1.2,2016-04-23,04:20,T,56,5.0       ,307.3,23.5
18.78,99.83,317.5,1.9,1.3,2016-04-23,04:20,T,42,5.0       ,302.1,18.7
18.776,99.848,329.9,1.9,1.3,2016-04-23,04:20,T,83,5.0       ,302.5,54.5
18.99,98.585,321.5,1.5,1.2,2016-04-23,04:20,T,26,5.0       ,306.3,15.3
18.783,99.843,328.3,1.9,1.3,2016-04-23,04:20,T,81,5.0       ,302.4,49
19.266,96.583,315.8,1.1,1.1,2016-04-23,04:20,T,65,5.0       ,295.1,16.2
18.968,98.247,322,1.4,1.2,2016-04-23,04:20,T,63,5.0       ,303.7,25.2
18.963,98.241,323.4,1.4,1.2,2016-04-23,04:20,T,65,5.0       ,304.3,28.6
19.136,97.123,330.1,1.2,1.1,2016-04-23,04:20,T,83,5.0       ,302.7,30.9
18.908,98.44,314.7,1.5,1.2,2016-04-23,04:20,T,38,5.0       ,302.4,11.3
18.619,99.698,321,1.8,1.3,2016-04-23,04:20,T,47,5.0       ,304.8,23.7
18.839,98.17,318.2,1.4,1.2,2016-04-23,04:25,T,54,5.0       ,303.3,17.8
18.521,99.657,324.6,1.8,1.3,2016-04-23,04:25,T,44,5.0       ,306.1,25.3
19.409,94.092,324.1,1,1,2016-04-23,04:25,T,77,5.0       ,302.2,12.7
18.741,98.201,320,1.4,1.2,2016-04-23,04:25,T,43,5.0       ,304.5,17.7
18.444,99.777,322.2,1.9,1.3,2016-04-23,04:25,T,67,5.0       ,304.3,26.5
18.65,98.478,311.2,1.5,1.2,2016-04-23,04:25,T,35,5.0       ,298.9,11.7
19.375,93.762,323.2,1,1,2016-04-23,04:25,T,21,5.0       ,302.3,9.9
18.547,99.002,326,1.6,1.3,2016-04-23,04:25,T,31,5.0       ,308,19.3
19.06,95.793,327.6,1.1,1,2016-04-23,04:25,T,81,5.0       ,306.2,16
19.058,95.803,322.1,1.1,1,2016-04-23,04:25,T,45,5.0       ,304.8,9.2
19.336,93.901,322.2,1,1,2016-04-23,04:25,T,58,5.0       ,302.9,13.7
18.639,97.838,322.2,1.4,1.2,2016-04-23,04:25,T,67,5.0       ,303.8,20
19.186,94.294,320.8,1,1,2016-04-23,04:25,T,46,5.0       ,300.2,12.1
19.238,93.879,322.7,1,1,2016-04-23,04:25,T,74,5.0       ,298.8,15.6
19.115,94.151,325,1,1,2016-04-23,04:25,T,72,5.0       ,303.7,13.1
19.055,94.19,328.7,1,1,2016-04-23,04:25,T,82,5.0       ,303.5,16.1
18.959,94.399,314.4,1,1,2016-04-23,04:25,T,58,5.0       ,297.8,6.3
18.921,94.527,317.9,1,1,2016-04-23,04:25,T,69,5.0       ,301.5,10.9
18.839,94.271,329,1,1,2016-04-23,04:25,T,71,5.0       ,306.1,15.7
18.838,94.28,328.2,1,1,2016-04-23,04:25,T,56,5.0       ,306.9,14.9
18.311,97.336,317.2,1.3,1.1,2016-04-23,04:25,T,67,5.0       ,301.5,15.1
13.023,103.717,325.9,4.8,2,2016-04-23,04:25,T,57,5.0       ,299.5,119.7
13.023,103.712,328.4,4.8,2,2016-04-23,04:25,T,67,5.0       ,299.9,145.5
12.967,103.525,337.5,4.6,2,2016-04-23,04:25,T,88,5.0       ,300.4,285.4
12.959,103.567,320.7,4.7,2,2016-04-23,04:25,T,66,5.0       ,300.3,73.1
12.968,103.518,333.3,4.6,2,2016-04-23,04:25,T,85,5.0       ,300.3,214.6
12.96,103.56,325.2,4.7,2,2016-04-23,04:25,T,78,5.0       ,300.4,122.8
13.518,99.506,328.1,2.2,1.4,2016-04-23,04:25,T,74,5.0       ,305.7,37.2
12.053,103.224,310.6,4.6,2,2016-04-23,04:25,T,13,5.0       ,293.8,59.1
12.32,98.751,318.2,2.1,1.4,2016-04-23,04:25,T,58,5.0       ,300.6,28.8
12.318,98.744,316.3,2.1,1.4,2016-04-23,04:25,T,58,5.0       ,299.2,22.1
12.073,98.803,316.1,2.1,1.4,2016-04-23,04:25,T,65,5.0       ,296.8,27
11.792,98.679,324.1,2.1,1.4,2016-04-23,04:25,T,77,5.0       ,297.1,56.9
11.79,98.672,322.2,2.1,1.4,2016-04-23,04:25,T,75,5.0       ,297.4,47.6
11.354,98.847,320.9,2.2,1.4,2016-04-23,04:25,T,73,5.0       ,292.8,51
11.042,98.67,313.4,2.1,1.4,2016-04-23,04:25,T,0,5.0       ,297.3,24.5
10.884,98.677,320.3,2.2,1.4,2016-04-23,04:25,T,72,5.0       ,297.9,45.6
10.546,98.573,347.3,2.1,1.4,2016-04-23,04:25,T,94,5.0       ,297.5,171.6
10.543,98.592,323.6,2.2,1.4,2016-04-23,04:25,T,69,5.0       ,294.2,56
10.533,98.572,343.9,2.1,1.4,2016-04-23,04:25,T,92,5.0       ,295.9,149.6
10.53,98.591,322.4,2.2,1.4,2016-04-23,04:25,T,65,5.0       ,293.9,49.4
9.097,98.273,317.4,2.2,1.4,2016-04-23,04:25,T,42,5.0       ,296.8,28.9
-8.238,123.643,319.5,1.7,1.3,2016-04-23,05:45,A,41,5.0       ,303.1,30
-8.227,123.641,319.7,1.7,1.3,2016-04-23,05:45,A,0,5.0       ,302.8,31.3
-8.229,123.626,319.9,1.7,1.3,2016-04-23,05:45,A,0,5.0       ,303.3,32.2
-7.565,112.614,315.6,2,1.4,2016-04-23,05:45,A,64,5.0       ,295.7,22.8
-1.73,114.837,315.2,1.2,1.1,2016-04-23,05:45,A,61,5.0       ,297,13.3
-0.704,117.387,317.1,1,1,2016-04-23,05:45,A,60,5.0       ,296.2,13.3
-0.388,115.861,317.9,1,1,2016-04-23,05:45,A,69,5.0       ,297.1,10.2
0.25,117.355,315.2,1,1,2016-04-23,05:45,A,54,5.0       ,292.7,10.3
0.166,116.64,322.9,1,1,2016-04-23,05:45,A,59,5.0       ,299.5,16.2
0.175,116.638,321.3,1,1,2016-04-23,05:45,A,29,5.0       ,298.9,13.8
0.298,116.733,323.6,1,1,2016-04-23,05:45,A,51,5.0       ,299.5,14.8
0.281,116.609,323.1,1,1,2016-04-23,05:45,A,67,5.0       ,299.2,14.2
0.41,116.738,330.5,1,1,2016-04-23,05:45,A,66,5.0       ,302.2,20.6
0.558,117.641,327.1,1,1,2016-04-23,05:45,A,63,5.0       ,298.6,15
0.632,116.939,317.6,1,1,2016-04-23,05:45,A,22,5.0       ,298,13.2
0.924,117.116,319.3,1,1,2016-04-23,05:45,A,15,5.0       ,296.6,11.3
2.194,117.44,321.7,1,1,2016-04-23,05:45,A,51,5.0       ,305.6,13.8
2.699,117.756,341.9,1.1,1,2016-04-23,05:45,A,91,5.0       ,312.1,45.5
2.918,117.406,325.6,1,1,2016-04-23,05:45,A,79,5.0       ,303.5,20
3.403,116.552,316.1,1,1,2016-04-23,05:45,A,65,5.0       ,297.7,9.6
2.737,111.647,317.1,1.6,1.2,2016-04-23,05:45,A,57,5.0       ,291.6,22.2
2.739,111.654,318.9,1.6,1.2,2016-04-23,05:45,A,70,5.0       ,290.7,26
4.206,114.191,315.1,1.1,1,2016-04-23,05:45,A,41,5.0       ,292.7,13.1
4.288,114.309,317.7,1.1,1,2016-04-23,05:45,A,68,5.0       ,298.8,13.1
4.286,114.3,317.7,1.1,1,2016-04-23,05:45,A,68,5.0       ,298.5,13.3
4.368,114.036,325.6,1.1,1,2016-04-23,05:45,A,69,5.0       ,297.7,19.4
4.518,114.19,321.1,1.1,1,2016-04-23,05:45,A,35,5.0       ,300.6,13.7
4.585,114.267,320.7,1.1,1,2016-04-23,05:45,A,37,5.0       ,299.7,11
4.822,114.698,334.6,1,1,2016-04-23,05:45,A,86,5.0       ,290.8,34.2
18.369,122.276,312.6,1.3,1.1,2016-04-23,02:45,T,30,5.0       ,300.2,11.1
18.37,122.282,317.9,1.3,1.1,2016-04-23,02:45,T,69,5.0       ,301.1,20
17.954,121.994,330.5,1.3,1.1,2016-04-23,02:45,T,64,5.0       ,303.3,33
17.954,122,323,1.3,1.1,2016-04-23,02:45,T,33,5.0       ,303,23.7
17.955,121.867,326.2,1.3,1.1,2016-04-23,02:45,T,56,5.0       ,310.4,16.5
17.279,121.542,332,1.2,1.1,2016-04-23,02:45,T,80,5.0       ,310.5,22.3
17.277,121.554,330.1,1.2,1.1,2016-04-23,02:45,T,83,5.0       ,310.9,17.4
16.73,121.954,319.9,1.3,1.1,2016-04-23,02:45,T,45,5.0       ,301.6,14.6
16.761,121.193,318.1,1.2,1.1,2016-04-23,02:45,T,53,5.0       ,302.3,10.9
16.603,121.345,330.3,1.2,1.1,2016-04-23,02:45,T,83,5.0       ,309.2,26.3
16.594,121.343,325.6,1.2,1.1,2016-04-23,02:45,T,76,5.0       ,308.3,18
16.517,121.185,320.9,1.2,1.1,2016-04-23,02:45,T,67,5.0       ,305.9,12.8
16.46,121.401,318.5,1.3,1.1,2016-04-23,02:45,T,68,5.0       ,298.7,17.8
16.458,121.413,329.1,1.3,1.1,2016-04-23,02:45,T,82,5.0       ,301.1,36
16.243,121.089,322.6,1.2,1.1,2016-04-23,02:45,T,60,5.0       ,301.9,14.8
16.125,121.384,323.6,1.3,1.1,2016-04-23,02:45,T,57,5.0       ,304.5,24.5
16.041,121.202,323.5,1.2,1.1,2016-04-23,02:45,T,76,5.0       ,300,30.8
15.917,121.583,313.8,1.3,1.1,2016-04-23,02:45,T,0,5.0       ,297.7,12.4
15.716,120.919,326.9,1.2,1.1,2016-04-23,02:45,T,80,5.0       ,309.1,13.1
15.662,121.071,333.7,1.2,1.1,2016-04-23,02:45,T,86,5.0       ,309.3,25.7
15.621,120.942,329,1.2,1.1,2016-04-23,02:45,T,63,5.0       ,310,14.2
15.599,120.95,330.2,1.2,1.1,2016-04-23,02:45,T,71,5.0       ,308.4,15.3
12.609,109.005,343.4,1.7,1.3,2016-04-23,05:50,A,90,5.0       ,299,105.3
12.578,108.737,317.4,1.8,1.3,2016-04-23,05:50,A,59,5.0       ,298.9,18.8
12.597,108.783,326.8,1.8,1.3,2016-04-23,05:50,A,74,5.0       ,299.3,44.4
12.596,108.792,317.7,1.8,1.3,2016-04-23,05:50,A,36,5.0       ,298.9,20.7
12.593,108.776,320.4,1.8,1.3,2016-04-23,05:50,A,60,5.0       ,298.6,28.1
12.623,108.738,320.1,1.8,1.3,2016-04-23,05:50,A,48,5.0       ,299.1,27.7
12.625,108.603,322.9,1.8,1.3,2016-04-23,05:50,A,43,5.0       ,303,34.3
12.225,105.626,331,3.2,1.7,2016-04-23,05:50,A,84,5.0       ,295.3,145.1
12.229,105.648,326.3,3.2,1.7,2016-04-23,05:50,A,79,5.0       ,291.7,107.2
12.224,105.619,324,3.2,1.7,2016-04-23,05:50,A,72,5.0       ,295,91.6
12.323,105.659,333,3.1,1.7,2016-04-23,05:50,A,80,5.0       ,296.7,128.6
12.322,105.655,329.2,3.1,1.7,2016-04-23,05:50,A,71,5.0       ,296.8,99.4
12.396,105.814,322.3,3,1.7,2016-04-23,05:50,A,69,5.0       ,296.3,38.3
12.408,104.915,326.2,3.6,1.8,2016-04-23,05:50,A,43,5.0       ,298.8,55.1
12.423,104.941,334.4,3.6,1.8,2016-04-23,05:50,A,75,5.0       ,299,133.6
12.417,104.909,326.3,3.6,1.8,2016-04-23,05:50,A,65,5.0       ,300,60.4
12.451,104.734,326.7,3.7,1.8,2016-04-23,05:50,A,80,5.0       ,299.9,63.5
12.444,104.728,327.2,3.7,1.8,2016-04-23,05:50,A,80,5.0       ,299.9,69.9
12.753,105.752,319.8,3,1.7,2016-04-23,05:50,A,62,5.0       ,294.7,46.2
12.748,105.725,321.9,3,1.7,2016-04-23,05:50,A,74,5.0       ,297.8,63.6
12.788,105.515,322.4,3.2,1.7,2016-04-23,05:50,A,49,5.0       ,299.4,63.9
12.618,104.551,326.2,3.8,1.8,2016-04-23,05:50,A,56,5.0       ,297.6,73.9
12.612,104.517,327.7,3.8,1.8,2016-04-23,05:50,A,52,5.0       ,297.5,90.2
12.594,104.549,325.1,3.8,1.8,2016-04-23,05:50,A,66,5.0       ,297.8,68.1
12.61,104.545,327.8,3.8,1.8,2016-04-23,05:50,A,81,5.0       ,298,99.6
12.604,104.511,326.1,3.8,1.8,2016-04-23,05:50,A,60,5.0       ,298.2,86.8
12.667,104.673,330.7,3.7,1.8,2016-04-23,05:50,A,83,5.0       ,298.6,110.1
12.945,106.144,321.4,2.8,1.6,2016-04-23,05:50,A,68,5.0       ,298.2,42.2
12.881,105.52,323.1,3.1,1.7,2016-04-23,05:50,A,69,5.0       ,297,58.2
12.674,104.667,326.5,3.7,1.8,2016-04-23,05:50,A,80,5.0       ,298.7,73.8
12.894,105.513,328.6,3.1,1.7,2016-04-23,05:50,A,82,5.0       ,298.3,96.8
12.968,105.579,321.7,3.1,1.7,2016-04-23,05:50,A,71,5.0       ,295.9,61.5
12.941,105.349,326.9,3.2,1.7,2016-04-23,05:50,A,43,5.0       ,301.1,73.4
12.76,104.362,326.2,3.9,1.8,2016-04-23,05:50,A,0,5.0       ,299.6,77.7
12.792,103.862,321.7,4.2,1.9,2016-04-23,05:50,A,58,5.0       ,294.8,68.9
12.931,104.432,331.4,3.8,1.8,2016-04-23,05:50,A,63,5.0       ,297.6,140.8
12.886,104.187,324.9,4,1.9,2016-04-23,05:50,A,0,5.0       ,297.3,107.7
13.678,108.701,335,1.7,1.3,2016-04-23,05:50,A,66,5.0       ,303,55.1
13.119,105.4,321.2,3.2,1.7,2016-04-23,05:50,A,74,5.0       ,295.7,67.7
12.828,103.775,328.6,4.3,1.9,2016-04-23,05:50,A,82,5.0       ,299.5,141.8
13.298,106.343,322,2.7,1.6,2016-04-23,05:50,A,75,5.0       ,297.8,55.7
13.294,106.318,331.5,2.7,1.6,2016-04-23,05:50,A,84,5.0       ,299.6,113.5
12.796,103.854,324.1,4.2,1.9,2016-04-23,05:50,A,43,5.0       ,296.1,91
12.922,104.426,332.6,3.8,1.8,2016-04-23,05:50,A,69,5.0       ,297,160.2
13.698,108.69,335.8,1.7,1.3,2016-04-23,05:50,A,63,5.0       ,306.9,58.4
13.118,105.393,318.1,3.2,1.7,2016-04-23,05:50,A,64,5.0       ,295.4,50.3
13.303,106.335,328.7,2.7,1.6,2016-04-23,05:50,A,82,5.0       ,298.2,90.5
13.299,106.311,325.8,2.7,1.6,2016-04-23,05:50,A,79,5.0       ,298.9,76.3
12.839,103.806,324.6,4.3,1.9,2016-04-23,05:50,A,68,5.0       ,299.9,93.9
12.832,103.767,325.9,4.3,1.9,2016-04-23,05:50,A,78,5.0       ,299.5,111.3
12.967,103.532,325.7,4.4,1.9,2016-04-23,05:50,A,79,5.0       ,296.3,116.6
12.969,103.525,327.8,4.4,1.9,2016-04-23,05:50,A,81,5.0       ,296.7,136.1
13.023,103.717,331,4.3,1.9,2016-04-23,05:50,A,30,5.0       ,298.5,159.7
13.016,103.678,332.5,4.3,1.9,2016-04-23,05:50,A,63,5.0       ,299.3,180.6
13.008,103.639,327.3,4.3,1.9,2016-04-23,05:50,A,28,5.0       ,298.9,115.7
13.696,107.374,326.9,2.2,1.4,2016-04-23,05:50,A,80,5.0       ,299.4,48
13.033,103.675,324.8,4.3,1.9,2016-04-23,05:50,A,40,5.0       ,298.5,101.7
13.581,106.265,327.9,2.7,1.6,2016-04-23,05:50,A,81,5.0       ,298.2,80.9
13.09,103.496,339,4.4,1.9,2016-04-23,05:50,A,89,5.0       ,297.4,278
13.635,106.329,321.5,2.6,1.6,2016-04-23,05:50,A,38,5.0       ,298.6,47.6
13.557,105.802,322.1,2.9,1.6,2016-04-23,05:50,A,48,5.0       ,296,45.7
13.163,103.604,343.1,4.3,1.9,2016-04-23,05:50,A,86,5.0       ,299.6,370.6
13.156,103.565,328.8,4.4,1.9,2016-04-23,05:50,A,70,5.0       ,299.4,157
13.18,103.601,340.4,4.3,1.9,2016-04-23,05:50,A,90,5.0       ,299,326.5
13.173,103.562,333.3,4.4,1.9,2016-04-23,05:50,A,78,5.0       ,299.9,212.1
13.092,103.488,343.8,4.4,1.9,2016-04-23,05:50,A,92,5.0       ,297.9,349.8
13.084,103.448,335.7,4.5,1.9,2016-04-23,05:50,A,87,5.0       ,296,205.3
13.149,103.6,328.9,4.3,1.9,2016-04-23,05:50,A,48,5.0       ,300,165.4
13.555,105.686,323.2,3,1.6,2016-04-23,05:50,A,76,5.0       ,294.8,83.6
13.166,103.596,351.5,4.3,1.9,2016-04-23,05:50,A,96,5.0       ,299.8,515.2
13.183,103.593,334.5,4.3,1.9,2016-04-23,05:50,A,58,5.0       ,299.2,227.8
13.806,106.94,317.7,2.3,1.5,2016-04-23,05:50,A,43,5.0       ,295.5,31
13.178,103.471,328.5,4.4,1.9,2016-04-23,05:50,A,65,5.0       ,299,114
13.17,103.431,327.2,4.5,1.9,2016-04-23,05:50,A,49,5.0       ,300.7,96.2
13.217,103.586,339.9,4.3,1.9,2016-04-23,05:50,A,89,5.0       ,299.1,312
13.261,103.536,328.1,4.4,1.9,2016-04-23,05:50,A,81,5.0       ,299.5,129.6
13.254,103.497,328.5,4.4,1.9,2016-04-23,05:50,A,81,5.0       ,298.9,129.9
13.179,103.467,326.9,4.4,1.9,2016-04-23,05:50,A,54,5.0       ,299.2,96.5
13.219,103.582,338.5,4.3,1.9,2016-04-23,05:50,A,78,5.0       ,299,282.5
13.263,103.533,328.4,4.4,1.9,2016-04-23,05:50,A,79,5.0       ,299.4,131.1
13.255,103.493,328.5,4.4,1.9,2016-04-23,05:50,A,81,5.0       ,298.5,132.2
14.022,107.438,319.9,2.1,1.4,2016-04-23,05:50,A,72,5.0       ,295.7,34.8
14.019,107.419,323.1,2.1,1.4,2016-04-23,05:50,A,76,5.0       ,295.3,45.8
14.023,107.431,328.5,2.1,1.4,2016-04-23,05:50,A,81,5.0       ,295.9,68.6
13.303,103.351,323.5,4.5,2,2016-04-23,05:50,A,74,5.0       ,299.9,91.4
14.084,107.558,321.4,2.1,1.4,2016-04-23,05:50,A,74,5.0       ,294.6,43.1
13.745,105.555,316.7,3,1.6,2016-04-23,05:50,A,53,5.0       ,293.4,48.3
13.352,103.424,328,4.4,1.9,2016-04-23,05:50,A,81,5.0       ,297.7,137.9
13.564,104.199,355.3,3.8,1.8,2016-04-23,05:50,A,98,5.0       ,295.9,508.3
13.558,104.163,361.7,3.9,1.8,2016-04-23,05:50,A,100,5.0       ,295.8,634
13.354,103.42,327,4.4,1.9,2016-04-23,05:50,A,80,5.0       ,298,129.2
13.555,104.197,320,3.8,1.8,2016-04-23,05:50,A,22,5.0       ,295.8,72.6
22.253,93.765,320.7,2.1,1.4,2016-04-23,07:30,A,51,5.0       ,304.3,27.1
22.57,93.808,319.5,2.2,1.4,2016-04-23,07:30,A,69,5.0       ,303.6,29.7
5.292,116.436,320.3,1,1,2016-04-23,05:50,A,65,5.0       ,300.5,10.9
5.291,116.427,324.5,1,1,2016-04-23,05:50,A,65,5.0       ,305.5,17.4
5.443,115.555,327.2,1,1,2016-04-23,05:50,A,44,5.0       ,293.3,15.5
5.487,115.613,356.4,1,1,2016-04-23,05:50,A,98,5.0       ,295.5,73.7
5.594,115.901,328.1,1,1,2016-04-23,05:50,A,61,5.0       ,299,15.1
5.68,115.928,331.2,1,1,2016-04-23,05:50,A,77,5.0       ,298.8,18.8
6.891,117.073,327.9,1.1,1,2016-04-23,05:50,A,81,5.0       ,296.9,24.1
6.889,117.063,323.2,1.1,1,2016-04-23,05:50,A,66,5.0       ,297.1,16.9
6.881,116.801,319.9,1.1,1,2016-04-23,05:50,A,55,5.0       ,297.9,11.8
6.913,116.713,332.7,1.1,1,2016-04-23,05:50,A,0,5.0       ,303.6,26.6
10.803,107.771,352.9,2.3,1.5,2016-04-23,05:50,A,96,5.0       ,305,192.3
10.8,107.747,326.2,2.3,1.5,2016-04-23,05:50,A,43,5.0       ,305,27.3
11.784,108.872,331.9,1.8,1.3,2016-04-23,05:50,A,72,5.0       ,306.9,41
11.778,108.869,335.6,1.8,1.3,2016-04-23,05:50,A,87,5.0       ,307,55.4
11.118,103.628,322,4.7,2,2016-04-23,05:50,A,48,5.0       ,301.2,94.8
11.118,103.621,320.1,4.7,2,2016-04-23,05:50,A,41,5.0       ,301.3,71.4
11.86,107.642,313.5,2.3,1.5,2016-04-23,05:50,A,34,5.0       ,298.6,21.1
11.958,107.91,341.6,2.1,1.4,2016-04-23,05:50,A,91,5.0       ,300,135.5
11.206,103.604,323.2,4.7,2,2016-04-23,05:50,A,66,5.0       ,300.8,114
11.205,103.6,325.4,4.7,2,2016-04-23,05:50,A,75,5.0       ,300.9,136.8
12.202,108.841,317.1,1.8,1.3,2016-04-23,05:50,A,42,5.0       ,297.2,28.3
12.09,108.077,320.4,2.1,1.4,2016-04-23,05:50,A,62,5.0       ,293.5,46.2
12.183,107.304,319.6,2.4,1.5,2016-04-23,05:50,A,71,5.0       ,296.1,50.4
12.182,106.932,318.8,2.5,1.5,2016-04-23,05:50,A,31,5.0       ,295.7,39.8
11.859,104.779,324.3,3.8,1.8,2016-04-23,05:50,A,51,5.0       ,300.8,54.6
12.53,108.593,332.7,1.9,1.3,2016-04-23,05:50,A,46,5.0       ,285.9,92.7
9.098,98.268,321.1,3,1.7,2016-04-23,07:25,A,47,5.0       ,298.2,74.1
9.096,98.264,322,3,1.7,2016-04-23,07:25,A,0,5.0       ,298.2,78.2
10.537,98.543,316.9,3.3,1.7,2016-04-23,07:30,A,31,5.0       ,297.5,45.8
12.061,98.777,317.8,3.7,1.8,2016-04-23,07:30,A,65,5.0       ,296.8,67.7
12.081,98.808,316.8,3.7,1.8,2016-04-23,07:30,A,52,5.0       ,294.6,54.1
12.077,98.774,358.3,3.7,1.8,2016-04-23,07:30,A,99,5.0       ,297.1,543.1
12.072,98.805,326.1,3.7,1.8,2016-04-23,07:30,A,79,5.0       ,294,130.6
12.068,98.771,353.3,3.7,1.8,2016-04-23,07:30,A,97,5.0       ,297.3,460.8
12.084,98.768,316.5,3.7,1.8,2016-04-23,07:30,A,64,5.0       ,296.6,55.7
12.538,99.005,331.7,3.9,1.8,2016-04-23,07:30,A,84,5.0       ,297.1,201.4
12.529,98.999,340,3.9,1.8,2016-04-23,07:30,A,90,5.0       ,297,300.5
14.45,99.146,317.6,4.2,1.9,2016-04-23,07:30,A,0,5.0       ,300.6,77.3
14.452,99.14,318.4,4.2,1.9,2016-04-23,07:30,A,0,5.0       ,300.9,83
14.702,98.124,317.2,3.6,1.8,2016-04-23,07:30,A,64,5.0       ,299,52.3
14.838,98.16,333.5,3.6,1.8,2016-04-23,07:30,A,85,5.0       ,296.2,188
14.835,98.13,331.6,3.6,1.8,2016-04-23,07:30,A,84,5.0       ,299.5,160.3
15.271,98.868,313.6,4.1,1.9,2016-04-23,07:30,A,34,5.0       ,295.6,58.6
15.289,98.873,342.9,4.1,1.9,2016-04-23,07:30,A,91,5.0       ,297,388.6
15.295,98.907,314.7,4.2,1.9,2016-04-23,07:30,A,24,5.0       ,296.1,65
15.291,98.867,329.9,4.1,1.9,2016-04-23,07:30,A,83,5.0       ,296.8,213.6
15.898,98.428,320.8,3.9,1.8,2016-04-23,07:30,A,60,5.0       ,295.4,79.7
16.529,95.688,318.4,2.4,1.5,2016-04-23,07:30,A,46,5.0       ,294.9,25.4
19.009,96.08,319.5,2.8,1.6,2016-04-23,07:30,A,71,5.0       ,295.2,39.8
18.836,94.364,322.5,2.1,1.4,2016-04-23,07:30,A,53,5.0       ,305.1,28.4
18.834,94.345,323.8,2.1,1.4,2016-04-23,07:30,A,69,5.0       ,305,31.6
18.838,94.266,324.5,2.1,1.4,2016-04-23,07:30,A,48,5.0       ,304.1,27.4
19.01,96.074,320.1,2.8,1.6,2016-04-23,07:30,A,70,5.0       ,296.2,43.6
18.836,94.359,325.2,2.1,1.4,2016-04-23,07:30,A,77,5.0       ,305.2,37.6
19.089,94.082,336.7,2,1.4,2016-04-23,07:30,A,88,5.0       ,301.1,82.9
19.087,94.063,329.9,2,1.4,2016-04-23,07:30,A,56,5.0       ,301.5,53
19.332,94.863,327,2.3,1.5,2016-04-23,07:30,A,74,5.0       ,303.4,26.7
19.426,94.757,336.4,2.3,1.5,2016-04-23,07:30,A,88,5.0       ,304.4,71.8
19.424,94.773,330.1,2.3,1.5,2016-04-23,07:30,A,83,5.0       ,304.2,39.9
19.422,94.752,332.7,2.3,1.5,2016-04-23,07:30,A,85,5.0       ,304.2,51.6
19.802,93.944,323.6,2,1.4,2016-04-23,07:30,A,73,5.0       ,300.7,36.5
19.871,93.852,373,2,1.4,2016-04-23,07:30,A,100,5.0       ,300.7,329.5
19.869,93.833,347.6,2,1.4,2016-04-23,07:30,A,94,5.0       ,299.9,139.3
19.873,93.847,341.3,2,1.4,2016-04-23,07:30,A,91,5.0       ,300.2,103.7
21.135,94.364,325.5,2.3,1.5,2016-04-23,07:30,A,79,5.0       ,304.4,33.3
21.636,93.813,315.9,2.1,1.4,2016-04-23,07:30,A,40,5.0       ,300.9,30.2
25.691,93.386,319,2.2,1.4,2016-04-23,07:30,A,70,5.0       ,296.5,39
16.391,94.396,325.5,1.9,1.4,2016-04-23,07:30,A,79,5.0       ,301.2,38.3
17.099,95.09,324.1,2.2,1.5,2016-04-23,07:30,A,36,5.0       ,299,29.1
17.243,95.103,330.7,2.3,1.5,2016-04-23,07:30,A,83,5.0       ,302.6,52.1
17.353,95.414,326.3,2.4,1.5,2016-04-23,07:30,A,53,5.0       ,301.1,42.8
18.237,96.36,320.7,2.9,1.6,2016-04-23,07:30,A,72,5.0       ,298.1,55.1
18.395,95.821,327.9,2.7,1.6,2016-04-23,07:30,A,77,5.0       ,300.5,64
18.471,95.862,331.9,2.7,1.6,2016-04-23,07:30,A,58,5.0       ,299.5,85.4
18.474,95.857,330.2,2.7,1.6,2016-04-23,07:30,A,60,5.0       ,299.4,78.5
18.42,95.079,331.8,2.3,1.5,2016-04-23,07:30,A,84,5.0       ,308.2,41.8
18.566,96.189,317.2,2.9,1.6,2016-04-23,07:30,A,67,5.0       ,292.6,39.1
18.733,95.915,337,2.7,1.6,2016-04-23,07:30,A,88,5.0       ,297,144.4
18.724,95.908,348.5,2.7,1.6,2016-04-23,07:30,A,94,5.0       ,296.8,243.1
18.655,94.479,319.1,2.1,1.4,2016-04-23,07:30,A,46,5.0       ,301.4,26.7
18.77,94.478,327.6,2.1,1.4,2016-04-23,07:30,A,81,5.0       ,301.6,57
18.773,94.491,319.4,2.1,1.4,2016-04-23,07:30,A,69,5.0       ,301,28.5
11.439,122.12,308,3.8,1.8,2016-04-23,13:35,T,58,5.0       ,292.9,75.4
-1.816,136.757,307,1.2,1.1,2016-04-23,13:30,T,51,5.0       ,291.4,9.9
-8.112,112.927,319.6,1.1,1,2016-04-23,15:10,T,99,5.0       ,280.2,33
3.76,108.27,322.1,1,1,2016-04-23,15:10,T,100,5.0       ,289.6,24.7
10.834,107.071,322.6,1,1,2016-04-23,15:15,T,100,5.0       ,296.3,24.8
10.678,103.927,306.9,1.3,1.1,2016-04-23,15:15,T,50,5.0       ,296.9,9.6
11.33,106.618,307.5,1,1,2016-04-23,15:15,T,55,5.0       ,297,7.8
10.972,104.114,311.9,1.2,1.1,2016-04-23,15:15,T,77,5.0       ,296.1,16.1
11.376,106.419,308.7,1,1,2016-04-23,15:15,T,62,5.0       ,296.6,8.8
11.374,106.41,307.2,1,1,2016-04-23,15:15,T,52,5.0       ,296.7,7.4
11.097,104.332,313.7,1.2,1.1,2016-04-23,15:15,T,83,5.0       ,296.7,17.9
10.564,98.574,306.2,3.2,1.7,2016-04-23,15:15,T,42,5.0       ,293.5,38.9
11.708,103.896,308.2,1.2,1.1,2016-04-23,15:15,T,59,5.0       ,295.7,10.2
11.706,103.817,309.5,1.2,1.1,2016-04-23,15:15,T,18,5.0       ,295.5,10.3
11.704,103.806,318.1,1.2,1.1,2016-04-23,15:15,T,95,5.0       ,295.4,24.2
11.714,103.804,307.8,1.2,1.1,2016-04-23,15:15,T,21,5.0       ,295.2,9.6
12.466,108.967,308.3,1.1,1.1,2016-04-23,15:15,T,60,5.0       ,295,11.6
12.465,108.956,306.7,1.1,1.1,2016-04-23,15:15,T,48,5.0       ,294.7,9.8
11.763,103.797,315.7,1.2,1.1,2016-04-23,15:15,T,89,5.0       ,294.9,22.5
11.765,103.802,305.6,1.2,1.1,2016-04-23,15:15,T,18,5.0       ,294.7,9.1
11.764,103.792,313,1.2,1.1,2016-04-23,15:15,T,75,5.0       ,294.2,19.9
12.544,109.08,311.1,1.2,1.1,2016-04-23,15:15,T,73,5.0       ,295.5,14.1
12.555,109.089,305.5,1.2,1.1,2016-04-23,15:15,T,32,5.0       ,295.2,7.8
12.554,109.078,317,1.2,1.1,2016-04-23,15:15,T,92,5.0       ,295.2,22.1
12.222,106.673,309,1,1,2016-04-23,15:15,T,64,5.0       ,297.4,8.2
11.843,103.915,306.4,1.2,1.1,2016-04-23,15:15,T,45,5.0       ,295,7.6
11.841,103.904,305.4,1.2,1.1,2016-04-23,15:15,T,22,5.0       ,294.5,7.2
12.304,106.793,309,1,1,2016-04-23,15:15,T,64,5.0       ,297.5,7.6
12.466,107.423,306.2,1,1,2016-04-23,15:15,T,43,5.0       ,294.5,7.2
12.223,105.654,313.4,1,1,2016-04-23,15:15,T,82,5.0       ,297.4,12.8
12.519,107.344,306.5,1,1,2016-04-23,15:15,T,46,5.0       ,295.7,6.4
12.098,104.185,307.4,1.2,1.1,2016-04-23,15:15,T,54,5.0       ,295.5,9.2
12.326,105.674,306.9,1,1,2016-04-23,15:15,T,46,5.0       ,296.8,5.9
12.325,105.664,310.4,1,1,2016-04-23,15:15,T,70,5.0       ,296.8,9.2
12.595,107.354,327.8,1,1,2016-04-23,15:15,T,100,5.0       ,295.8,31
12.593,107.345,319.6,1,1,2016-04-23,15:15,T,99,5.0       ,295.6,20
12.422,105.886,315,1,1,2016-04-23,15:15,T,87,5.0       ,297.7,13.7
12.148,104.038,309.4,1.2,1.1,2016-04-23,15:15,T,66,5.0       ,295.4,10.4
12.453,105.848,308.1,1,1,2016-04-23,15:15,T,59,5.0       ,297.6,7.2
12.464,105.855,317,1,1,2016-04-23,15:15,T,92,5.0       ,297.7,15.7
12.462,105.846,321,1,1,2016-04-23,15:15,T,100,5.0       ,297.6,20.7
12.323,104.846,308,1.1,1,2016-04-23,15:15,T,58,5.0       ,297.1,7.8
12.44,104.882,313.4,1.1,1,2016-04-23,15:15,T,82,5.0       ,297.5,13.1
12.55,105.56,311.1,1,1,2016-04-23,15:15,T,74,5.0       ,297.1,9.7
12.6,105.594,308.3,1,1,2016-04-23,15:15,T,60,5.0       ,297.5,6.8
12.678,105.744,308.5,1,1,2016-04-23,15:15,T,53,5.0       ,297.7,5.9
12.687,105.743,336.1,1,1,2016-04-23,15:15,T,100,5.0       ,298.8,41.8
12.685,105.733,323.6,1,1,2016-04-23,15:15,T,100,5.0       ,297.9,23
12.861,106.822,307.8,1,1,2016-04-23,15:15,T,57,5.0       ,297.2,5.7
12.711,105.656,307.8,1,1,2016-04-23,15:15,T,57,5.0       ,297.5,5.5
12.748,105.849,309.6,1,1,2016-04-23,15:15,T,67,5.0       ,298.2,6.9
12.724,105.683,311.4,1,1,2016-04-23,15:15,T,75,5.0       ,297.3,9.2
12.723,105.674,312.6,1,1,2016-04-23,15:15,T,79,5.0       ,297.3,10.1
12.757,105.848,317.8,1,1,2016-04-23,15:15,T,94,5.0       ,298.4,15.4
12.584,104.551,307.3,1.1,1.1,2016-04-23,15:15,T,53,5.0       ,296.8,6.1
12.583,104.541,314.4,1.1,1.1,2016-04-23,15:15,T,85,5.0       ,297.1,14.4
12.744,105.566,308.7,1,1,2016-04-23,15:15,T,62,5.0       ,297.5,6.4
12.642,104.747,309.1,1.1,1,2016-04-23,15:15,T,65,5.0       ,296.9,8.3
12.641,104.737,326.8,1.1,1,2016-04-23,15:15,T,100,5.0       ,297.5,31.6
12.609,104.526,309.4,1.1,1.1,2016-04-23,15:15,T,15,5.0       ,297.3,7.2
12.648,104.74,322.9,1.1,1,2016-04-23,15:15,T,100,5.0       ,297.3,24.9
12.646,104.73,314.1,1.1,1,2016-04-23,15:15,T,84,5.0       ,297.8,13.2
12.614,104.52,308.3,1.1,1.1,2016-04-23,15:15,T,60,5.0       ,296.9,7.7
12.617,104.477,322.3,1.1,1.1,2016-04-23,15:15,T,61,5.0       ,296.9,0
12.796,105.609,310.9,1,1,2016-04-23,15:15,T,73,5.0       ,297.6,8.9
12.795,105.6,307.6,1,1,2016-04-23,15:15,T,56,5.0       ,297.4,5.6
12.485,103.425,308.1,1.3,1.1,2016-04-23,15:15,T,59,5.0       ,296.3,10.5
11.837,99.475,308,2.5,1.5,2016-04-23,15:15,T,58,5.0       ,293.7,32.7
12.829,105.585,321.2,1,1,2016-04-23,15:15,T,100,5.0       ,297.9,19.4
12.828,105.575,336.6,1,1,2016-04-23,15:15,T,100,5.0       ,298,42.7
12.838,105.583,309.5,1,1,2016-04-23,15:15,T,66,5.0       ,297.8,6.5
13.743,105.221,307.4,1,1,2016-04-23,15:15,T,54,5.0       ,296.7,6.4
13.643,104.298,309.4,1.1,1.1,2016-04-23,15:15,T,60,5.0       ,293.3,8.6
13.811,105.117,331.2,1,1,2016-04-23,15:15,T,100,5.0       ,297.7,36
13.809,105.108,329.2,1,1,2016-04-23,15:15,T,100,5.0       ,297.9,32.8
13.942,105.196,308.1,1,1,2016-04-23,15:15,T,58,5.0       ,296,7.9
14.408,107.498,316.2,1,1,2016-04-23,15:15,T,90,5.0       ,286.9,20.4
14.135,104.087,309.3,1.1,1.1,2016-04-23,15:15,T,51,5.0       ,295.5,9.5
14.604,107.255,305.7,1,1,2016-04-23,15:15,T,36,5.0       ,292.8,7.8
14.603,107.246,314.4,1,1,2016-04-23,15:15,T,85,5.0       ,293,16.4
13.849,99.623,306,2.3,1.5,2016-04-23,15:15,T,40,5.0       ,294.9,17.7
15.026,106.589,308.4,1,1,2016-04-23,15:15,T,60,5.0       ,291.7,11.7
14.732,104.316,308.3,1.1,1,2016-04-23,15:15,T,60,5.0       ,296,8.8
15.396,103.449,308.3,1.2,1.1,2016-04-23,15:15,T,60,5.0       ,297.8,8.8
15.395,103.438,314.2,1.2,1.1,2016-04-23,15:15,T,84,5.0       ,297.9,16.1
15.399,103.443,315,1.2,1.1,2016-04-23,15:15,T,87,5.0       ,297.9,16.8
15.416,102.976,320.3,1.2,1.1,2016-04-23,15:15,T,100,5.0       ,298.4,25.3
15.418,102.981,314,1.2,1.1,2016-04-23,15:15,T,84,5.0       ,298.3,16
15.416,102.969,310,1.2,1.1,2016-04-23,15:15,T,69,5.0       ,298.1,10.8
15.749,104.396,306.8,1.1,1,2016-04-23,15:15,T,49,5.0       ,296.6,6.2
15.778,104.401,307,1.1,1,2016-04-23,15:15,T,50,5.0       ,296.5,6.4
15.064,98.127,313.9,2.8,1.6,2016-04-23,15:15,T,84,5.0       ,294,67.4
15.059,98.102,321.8,2.8,1.6,2016-04-23,15:15,T,100,5.0       ,294,109
15.053,98.125,319.9,2.8,1.6,2016-04-23,15:15,T,99,5.0       ,294.3,96.1
15.048,98.1,310.2,2.8,1.6,2016-04-23,15:15,T,70,5.0       ,294,50.6
15.062,98.096,309.2,2.8,1.6,2016-04-23,15:15,T,65,5.0       ,293.8,49.5
15.295,98.038,306.4,2.8,1.6,2016-04-23,15:15,T,45,5.0       ,294.5,36.5
16.038,102.053,308.9,1.4,1.2,2016-04-23,15:15,T,63,5.0       ,298.1,12.2
16.29,103.176,309.9,1.2,1.1,2016-04-23,15:15,T,68,5.0       ,297.6,10.9
16.575,104.549,315.4,1,1,2016-04-23,15:15,T,88,5.0       ,297,14.2
16.573,104.539,311.5,1,1,2016-04-23,15:15,T,75,5.0       ,296.8,10.1
16.208,102.144,312.9,1.4,1.2,2016-04-23,15:15,T,80,5.0       ,299.7,15.8
16.206,102.132,310.5,1.4,1.2,2016-04-23,15:15,T,71,5.0       ,299.9,12.5
16.073,101.296,307.2,1.5,1.2,2016-04-23,15:15,T,33,5.0       ,295.4,14
16.205,102.138,310.5,1.4,1.2,2016-04-23,15:15,T,71,5.0       ,299.9,12.3
16.215,102.137,310.7,1.4,1.2,2016-04-23,15:15,T,72,5.0       ,299.9,12.8
16.077,101.303,310.8,1.5,1.2,2016-04-23,15:15,T,72,5.0       ,295.1,19.7
16.075,101.289,313.5,1.5,1.2,2016-04-23,15:15,T,82,5.0       ,296.4,25.3
16.088,101.301,306.6,1.5,1.2,2016-04-23,15:15,T,41,5.0       ,295.8,12.9
16.086,101.288,318.5,1.5,1.2,2016-04-23,15:15,T,96,5.0       ,296.7,35.4
16.083,101.273,310.8,1.6,1.2,2016-04-23,15:15,T,68,5.0       ,295.5,18.4
16.831,104.849,309.7,1,1,2016-04-23,15:15,T,67,5.0       ,295,9
16.829,104.839,308.6,1,1,2016-04-23,15:15,T,62,5.0       ,294.9,8.5
16.296,100.757,311.7,1.7,1.3,2016-04-23,15:15,T,76,5.0       ,298.6,18.2
16.926,102.343,310.4,1.3,1.1,2016-04-23,15:15,T,71,5.0       ,298.2,12.5
16.604,99.999,309.6,1.9,1.3,2016-04-23,15:15,T,67,5.0       ,297.8,17.8
17.06,102.41,310.6,1.3,1.1,2016-04-23,15:15,T,71,5.0       ,298.8,12
17.12,101.335,307.7,1.5,1.2,2016-04-23,15:15,T,56,5.0       ,295.8,13.7
17.208,101.172,307.1,1.5,1.2,2016-04-23,15:15,T,51,5.0       ,295.7,14
17.344,100.948,310.4,1.6,1.2,2016-04-23,15:15,T,71,5.0       ,295.3,21
17.611,102.076,314.6,1.3,1.1,2016-04-23,15:15,T,86,5.0       ,296,19.7
17.609,102.064,314.1,1.3,1.1,2016-04-23,15:15,T,84,5.0       ,296.6,19.6
17.607,102.052,308.2,1.3,1.1,2016-04-23,15:15,T,59,5.0       ,297.3,11.2
17.923,102.874,306.8,1.2,1.1,2016-04-23,15:15,T,48,5.0       ,294.8,8.8
17.921,102.863,308.4,1.2,1.1,2016-04-23,15:15,T,60,5.0       ,296,10.1
17.474,99.555,307.6,1.9,1.4,2016-04-23,15:15,T,55,5.0       ,297.4,14.4
18.027,101.977,307.2,1.3,1.1,2016-04-23,15:15,T,50,5.0       ,296.5,9.2
17.652,99.583,325.6,1.9,1.4,2016-04-23,15:15,T,100,5.0       ,297.9,67
17.94,100.377,309.2,1.7,1.3,2016-04-23,15:15,T,65,5.0       ,298,14.9
17.939,100.371,309.5,1.7,1.3,2016-04-23,15:15,T,63,5.0       ,297.9,15
18.201,100.619,310,1.6,1.2,2016-04-23,15:15,T,69,5.0       ,297.5,16.2
18.681,103.12,308.8,1.1,1.1,2016-04-23,15:15,T,63,5.0       ,293.4,12.2
18.896,102.029,311.4,1.3,1.1,2016-04-23,15:15,T,75,5.0       ,294.1,16.4
19.01,101.906,321.3,1.3,1.1,2016-04-23,15:15,T,100,5.0       ,293.8,31.5
18.975,101.69,309.2,1.3,1.1,2016-04-23,15:15,T,65,5.0       ,294.3,13.4
18.784,99.507,327.7,1.9,1.3,2016-04-23,15:15,T,100,5.0       ,298.3,69.3
18.909,100.029,313,1.7,1.3,2016-04-23,15:15,T,81,5.0       ,296.8,23.7
18.91,100.04,307.1,1.7,1.3,2016-04-23,15:15,T,51,5.0       ,296.3,12.6
18.907,100.024,307.8,1.7,1.3,2016-04-23,15:15,T,57,5.0       ,296.8,14
19.425,101.433,305.8,1.3,1.1,2016-04-23,15:15,T,37,5.0       ,293.9,10.8
19.182,99.147,308.2,1.9,1.4,2016-04-23,15:15,T,45,5.0       ,296.2,15.5
19.315,98.993,306.8,2,1.4,2016-04-23,15:15,T,49,5.0       ,294.3,15.7
19.85,100.828,308.6,1.4,1.2,2016-04-23,15:15,T,62,5.0       ,294.6,12.1
19.966,100.48,310.1,1.5,1.2,2016-04-23,15:15,T,69,5.0       ,295.4,16.9
19.908,99.069,305.3,1.9,1.3,2016-04-23,15:15,T,17,5.0       ,295,15.9
20.131,100.228,308.8,1.6,1.2,2016-04-23,15:15,T,63,5.0       ,296.5,14.6
20.189,99.687,314.5,1.7,1.3,2016-04-23,15:15,T,85,5.0       ,295.1,31.1
23.794,103.193,307,1,1,2016-04-23,15:15,T,50,5.0       ,286,14.2
-1.814,136.762,306.2,1,1,2016-04-23,16:30,A,42,5.0       ,290.1,9.7
12.708,104.7,313.7,1.1,1,2016-04-23,15:15,T,83,5.0       ,297,13.2
12.707,104.69,312.2,1.1,1,2016-04-23,15:15,T,78,5.0       ,296.9,11.4
12.82,105.394,314.1,1,1,2016-04-23,15:15,T,84,5.0       ,297.6,11.8
12.818,105.317,313.6,1,1,2016-04-23,15:15,T,83,5.0       ,297.8,11.3
12.827,105.319,315.3,1,1,2016-04-23,15:15,T,88,5.0       ,297.8,13.3
12.93,105.894,310.6,1,1,2016-04-23,15:15,T,71,5.0       ,297.7,7.7
12.857,105.334,313.8,1,1,2016-04-23,15:15,T,83,5.0       ,297.7,11.6
12.856,105.324,308.3,1,1,2016-04-23,15:15,T,60,5.0       ,297.8,5.8
11.842,99.053,310.7,2.7,1.6,2016-04-23,15:15,T,72,5.0       ,294.1,49.1
11.856,99.05,319.8,2.7,1.6,2016-04-23,15:15,T,99,5.0       ,294.2,91.7
12.547,103.168,308.7,1.3,1.1,2016-04-23,15:15,T,62,5.0       ,293.7,11.4
12.749,104.292,307.1,1.1,1.1,2016-04-23,15:15,T,42,5.0       ,292.5,9.5
12.724,104.125,337.8,1.2,1.1,2016-04-23,15:15,T,100,5.0       ,297.2,55.7
12.722,104.114,355.6,1.2,1.1,2016-04-23,15:15,T,100,5.0       ,298.2,103
12.771,104.373,318.1,1.1,1.1,2016-04-23,15:15,T,95,5.0       ,296.7,19.3
12.769,104.363,312.3,1.1,1.1,2016-04-23,15:15,T,78,5.0       ,296,12.1
12.981,105.739,310.8,1,1,2016-04-23,15:15,T,72,5.0       ,297.9,8
13.311,108.018,306.6,1.1,1,2016-04-23,15:15,T,36,5.0       ,295.3,7.3
12.464,102.336,307.1,1.5,1.2,2016-04-23,15:15,T,52,5.0       ,295.9,13.2
12.783,103.968,311.4,1.2,1.1,2016-04-23,15:15,T,75,5.0       ,296.1,14.2
12.792,103.966,333.5,1.2,1.1,2016-04-23,15:15,T,100,5.0       ,297.3,49.8
13.201,106.56,322.2,1,1,2016-04-23,15:15,T,100,5.0       ,296.7,21.4
12.875,104.355,314.9,1.1,1.1,2016-04-23,15:15,T,86,5.0       ,296,15.6
13.222,106.585,318.6,1,1,2016-04-23,15:15,T,96,5.0       ,296.7,16.6
13.233,106.592,308.2,1,1,2016-04-23,15:15,T,59,5.0       ,296.5,6.1
13.231,106.583,328.8,1,1,2016-04-23,15:15,T,100,5.0       ,296.5,30.2
12.852,103.884,310,1.2,1.1,2016-04-23,15:15,T,69,5.0       ,295.5,12.6
13.154,105.039,310.1,1.1,1,2016-04-23,15:15,T,69,5.0       ,298.1,8.3
13.212,105.118,312.6,1,1,2016-04-23,15:15,T,79,5.0       ,297.8,9.7
13.211,105.108,314.9,1,1,2016-04-23,15:15,T,86,5.0       ,297.7,12.3
13.031,103.72,314.3,1.2,1.1,2016-04-23,15:15,T,42,5.0       ,289,21.9
13.03,103.709,310.3,1.2,1.1,2016-04-23,15:15,T,25,5.0       ,288.3,17.1
13.041,103.718,378.1,1.2,1.1,2016-04-23,15:15,T,100,5.0       ,298.3,204
13.039,103.707,337.5,1.2,1.1,2016-04-23,15:15,T,100,5.0       ,294,63.2
13.038,103.696,307.7,1.2,1.1,2016-04-23,15:15,T,47,5.0       ,287.6,13.2
13.044,103.723,395.5,1.2,1.1,2016-04-23,15:15,T,100,5.0       ,299.2,308.4
13.042,103.712,356.5,1.2,1.1,2016-04-23,15:15,T,100,5.0       ,297.3,112.8
13.041,103.701,322.3,1.2,1.1,2016-04-23,15:15,T,100,5.0       ,290.4,31.8
13.265,105.104,309.7,1,1,2016-04-23,15:15,T,67,5.0       ,298,7.8
13.052,103.711,321.1,1.2,1.1,2016-04-23,15:15,T,100,5.0       ,287.5,29.5
13.468,106.436,307.2,1,1,2016-04-23,15:15,T,52,5.0       ,295.7,5.6
13.467,106.427,310.7,1,1,2016-04-23,15:15,T,72,5.0       ,296,8.9
13.464,106.409,320.8,1,1,2016-04-23,15:15,T,100,5.0       ,296.8,19.7
13.463,106.399,308.7,1,1,2016-04-23,15:15,T,62,5.0       ,296,6.9
13.475,106.416,311.8,1,1,2016-04-23,15:15,T,69,5.0       ,296,9
13.473,106.407,328.3,1,1,2016-04-23,15:15,T,100,5.0       ,296.7,29.3
13.501,106.347,314.6,1,1,2016-04-23,15:15,T,86,5.0       ,296.3,12.3
13.5,106.338,332.5,1,1,2016-04-23,15:15,T,100,5.0       ,296.7,35.5
13.593,106.28,320,1,1,2016-04-23,15:15,T,51,5.0       ,296.2,18.7
13.592,106.271,332.9,1,1,2016-04-23,15:15,T,100,5.0       ,292.6,37.8
13.207,103.6,315.5,1.2,1.1,2016-04-23,15:15,T,28,5.0       ,275,23.9
13.206,103.588,340.7,1.2,1.1,2016-04-23,15:15,T,100,5.0       ,277.4,73.1
13.208,103.594,333.5,1.2,1.1,2016-04-23,15:15,T,100,5.0       ,277.4,57
13.207,103.583,320.1,1.2,1.1,2016-04-23,15:15,T,100,5.0       ,276.2,32.6
13.639,106.342,308.1,1,1,2016-04-23,15:15,T,57,5.0       ,296,6.3
13.652,106.368,326.4,1,1,2016-04-23,15:15,T,100,5.0       ,295.6,28
13.65,106.359,309.2,1,1,2016-04-23,15:15,T,40,5.0       ,295.3,7.4
13.661,106.366,310.5,1,1,2016-04-23,15:15,T,40,5.0       ,295,9.3
13.253,103.62,308.7,1.2,1.1,2016-04-23,15:15,T,62,5.0       ,274.3,18.5
13.44,104.047,305.7,1.1,1.1,2016-04-23,15:15,T,16,5.0       ,286.5,8.6
13.548,104.643,317.3,1.1,1,2016-04-23,15:15,T,93,5.0       ,293.5,16.5
13.554,104.636,312.2,1.1,1,2016-04-23,15:15,T,78,5.0       ,295.2,11.2
13.739,105.695,314.7,1,1,2016-04-23,15:15,T,86,5.0       ,289,18
13.605,104.658,312.8,1.1,1,2016-04-23,15:15,T,80,5.0       ,295.6,11.8
13.708,105.29,316.6,1,1,2016-04-23,15:15,T,91,5.0       ,297.2,15.3
13.714,105.27,314,1,1,2016-04-23,15:15,T,84,5.0       ,297.1,12.5
13.712,105.261,308.4,1,1,2016-04-23,15:15,T,60,5.0       ,297,6.9
13.704,105.136,319.3,1,1,2016-04-23,15:15,T,98,5.0       ,297.2,19.6
13.738,105.25,310.7,1,1,2016-04-23,15:15,T,72,5.0       ,296.8,9.3
13.737,105.241,318.1,1,1,2016-04-23,15:15,T,95,5.0       ,296.9,17.1
13.726,105.165,307.4,1,1,2016-04-23,15:15,T,54,5.0       ,297.1,6.4
-8.108,112.936,308.3,1.3,1.1,2016-04-23,18:10,A,60,5.0       ,276.9,26.6
13.593,106.276,309.9,2.9,1.6,2016-04-23,18:05,A,68,5.0       ,291.7,50
13.593,106.268,306.8,2.9,1.6,2016-04-23,18:05,A,49,5.0       ,291.6,36.4
13.237,106.599,307.2,2.7,1.6,2016-04-23,18:05,A,52,5.0       ,292.5,30.2
12.824,105.587,306.7,3.2,1.7,2016-04-23,18:05,A,48,5.0       ,292.4,40.8
3.768,108.279,311.9,1.4,1.2,2016-04-23,18:05,A,77,5.0       ,290.2,25
11.924,99.056,305.2,4,1.9,2016-04-23,19:45,A,24,5.0       ,290.8,72.7
21.649,93.819,309.6,1.1,1.1,2016-04-23,19:40,A,67,5.0       ,293.7,15.1
21.64,93.817,305.3,1.1,1.1,2016-04-23,19:40,A,23,5.0       ,293,10.6