latitude,longitude,brightness,scan,track,acq_date,acq_time,satellite,confidence,version,bright_t31,frp
20.232,93.584,313.8,1.1,1.1,2016-02-17, 04:35,T,59,5.0       ,301,13.3
19.887,95.677,321.5,1.5,1.2,2016-02-17, 04:35,T,69,5.0       ,309.3,15.9
19.965,94.475,321.2,1.3,1.1,2016-02-17, 04:35,T,39,5.0       ,306.6,15.8
19.963,94.487,322.5,1.3,1.1,2016-02-17, 04:35,T,60,5.0       ,306.6,16.7
19.784,94.941,327.1,1.4,1.2,2016-02-17, 04:35,T,80,5.0       ,307.1,26.3
19.762,95.07,318.3,1.4,1.2,2016-02-17, 04:35,T,67,5.0       ,306.9,11.7
19.84,94.544,318.1,1.3,1.1,2016-02-17, 04:35,T,69,5.0       ,306.6,11.1
19.83,94.543,319.4,1.3,1.1,2016-02-17, 04:35,T,71,5.0       ,305.8,13.3
19.669,95.073,323.5,1.4,1.2,2016-02-17, 04:35,T,76,5.0       ,306.8,22.2
19.624,95.146,321.6,1.4,1.2,2016-02-17, 04:35,T,59,5.0       ,307.9,16.5
19.188,97.27,314.6,2,1.4,2016-02-17, 04:35,T,48,5.0       ,302.8,20
19.598,94.58,313.7,1.3,1.1,2016-02-17, 04:35,T,59,5.0       ,303.5,10.3
19.448,95.476,331.7,1.5,1.2,2016-02-17, 04:35,T,84,5.0       ,307.4,43.6
19.446,95.49,320,1.5,1.2,2016-02-17, 04:35,T,72,5.0       ,307.2,14.9
19.434,94.697,318.2,1.3,1.1,2016-02-17, 04:35,T,69,5.0       ,306.2,11.9
18.898,97.271,312.8,2,1.4,2016-02-17, 04:35,T,25,5.0       ,300.9,20.9
19.204,95.412,322.9,1.5,1.2,2016-02-17, 04:35,T,76,5.0       ,307.5,22.3
19.257,94.9,322,1.4,1.2,2016-02-17, 04:35,T,75,5.0       ,306,21.8
19.192,94.672,314.5,1.3,1.1,2016-02-17, 04:35,T,55,5.0       ,304.2,9.9
19.152,94.913,322.2,1.4,1.2,2016-02-17, 04:35,T,75,5.0       ,305.5,22.5
18.899,95.251,320.7,1.5,1.2,2016-02-17, 04:35,T,50,5.0       ,309,14.8
18.856,95.084,328.7,1.4,1.2,2016-02-17, 04:35,T,82,5.0       ,308.3,32.1
18.82,94.982,321.5,1.4,1.2,2016-02-17, 04:35,T,67,5.0       ,308.5,13.3
18.825,94.976,322.1,1.4,1.2,2016-02-17, 04:35,T,50,5.0       ,309.1,14.6
18.635,95.045,319.5,1.4,1.2,2016-02-17, 04:35,T,69,5.0       ,307.5,12.9
18.04,95.534,316.8,1.6,1.2,2016-02-17, 04:35,T,67,5.0       ,305.8,15.4
18.038,95.548,322.9,1.6,1.2,2016-02-17, 04:35,T,76,5.0       ,306.3,30.4
17.937,95.119,323.7,1.5,1.2,2016-02-17, 04:35,T,77,5.0       ,308.6,24.5
16.823,101.01,323.9,4.3,1.9,2016-02-17, 04:35,T,77,5.0       ,296.3,189.6
16.82,101.003,325.6,4.3,1.9,2016-02-17, 04:35,T,78,5.0       ,296.5,200.9
17.152,95.529,317.7,1.6,1.3,2016-02-17, 04:35,T,68,5.0       ,303.3,24.5
17.15,95.538,314.8,1.6,1.3,2016-02-17, 04:35,T,62,5.0       ,302.3,20.2
16.279,97.894,315.4,2.6,1.5,2016-02-17, 04:35,T,57,5.0       ,301.3,24.7
16.096,95.419,325,1.7,1.3,2016-02-17, 04:35,T,73,5.0       ,309.3,30.5
29.746,101.348,317.8,2.3,1.5,2016-02-17, 04:30,T,68,5.0       ,284,80.5
29.179,100.935,319.8,2.3,1.5,2016-02-17, 04:30,T,72,5.0       ,282.4,89.5
29.166,100.931,370.7,2.3,1.5,2016-02-17, 04:30,T,100,5.0       ,290,437.8
29.161,100.954,332.9,2.3,1.5,2016-02-17, 04:30,T,85,5.0       ,283.9,144.3
-7.916,110.076,314.5,1.9,1.3,2016-02-17, 05:55,A,0,5.0       ,295.6,19.7
-7.695,110.82,317.6,1.6,1.3,2016-02-17, 05:55,A,64,5.0       ,296.5,15.7
-2.944,113.031,312.9,1.1,1,2016-02-17, 05:55,A,40,5.0       ,292.7,7.3
-2.843,112.975,312.9,1.1,1,2016-02-17, 05:55,A,49,5.0       ,291.7,8.7
-2.11,113.727,316.4,1,1,2016-02-17, 05:55,A,35,5.0       ,295.5,9.4
0.104,116.732,325.5,1.2,1.1,2016-02-17, 06:00,A,46,5.0       ,302.2,21.1
0.114,116.73,324.4,1.2,1.1,2016-02-17, 06:00,A,53,5.0       ,301,18.9
25.153,113.27,314.2,1.4,1.2,2016-02-17, 02:55,T,61,5.0       ,286.3,32.4
25.139,112.76,311.9,1.5,1.2,2016-02-17, 02:55,T,52,5.0       ,286.6,28.3
24.81,115.201,325,1.1,1,2016-02-17, 02:55,T,78,5.0       ,287.1,35.9
24.809,115.211,314,1.1,1,2016-02-17, 02:55,T,60,5.0       ,287.7,21.4
24.985,113.387,311.4,1.3,1.1,2016-02-17, 02:55,T,49,5.0       ,285.9,24.2
24.861,114.223,313.2,1.2,1.1,2016-02-17, 02:55,T,57,5.0       ,288.8,22.3
24.86,114.235,313.9,1.2,1.1,2016-02-17, 02:55,T,59,5.0       ,286.9,24
24.821,113.483,314.5,1.3,1.1,2016-02-17, 02:55,T,61,5.0       ,290.1,28.6
24.675,114.625,323.5,1.1,1.1,2016-02-17, 02:55,T,76,5.0       ,287,36.3
24.674,114.636,342.2,1.1,1.1,2016-02-17, 02:55,T,91,5.0       ,289.2,72
24.666,114.624,319.1,1.1,1.1,2016-02-17, 02:55,T,71,5.0       ,285.8,29
24.664,114.635,329.1,1.1,1.1,2016-02-17, 02:55,T,82,5.0       ,286.7,44.5
24.579,114.874,324.9,1.1,1.1,2016-02-17, 02:55,T,78,5.0       ,286.2,37.8
24.65,113.957,319.2,1.2,1.1,2016-02-17, 02:55,T,71,5.0       ,287.7,33.1
24.648,113.969,311.8,1.2,1.1,2016-02-17, 02:55,T,51,5.0       ,288,22.2
24.47,115.193,319.7,1.1,1,2016-02-17, 02:55,T,72,5.0       ,288.2,27.8
24.604,113.503,314,1.3,1.1,2016-02-17, 02:55,T,60,5.0       ,287.3,27.3
24.621,111.793,323.4,1.7,1.3,2016-02-17, 02:55,T,76,5.0       ,286.4,63.5
24.569,111.647,325.7,1.7,1.3,2016-02-17, 02:55,T,79,5.0       ,283.8,76.7
24.438,112.096,312.4,1.6,1.2,2016-02-17, 02:55,T,54,5.0       ,285,35.8
24.248,112.165,316,1.6,1.2,2016-02-17, 02:55,T,65,5.0       ,287.9,40.4
23.777,111.994,327.2,1.6,1.2,2016-02-17, 02:55,T,80,5.0       ,285.9,66
18.135,120.888,311.4,1.8,1.3,2016-02-17, 02:55,T,41,5.0       ,295.6,23.3
15.026,120.101,318.3,1.8,1.3,2016-02-17, 02:55,T,51,5.0       ,303.1,22.7
15.023,120.117,318.2,1.8,1.3,2016-02-17, 02:55,T,41,5.0       ,303,23.3
-7.553,110.887,316.9,1,1,2016-02-17, 03:05,T,37,5.0       ,296.9,7.9
-7.618,110.825,316.8,1,1,2016-02-17, 03:05,T,42,5.0       ,296.5,7.5
-7.457,109.3,317.3,1,1,2016-02-17, 03:05,T,65,5.0       ,298.2,10
-7.691,110.824,320.8,1,1,2016-02-17, 03:05,T,73,5.0       ,297.2,13.4
-8.117,112.925,321.4,1.3,1.1,2016-02-17, 03:05,T,64,5.0       ,288.8,30.3
-7.723,109.912,316.2,1,1,2016-02-17, 03:05,T,65,5.0       ,298.6,9.2
14.785,106.799,316.5,2.8,1.6,2016-02-17, 03:00,T,58,5.0       ,299.5,36.8
14.783,106.826,326.1,2.8,1.6,2016-02-17, 03:00,T,79,5.0       ,299.5,88.8
14.765,106.85,316.9,2.8,1.6,2016-02-17, 03:00,T,58,5.0       ,299.6,33.2
14.78,106.819,325,2.8,1.6,2016-02-17, 03:00,T,78,5.0       ,299.5,80.9
14.708,106.811,316,2.8,1.6,2016-02-17, 03:00,T,31,5.0       ,299.3,37.4
13.908,106.791,314.5,2.8,1.6,2016-02-17, 03:00,T,61,5.0       ,300.5,30.9
13.746,105.224,316.7,3.6,1.8,2016-02-17, 03:00,T,58,5.0       ,299,44.3
13.497,107.513,315.3,2.4,1.5,2016-02-17, 03:00,T,52,5.0       ,299.6,24
13.63,106.305,318.8,3,1.6,2016-02-17, 03:00,T,39,5.0       ,300.6,46.1
13.624,106.36,321.5,3,1.6,2016-02-17, 03:00,T,67,5.0       ,301.2,59.1
13.311,107.886,319.9,2.2,1.4,2016-02-17, 03:00,T,66,5.0       ,298.5,30.3
13.138,107.503,319.7,2.4,1.5,2016-02-17, 03:00,T,66,5.0       ,299.9,31.4
12.976,105.952,314.3,3.1,1.7,2016-02-17, 03:00,T,48,5.0       ,299.2,39
12.653,105.867,357.5,3.1,1.7,2016-02-17, 03:00,T,98,5.0       ,301.3,397.1
12.65,105.896,345.6,3.1,1.7,2016-02-17, 03:00,T,93,5.0       ,301.5,249.3
12.59,106.411,320.8,2.8,1.6,2016-02-17, 03:00,T,73,5.0       ,302.3,45.4
12.638,105.865,323.7,3.1,1.7,2016-02-17, 03:00,T,77,5.0       ,299.6,68.8
12.635,105.894,321.6,3.1,1.7,2016-02-17, 03:00,T,74,5.0       ,300.1,53.5
12.64,105.858,333.3,3.1,1.7,2016-02-17, 03:00,T,85,5.0       ,299.7,133.3
12.636,105.887,333.9,3.1,1.7,2016-02-17, 03:00,T,86,5.0       ,300.4,138.9
12.484,105.892,317,3.1,1.7,2016-02-17, 03:00,T,67,5.0       ,299.8,35.7
12.22,106.937,315.8,2.5,1.5,2016-02-17, 03:00,T,45,5.0       ,301.1,38.3
11.447,108.402,319.7,1.9,1.3,2016-02-17, 03:00,T,58,5.0       ,302.8,30.6
5.335,115.644,311.4,1.2,1.1,2016-02-17, 03:00,T,49,5.0       ,291.3,12.3
4.347,114.322,316.7,1.1,1,2016-02-17, 03:00,T,55,5.0       ,297.4,14.2
1.336,116.673,311.4,1.7,1.3,2016-02-17, 03:00,T,48,5.0       ,287.1,20.9
0.939,117.752,310.9,2.1,1.4,2016-02-17, 03:00,T,44,5.0       ,291.6,24.8
0.183,116.697,313.3,1.8,1.3,2016-02-17, 03:00,T,30,5.0       ,294.4,19.5
0.171,116.642,310.2,1.7,1.3,2016-02-17, 03:00,T,33,5.0       ,294,17.4
-4.339,143.408,315.3,1.4,1.2,2016-02-17, 04:15,A,25,5.0       ,285.2,18.9
26.576,101.67,310.1,2.9,1.6,2016-02-17, 04:35,T,25,5.0       ,294.3,47.4
26.636,95.031,350.2,1.1,1.1,2016-02-17, 04:35,T,95,5.0       ,293.5,83.2
26.634,95.043,311.2,1.1,1.1,2016-02-17, 04:35,T,46,5.0       ,290.5,13.1
26.626,95.03,360.1,1.1,1.1,2016-02-17, 04:35,T,100,5.0       ,293.9,112.2
26.624,95.041,316.3,1.1,1.1,2016-02-17, 04:35,T,65,5.0       ,291.5,19.8
26.672,90.856,311.2,1.1,1,2016-02-17, 04:35,T,47,5.0       ,294.9,11.6
26.045,94.504,312.7,1.1,1,2016-02-17, 04:35,T,55,5.0       ,291.3,16.5
29.054,120.337,311.6,1.1,1,2016-02-17, 02:55,T,50,5.0       ,287.1,19.2
28.284,116.957,316.8,1,1,2016-02-17, 02:55,T,67,5.0       ,287,21.7
27.904,118.968,312,1,1,2016-02-17, 02:55,T,52,5.0       ,284.7,19.1
27.902,118.979,310.8,1,1,2016-02-17, 02:55,T,43,5.0       ,286.1,17.7
27.888,116.232,322.9,1.1,1,2016-02-17, 02:55,T,76,5.0       ,287.8,30.8
27.469,115.935,310.6,1.1,1,2016-02-17, 02:55,T,41,5.0       ,285.3,18.8
27.59,114.861,321,1.2,1.1,2016-02-17, 02:55,T,73,5.0       ,286.1,36.2
27.151,116.764,329.2,1,1,2016-02-17, 02:55,T,82,5.0       ,284.8,39.7
27.015,116.085,311,1.1,1,2016-02-17, 02:55,T,46,5.0       ,286.6,18.2
26.83,115.4,322.1,1.1,1,2016-02-17, 02:55,T,75,5.0       ,285.6,34.2
26.922,112.951,333.2,1.5,1.2,2016-02-17, 02:55,T,85,5.0       ,286.7,78.1
26.919,112.944,320.4,1.5,1.2,2016-02-17, 02:55,T,73,5.0       ,285.9,48.8
26.918,112.959,319,1.5,1.2,2016-02-17, 02:55,T,70,5.0       ,285.8,45.9
26.761,110.431,316.1,2.2,1.4,2016-02-17, 02:55,T,65,5.0       ,283.1,73.8
26.759,110.452,335.7,2.2,1.4,2016-02-17, 02:55,T,87,5.0       ,284.7,159.3
26.684,110.142,314.7,2.3,1.5,2016-02-17, 02:55,T,62,5.0       ,283.4,73.8
26.688,110.136,315.1,2.3,1.5,2016-02-17, 02:55,T,48,5.0       ,283.2,68.5
25.753,114.17,319,1.2,1.1,2016-02-17, 02:55,T,70,5.0       ,286,34.3
25.57,114.243,316.8,1.2,1.1,2016-02-17, 02:55,T,67,5.0       ,285.4,32.1
25.56,114.241,335.7,1.2,1.1,2016-02-17, 02:55,T,87,5.0       ,285.4,65.2
25.559,114.252,329.6,1.2,1.1,2016-02-17, 02:55,T,82,5.0       ,286.1,51.9
25.506,114.28,311.4,1.2,1.1,2016-02-17, 02:55,T,48,5.0       ,288.2,22.5
25.328,113.659,314.9,1.3,1.1,2016-02-17, 02:55,T,62,5.0       ,288.6,30.4
25.676,110.122,321.5,2.3,1.5,2016-02-17, 02:55,T,74,5.0       ,282.9,96.8
25.679,110.115,322,2.3,1.5,2016-02-17, 02:55,T,75,5.0       ,283.2,98.8
25.676,110.14,312.6,2.3,1.5,2016-02-17, 02:55,T,55,5.0       ,283.1,63.5
25.161,113.264,333.7,1.4,1.2,2016-02-17, 02:55,T,86,5.0       ,286.6,70.1
25.155,113.259,318,1.4,1.2,2016-02-17, 02:55,T,69,5.0       ,284.6,38.9
11.498,108.756,321.9,1.2,1.1,2016-02-17, 06:00,A,53,5.0       ,304.3,17.1
11.496,108.746,322.7,1.2,1.1,2016-02-17, 06:00,A,56,5.0       ,303,20.4
11.468,108.364,316.1,1.3,1.1,2016-02-17, 06:00,A,43,5.0       ,303.2,11.6
11.54,108.555,310,1.2,1.1,2016-02-17, 06:00,A,7,5.0       ,298.2,9.9
11.66,108.74,323.2,1.2,1.1,2016-02-17, 06:00,A,62,5.0       ,305.8,15
11.476,107.36,317.7,1.5,1.2,2016-02-17, 06:00,A,60,5.0       ,302.1,17.8
11.756,108.827,326.7,1.2,1.1,2016-02-17, 06:00,A,51,5.0       ,306.1,16
11.767,108.836,326.4,1.2,1.1,2016-02-17, 06:00,A,60,5.0       ,307.5,16.3
11.766,108.825,327.3,1.2,1.1,2016-02-17, 06:00,A,73,5.0       ,308.3,17.8
11.794,108.944,312.7,1.2,1.1,2016-02-17, 06:00,A,42,5.0       ,297.9,12.8
11.187,105.161,343.3,2.1,1.4,2016-02-17, 06:00,A,92,5.0       ,299,147.6
11.184,105.141,316.6,2.2,1.4,2016-02-17, 06:00,A,66,5.0       ,298.3,25.8
11.586,107.47,325.6,1.4,1.2,2016-02-17, 06:00,A,79,5.0       ,296.5,36.6
11.602,106.557,342.2,1.7,1.3,2016-02-17, 06:00,A,91,5.0       ,303.6,94.4
11.599,106.542,331,1.7,1.3,2016-02-17, 06:00,A,84,5.0       ,303.9,53.8
11.902,108.383,342.9,1.2,1.1,2016-02-17, 06:00,A,91,5.0       ,298.6,67.7
11.9,108.371,321.4,1.2,1.1,2016-02-17, 06:00,A,55,5.0       ,303.7,19.6
11.45,105.561,326.2,2,1.4,2016-02-17, 06:00,A,77,5.0       ,303.8,30.9
11.955,108.534,311.7,1.2,1.1,2016-02-17, 06:00,A,36,5.0       ,299.3,7.9
11.911,107.923,332.4,1.3,1.1,2016-02-17, 06:00,A,85,5.0       ,299.8,45.4
11.91,107.911,327.3,1.3,1.1,2016-02-17, 06:00,A,80,5.0       ,298,35.2
11.861,107.604,315.4,1.4,1.2,2016-02-17, 06:00,A,55,5.0       ,300.2,16.3
11.957,107.878,331.3,1.3,1.1,2016-02-17, 06:00,A,84,5.0       ,301,42.1
11.955,107.866,374.8,1.3,1.1,2016-02-17, 06:00,A,100,5.0       ,302.2,202.4
11.954,107.872,358.4,1.3,1.1,2016-02-17, 06:00,A,99,5.0       ,302.3,125.7
11.953,107.86,335.8,1.3,1.1,2016-02-17, 06:00,A,87,5.0       ,301.3,52.3
12.012,107.837,341.2,1.3,1.1,2016-02-17, 06:00,A,91,5.0       ,300.4,67.2
12.01,107.825,337,1.3,1.1,2016-02-17, 06:00,A,88,5.0       ,299.4,56.4
12.024,107.848,367.4,1.3,1.1,2016-02-17, 06:00,A,100,5.0       ,305.5,164.2
12.022,107.836,388.7,1.3,1.1,2016-02-17, 06:00,A,100,5.0       ,305.5,291
11.869,106.647,320.4,1.6,1.2,2016-02-17, 06:00,A,71,5.0       ,307.3,22.4
12.165,108.168,329.7,1.3,1.1,2016-02-17, 06:00,A,82,5.0       ,302.3,35.1
12.163,108.026,320.3,1.3,1.1,2016-02-17, 06:00,A,49,5.0       ,299,21.3
12.163,108.019,322.6,1.3,1.1,2016-02-17, 06:00,A,67,5.0       ,298.8,26.1
11.768,105.333,327.8,2,1.4,2016-02-17, 06:00,A,81,5.0       ,306.6,32.6
11.438,103.146,313.1,3,1.7,2016-02-17, 06:00,A,51,5.0       ,294.9,40.7
11.433,103.119,326.7,3.1,1.7,2016-02-17, 06:00,A,69,5.0       ,297.4,123.8
11.437,103.141,318.4,3,1.7,2016-02-17, 06:00,A,70,5.0       ,295.2,69.3
11.432,103.114,322.4,3.1,1.7,2016-02-17, 06:00,A,65,5.0       ,297.4,94.1
11.999,106.241,333.3,1.7,1.3,2016-02-17, 06:00,A,85,5.0       ,309.4,40.8
11.633,103.921,334,2.6,1.6,2016-02-17, 06:00,A,86,5.0       ,300.8,113.5
12.09,106.445,326.1,1.7,1.3,2016-02-17, 06:00,A,67,5.0       ,306,27.9
12.058,106.247,328.6,1.7,1.3,2016-02-17, 06:00,A,71,5.0       ,308.8,23.4
12.056,106.231,331.1,1.7,1.3,2016-02-17, 06:00,A,81,5.0       ,308.3,34.2
12.057,106.167,337.5,1.7,1.3,2016-02-17, 06:00,A,88,5.0       ,308.7,60.8
12.055,106.151,328,1.7,1.3,2016-02-17, 06:00,A,69,5.0       ,309.5,26.8
12.067,106.239,333.9,1.7,1.3,2016-02-17, 06:00,A,85,5.0       ,309.1,39.3
12.057,106.176,327.6,1.7,1.3,2016-02-17, 06:00,A,81,5.0       ,307.6,25.7
12.054,106.16,338.8,1.7,1.3,2016-02-17, 06:00,A,89,5.0       ,309.1,66.4
12.184,106.81,325.8,1.6,1.2,2016-02-17, 06:00,A,51,5.0       ,305.1,17.1
12.14,106.537,329.7,1.6,1.3,2016-02-17, 06:00,A,71,5.0       ,310.1,26.9
12.095,106.266,329.7,1.7,1.3,2016-02-17, 06:00,A,82,5.0       ,309.2,26.3
12.09,106.235,327.2,1.7,1.3,2016-02-17, 06:00,A,47,5.0       ,308.7,18.8
12.088,106.219,334.5,1.7,1.3,2016-02-17, 06:00,A,86,5.0       ,310.1,44.3
12.153,106.549,327.3,1.6,1.3,2016-02-17, 06:00,A,42,5.0       ,309.3,19.9
12.153,106.474,342.6,1.6,1.3,2016-02-17, 06:00,A,91,5.0       ,312.3,68.1
12.125,106.229,327.8,1.7,1.3,2016-02-17, 06:00,A,45,5.0       ,310.1,19.4
12.36,107.505,331.4,1.4,1.2,2016-02-17, 06:00,A,84,5.0       ,297.8,49.5
12.239,106.728,334.2,1.6,1.2,2016-02-17, 06:00,A,86,5.0       ,307.2,37.4
0.163,116.639,324.5,1.2,1.1,2016-02-17, 06:00,A,56,5.0       ,303.8,20.6
0.182,116.703,329,1.2,1.1,2016-02-17, 06:00,A,52,5.0       ,301.9,27.1
0.173,116.637,325.5,1.2,1.1,2016-02-17, 06:00,A,44,5.0       ,303.6,22
0.216,116.653,322.7,1.2,1.1,2016-02-17, 06:00,A,37,5.0       ,301.2,18.6
0.337,116.586,324.6,1.2,1.1,2016-02-17, 06:00,A,37,5.0       ,299.7,17
0.414,116.826,326.3,1.3,1.1,2016-02-17, 06:00,A,74,5.0       ,298.5,24.8
0.41,116.725,328.6,1.2,1.1,2016-02-17, 06:00,A,45,5.0       ,303.2,23.6
-0.331,109.488,313.8,1.6,1.2,2016-02-17, 06:00,A,52,5.0       ,295.5,19.6
4.761,114.616,318.7,1.1,1,2016-02-17, 06:00,A,61,5.0       ,297.6,14.2
5.441,115.548,319.2,1.2,1.1,2016-02-17, 06:00,A,67,5.0       ,295.4,15.4
10.381,105.925,316.7,1.9,1.4,2016-02-17, 06:00,A,66,5.0       ,296.6,27.1
11.433,108.403,329.3,1.3,1.1,2016-02-17, 06:00,A,82,5.0       ,306.9,29.6
19.962,98.798,323.9,2.5,1.5,2016-02-17, 04:35,T,77,5.0       ,299.3,89.5
20.447,94.353,319.2,1.2,1.1,2016-02-17, 04:35,T,48,5.0       ,304.1,15.8
20.199,95.82,318.9,1.5,1.2,2016-02-17, 04:35,T,70,5.0       ,307.7,13.5
20.186,95.643,320.9,1.5,1.2,2016-02-17, 04:35,T,71,5.0       ,307,16.7
20.164,95.769,320.1,1.5,1.2,2016-02-17, 04:35,T,72,5.0       ,306.3,16.4
20.159,95.776,318.1,1.5,1.2,2016-02-17, 04:35,T,69,5.0       ,306.2,13.2
12.225,106.642,370,1.6,1.2,2016-02-17, 06:00,A,100,5.0       ,312.8,199.6
12.156,106.208,332.1,1.7,1.3,2016-02-17, 06:00,A,84,5.0       ,308.8,34.4
12.357,107.513,328.1,1.4,1.2,2016-02-17, 06:00,A,81,5.0       ,297.7,44
12.355,107.5,320.4,1.4,1.2,2016-02-17, 06:00,A,67,5.0       ,301.5,27.9
12.242,106.736,328.6,1.6,1.2,2016-02-17, 06:00,A,64,5.0       ,308,21.8
12.239,106.722,328,1.6,1.2,2016-02-17, 06:00,A,57,5.0       ,306,18.7
12.227,106.651,351.5,1.6,1.2,2016-02-17, 06:00,A,96,5.0       ,312,99.3
12.225,106.636,356.9,1.6,1.2,2016-02-17, 06:00,A,98,5.0       ,312,127.1
12.223,106.622,330.3,1.6,1.2,2016-02-17, 06:00,A,68,5.0       ,310.9,22.5
12.166,106.28,328.2,1.7,1.3,2016-02-17, 06:00,A,78,5.0       ,310.7,19.6
12.153,106.203,330.7,1.7,1.3,2016-02-17, 06:00,A,83,5.0       ,309.2,32.7
12.623,109.071,325.2,1.1,1.1,2016-02-17, 06:00,A,78,5.0       ,301.7,25
12.253,106.735,328.8,1.6,1.2,2016-02-17, 06:00,A,68,5.0       ,307.7,22.1
12.259,106.704,329.8,1.6,1.2,2016-02-17, 06:00,A,50,5.0       ,308.5,20.4
12.268,106.688,327.6,1.6,1.2,2016-02-17, 06:00,A,49,5.0       ,309.1,14.6
12.161,106.039,325,1.8,1.3,2016-02-17, 06:00,A,78,5.0       ,307.4,22.8
12.483,107.972,324.4,1.3,1.1,2016-02-17, 06:00,A,46,5.0       ,304.4,23.2
12.481,107.96,332,1.3,1.1,2016-02-17, 06:00,A,76,5.0       ,307.6,37.2
12.283,106.641,332.2,1.6,1.2,2016-02-17, 06:00,A,84,5.0       ,310,30.8
12.163,105.752,333.4,1.9,1.3,2016-02-17, 06:00,A,85,5.0       ,306.5,55.8
12.02,104.881,356.1,2.2,1.4,2016-02-17, 06:00,A,0,5.0       ,303.2,216.9
12.16,105.763,328.3,1.9,1.3,2016-02-17, 06:00,A,75,5.0       ,307.2,37.5
12.157,105.747,328.2,1.9,1.3,2016-02-17, 06:00,A,76,5.0       ,305,36.3
12.023,104.894,332.9,2.2,1.4,2016-02-17, 06:00,A,64,5.0       ,302.3,66.7
12.339,106.699,333.6,1.6,1.2,2016-02-17, 06:00,A,86,5.0       ,306.6,41.1
12.337,106.684,325.5,1.6,1.2,2016-02-17, 06:00,A,59,5.0       ,307.6,16.6
12.747,106.096,330.8,1.7,1.3,2016-02-17, 06:00,A,83,5.0       ,309.8,31.1
12.674,105.645,334.3,1.9,1.3,2016-02-17, 06:00,A,83,5.0       ,304.5,58.7
12.631,105.387,322,1.9,1.4,2016-02-17, 06:00,A,36,5.0       ,303.3,30.7
12.628,105.37,329.6,1.9,1.4,2016-02-17, 06:00,A,77,5.0       ,304.8,54.6
12.707,105.775,324.5,1.8,1.3,2016-02-17, 06:00,A,70,5.0       ,305.2,34.8
12.694,105.693,332.1,1.8,1.3,2016-02-17, 06:00,A,81,5.0       ,303.7,58
12.666,105.525,331.7,1.9,1.3,2016-02-17, 06:00,A,83,5.0       ,306.5,55.3
12.655,105.383,335.1,1.9,1.4,2016-02-17, 06:00,A,87,5.0       ,303.3,77.6
12.701,105.588,328.6,1.9,1.3,2016-02-17, 06:00,A,82,5.0       ,303.1,44.5
12.698,105.571,328.3,1.9,1.3,2016-02-17, 06:00,A,79,5.0       ,303.6,42.6
12.67,105.399,347.8,1.9,1.4,2016-02-17, 06:00,A,94,5.0       ,305.4,140.5
12.667,105.381,324.7,1.9,1.4,2016-02-17, 06:00,A,71,5.0       ,303.7,38.6
12.674,105.534,325.5,1.9,1.3,2016-02-17, 06:00,A,58,5.0       ,306.9,36.4
12.647,105.378,331.8,1.9,1.4,2016-02-17, 06:00,A,77,5.0       ,305.4,63.4
12.695,105.582,338.2,1.9,1.3,2016-02-17, 06:00,A,89,5.0       ,303.1,84.7
12.662,105.393,336.9,1.9,1.4,2016-02-17, 06:00,A,88,5.0       ,304.5,86.3
12.674,105.391,328.3,1.9,1.4,2016-02-17, 06:00,A,81,5.0       ,304.4,49.4
12.307,103.205,318,2.9,1.6,2016-02-17, 06:00,A,67,5.0       ,298.4,45.4
12.764,105.708,313.8,1.8,1.3,2016-02-17, 06:00,A,59,5.0       ,301.5,16.9
12.771,105.673,355,1.8,1.3,2016-02-17, 06:00,A,97,5.0       ,303.3,184.4
12.768,105.656,321.5,1.8,1.3,2016-02-17, 06:00,A,74,5.0       ,301.4,39.4
12.613,104.568,314.4,2.2,1.5,2016-02-17, 06:00,A,60,5.0       ,300,22.4
12.73,105.198,327.9,2,1.4,2016-02-17, 06:00,A,76,5.0       ,304.3,40.2
12.61,104.563,315.5,2.2,1.5,2016-02-17, 06:00,A,64,5.0       ,300,27.8
12.732,105.192,328.4,2,1.4,2016-02-17, 06:00,A,81,5.0       ,303.8,41.2
12.778,105.313,354.4,2,1.4,2016-02-17, 06:00,A,97,5.0       ,305.9,176.4
12.775,105.296,329.8,2,1.4,2016-02-17, 06:00,A,83,5.0       ,306,48.5
12.833,105.57,341.9,1.9,1.3,2016-02-17, 06:00,A,91,5.0       ,303,108.4
12.816,105.468,326,1.9,1.3,2016-02-17, 06:00,A,75,5.0       ,304.3,46.4
12.813,105.451,339.6,1.9,1.3,2016-02-17, 06:00,A,90,5.0       ,306.7,102.3
12.784,105.276,340.1,2,1.4,2016-02-17, 06:00,A,90,5.0       ,305.1,97.2
12.775,105.222,321.7,2,1.4,2016-02-17, 06:00,A,62,5.0       ,305.8,22.4
12.682,104.674,318,2.2,1.4,2016-02-17, 06:00,A,54,5.0       ,301.9,28.7
12.414,103.128,316.5,2.9,1.6,2016-02-17, 06:00,A,55,5.0       ,293.8,57
12.828,105.466,322.8,1.9,1.3,2016-02-17, 06:00,A,65,5.0       ,303.1,34.5
12.825,105.449,329.2,1.9,1.3,2016-02-17, 06:00,A,82,5.0       ,303.6,56.4
12.465,103.33,322.5,2.8,1.6,2016-02-17, 06:00,A,68,5.0       ,299.3,66.5
12.451,103.253,331.8,2.9,1.6,2016-02-17, 06:00,A,84,5.0       ,300.1,126.1
12.447,103.227,316.8,2.9,1.6,2016-02-17, 06:00,A,34,5.0       ,298.1,36.1
12.461,103.224,320.8,2.9,1.6,2016-02-17, 06:00,A,73,5.0       ,298.7,59.9
12.734,104.746,329,2.2,1.4,2016-02-17, 06:00,A,65,5.0       ,305.6,57.4
12.72,104.585,324.3,2.2,1.4,2016-02-17, 06:00,A,76,5.0       ,302.1,53.5
12.827,105.352,321.7,1.9,1.4,2016-02-17, 06:00,A,24,5.0       ,301.9,29
12.454,103.246,323.5,2.9,1.6,2016-02-17, 06:00,A,72,5.0       ,299.7,70.7
12.734,104.74,328.7,2.2,1.4,2016-02-17, 06:00,A,62,5.0       ,305.1,53.3
12.464,103.217,320.9,2.9,1.6,2016-02-17, 06:00,A,40,5.0       ,299.8,56.4
12.875,105.487,325.8,1.9,1.3,2016-02-17, 06:00,A,64,5.0       ,306.3,41.2
12.723,104.599,320.8,2.2,1.4,2016-02-17, 06:00,A,73,5.0       ,302,42
12.719,104.579,318.8,2.2,1.4,2016-02-17, 06:00,A,70,5.0       ,302.2,35.8
12.926,105.719,329.4,1.8,1.3,2016-02-17, 06:00,A,82,5.0       ,305.4,47.6
12.734,104.513,316.7,2.3,1.5,2016-02-17, 06:00,A,58,5.0       ,300.6,29.3
13.305,107.852,326.1,1.3,1.1,2016-02-17, 06:00,A,67,5.0       ,306.6,15.5
13.379,108.267,324.4,1.2,1.1,2016-02-17, 06:00,A,73,5.0       ,303.3,20
12.711,104.058,313.1,2.4,1.5,2016-02-17, 06:00,A,54,5.0       ,299.9,24.6
12.705,104.054,313.1,2.4,1.5,2016-02-17, 06:00,A,57,5.0       ,299.8,25.2
13.213,106.554,322.2,1.6,1.2,2016-02-17, 06:00,A,50,5.0       ,303.4,19.9
12.629,102.962,321,3,1.6,2016-02-17, 06:00,A,73,5.0       ,301.4,45
12.625,102.935,321.1,3,1.6,2016-02-17, 06:00,A,74,5.0       ,300.2,47.4
13.171,106.149,325.6,1.7,1.3,2016-02-17, 06:00,A,47,5.0       ,308.4,23.5
12.63,102.955,325.5,3,1.6,2016-02-17, 06:00,A,79,5.0       ,301.9,71.1
12.957,104.586,323.9,2.2,1.4,2016-02-17, 06:00,A,77,5.0       ,306.2,27.1
13.527,107.967,327.5,1.2,1.1,2016-02-17, 06:00,A,77,5.0       ,302.8,24.3
12.866,103.808,314.8,2.5,1.5,2016-02-17, 06:00,A,35,5.0       ,299.4,28.5
12.863,103.785,314.2,2.5,1.5,2016-02-17, 06:00,A,33,5.0       ,300.6,28
13.55,105.734,322.9,1.8,1.3,2016-02-17, 06:00,A,71,5.0       ,307.1,29.5
13.796,107.145,343.3,1.4,1.2,2016-02-17, 06:00,A,92,5.0       ,305.4,73.3
13.579,105.762,320.6,1.7,1.3,2016-02-17, 06:00,A,30,5.0       ,305.5,18.3
13.881,107.483,331.7,1.3,1.1,2016-02-17, 06:00,A,84,5.0       ,302.1,45.1
13.207,103.449,318.4,2.7,1.6,2016-02-17, 06:00,A,69,5.0       ,299.3,52.4
13.613,105.756,329.6,1.7,1.3,2016-02-17, 06:00,A,79,5.0       ,306.4,45
13.611,105.74,342.8,1.8,1.3,2016-02-17, 06:00,A,91,5.0       ,306.3,98
13.373,104.25,323.5,2.3,1.5,2016-02-17, 06:00,A,69,5.0       ,306.1,30.5
13.881,107.283,327.5,1.4,1.2,2016-02-17, 06:00,A,78,5.0       ,306.5,28.4
13.817,106.807,340.8,1.5,1.2,2016-02-17, 06:00,A,85,5.0       ,307.2,63.9
13.529,105.021,325,2,1.4,2016-02-17, 06:00,A,74,5.0       ,307.1,21
13.813,106.815,324,1.5,1.2,2016-02-17, 06:00,A,46,5.0       ,305.6,19.2
13.811,106.802,333,1.5,1.2,2016-02-17, 06:00,A,85,5.0       ,304.5,42.7
13.375,104.265,325.4,2.3,1.5,2016-02-17, 06:00,A,78,5.0       ,306.8,32.5
13.762,106.372,318.5,1.6,1.2,2016-02-17, 06:00,A,40,5.0       ,306.8,16.7
13.586,105.33,336.1,1.9,1.3,2016-02-17, 06:00,A,87,5.0       ,308,59.8
13.917,107.258,323.7,1.4,1.2,2016-02-17, 06:00,A,70,5.0       ,305.7,17.6
13.598,105.328,325.8,1.9,1.3,2016-02-17, 06:00,A,73,5.0       ,309.2,21.3
13.866,106.668,323.1,1.5,1.2,2016-02-17, 06:00,A,36,5.0       ,308,21.9
13.556,104.782,327.4,2.1,1.4,2016-02-17, 06:00,A,66,5.0       ,308,33.8
13.733,105.776,327.8,1.7,1.3,2016-02-17, 06:00,A,81,5.0       ,308.9,27.8
13.578,104.836,326.8,2.1,1.4,2016-02-17, 06:00,A,79,5.0       ,308.3,28
13.358,103.537,321.8,2.6,1.6,2016-02-17, 06:00,A,74,5.0       ,299.6,62.9
13.904,106.772,323.7,1.5,1.2,2016-02-17, 06:00,A,62,5.0       ,307.5,20.2
13.552,104.606,330.2,2.1,1.4,2016-02-17, 06:00,A,83,5.0       ,302.1,68.2
13.549,104.587,321.3,2.1,1.4,2016-02-17, 06:00,A,39,5.0       ,301.8,32.4
23.469,101.785,314.8,2.2,1.4,2016-02-17, 06:05,A,36,5.0       ,296.3,43.1
25.102,112.439,310.7,1.4,1.2,2016-02-17, 06:05,A,41,5.0       ,287.3,23.5
25.101,112.425,312.1,1.4,1.2,2016-02-17, 06:05,A,52,5.0       ,287,26
23.456,101.781,319.1,2.2,1.4,2016-02-17, 06:05,A,51,5.0       ,295.6,56.1
25.108,112.431,322.1,1.4,1.2,2016-02-17, 06:05,A,75,5.0       ,287.1,45
23.549,102.065,313.5,2.1,1.4,2016-02-17, 06:05,A,58,5.0       ,295,38.1
25.324,113.664,313.9,1.7,1.3,2016-02-17, 06:05,A,56,5.0       ,290.7,36.1
25.322,113.648,327.4,1.7,1.3,2016-02-17, 06:05,A,80,5.0       ,292.2,71.9
23.881,103.481,317.9,1.6,1.3,2016-02-17, 06:05,A,69,5.0       ,290.8,40.6
25.332,113.659,329.8,1.7,1.3,2016-02-17, 06:05,A,83,5.0       ,290.2,79.4
25.331,113.641,311.7,1.7,1.3,2016-02-17, 06:05,A,46,5.0       ,289.5,32
25.221,112.625,325.7,1.4,1.2,2016-02-17, 06:05,A,79,5.0       ,289.5,49.4
23.88,103.476,310.7,1.6,1.3,2016-02-17, 06:05,A,43,5.0       ,290.4,26.4
25.231,112.624,349.8,1.4,1.2,2016-02-17, 06:05,A,95,5.0       ,290.9,121.9
25.23,112.61,341.2,1.4,1.2,2016-02-17, 06:05,A,91,5.0       ,292.1,91.1
24.75,108.813,316.7,1,1,2016-02-17, 06:05,A,66,5.0       ,292.9,17.5
24.944,109.962,316.3,1.1,1,2016-02-17, 06:05,A,66,5.0       ,291.6,20.8
24.027,103.583,317.3,1.6,1.2,2016-02-17, 06:05,A,64,5.0       ,291.1,35
24.024,103.568,316.4,1.6,1.2,2016-02-17, 06:05,A,52,5.0       ,290.8,33.6
23.751,101.948,313.1,2.1,1.4,2016-02-17, 06:05,A,57,5.0       ,291.8,44.8
23.748,101.928,318,2.1,1.4,2016-02-17, 06:05,A,69,5.0       ,293,61.8
25.259,111.464,323,1.2,1.1,2016-02-17, 06:05,A,76,5.0       ,291.5,34.1
25.26,111.471,310.3,1.2,1.1,2016-02-17, 06:05,A,23,5.0       ,288.3,15.2
25.258,111.459,316.2,1.2,1.1,2016-02-17, 06:05,A,61,5.0       ,292.7,23.3
25.047,109.431,313.7,1,1,2016-02-17, 06:05,A,59,5.0       ,290.1,18.3
25.309,111.378,316.8,1.2,1.1,2016-02-17, 06:05,A,67,5.0       ,290.9,26.2
23.79,101.667,330.3,2.2,1.4,2016-02-17, 06:05,A,68,5.0       ,292.9,109
25.66,114.249,311.5,1.9,1.3,2016-02-17, 06:05,A,49,5.0       ,288.5,39.5
23.902,102.123,314.8,2,1.4,2016-02-17, 06:05,A,62,5.0       ,292.5,38.7
23.812,101.643,323.3,2.2,1.4,2016-02-17, 06:05,A,54,5.0       ,289,82.5
25.666,114.241,320.2,1.9,1.3,2016-02-17, 06:05,A,72,5.0       ,288.1,61.4
23.812,101.637,318.5,2.2,1.4,2016-02-17, 06:05,A,46,5.0       ,288.7,66.2
25.571,113.212,323.9,1.6,1.2,2016-02-17, 06:05,A,77,5.0       ,291.2,54.1
25.569,113.196,313.3,1.6,1.2,2016-02-17, 06:05,A,58,5.0       ,291.8,30.1
23.965,102.029,324.4,2.1,1.4,2016-02-17, 06:05,A,77,5.0       ,289.6,78.3
23.96,102.005,332.1,2.1,1.4,2016-02-17, 06:05,A,84,5.0       ,292.5,110.8
23.965,101.962,316.3,2.1,1.4,2016-02-17, 06:05,A,66,5.0       ,292.7,52.3
23.999,102.073,310.2,2,1.4,2016-02-17, 06:05,A,15,5.0       ,294.6,26.7
23.966,102.023,326.3,2.1,1.4,2016-02-17, 06:05,A,79,5.0       ,290.1,81
23.966,101.957,320.1,2.1,1.4,2016-02-17, 06:05,A,72,5.0       ,293,62.1
25.586,112.435,311.1,1.4,1.2,2016-02-17, 06:05,A,46,5.0       ,290.1,21.1
23.98,101.892,311.4,2.1,1.4,2016-02-17, 06:05,A,48,5.0       ,289.6,41.3
24.244,103.179,319.8,1.7,1.3,2016-02-17, 06:05,A,50,5.0       ,293.5,39.2
25.385,110.377,310,1.1,1,2016-02-17, 06:05,A,24,5.0       ,292.2,12.7
25.379,109.638,313.7,1,1,2016-02-17, 06:05,A,59,5.0       ,289.7,18.4
25.413,109.822,334.7,1.1,1,2016-02-17, 06:05,A,86,5.0       ,292.3,47.8
25.412,109.812,321.3,1.1,1,2016-02-17, 06:05,A,73,5.0       ,290.7,27
25.421,109.825,313.1,1.1,1,2016-02-17, 06:05,A,57,5.0       ,286.6,19.7
25.419,109.815,320.9,1.1,1,2016-02-17, 06:05,A,73,5.0       ,289.7,29
25.522,110.542,328.4,1.1,1.1,2016-02-17, 06:05,A,81,5.0       ,290.1,40.6
25.464,109.946,313.1,1.1,1,2016-02-17, 06:05,A,57,5.0       ,287.3,20.8
25.303,108.369,319.8,1,1,2016-02-17, 06:05,A,72,5.0       ,282.2,21.5
25.302,108.359,316.5,1,1,2016-02-17, 06:05,A,66,5.0       ,281.6,18.1
25.845,112.295,316.1,1.4,1.2,2016-02-17, 06:05,A,65,5.0       ,290.7,28.8
24.341,102.057,330.6,2,1.4,2016-02-17, 06:05,A,65,5.0       ,294.5,82.7
25.821,111.57,323.8,1.3,1.1,2016-02-17, 06:05,A,77,5.0       ,288.2,41.2
25.821,111.577,315.5,1.3,1.1,2016-02-17, 06:05,A,63,5.0       ,287.5,27.3
25.82,111.565,311.3,1.3,1.1,2016-02-17, 06:05,A,37,5.0       ,287.6,20.9
25.95,112.332,314.2,1.4,1.2,2016-02-17, 06:05,A,60,5.0       ,292.6,24.1
26.068,111.519,324.5,1.3,1.1,2016-02-17, 06:05,A,78,5.0       ,291,40.7
26.283,113.174,311.1,1.6,1.3,2016-02-17, 06:05,A,46,5.0       ,290.1,27.5
26.282,112.42,314.2,1.4,1.2,2016-02-17, 06:05,A,61,5.0       ,290.2,26.7
25.97,109.529,312.1,1,1,2016-02-17, 06:05,A,53,5.0       ,288,16.4
26.084,110.181,312,1.1,1,2016-02-17, 06:05,A,52,5.0       ,288.8,18.3
26.455,113.18,312,1.6,1.3,2016-02-17, 06:05,A,52,5.0       ,289.8,28.6
26.071,109.88,312.4,1.1,1,2016-02-17, 06:05,A,54,5.0       ,288.7,18.2
26.097,109.79,316.3,1.1,1,2016-02-17, 06:05,A,65,5.0       ,288.8,21.6
26.553,112.624,320.2,1.5,1.2,2016-02-17, 06:05,A,72,5.0       ,290.7,39.9
25.117,102.755,312.8,1.7,1.3,2016-02-17, 06:05,A,53,5.0       ,297.5,25.3
26.956,115.688,330,2.5,1.5,2016-02-17, 06:05,A,83,5.0       ,287.5,144.6
26.962,115.683,322,2.5,1.5,2016-02-17, 06:05,A,75,5.0       ,287.1,101.7
26.316,109.028,318.8,1,1,2016-02-17, 06:05,A,70,5.0       ,289.8,24.3
26.714,110.542,322.3,1.2,1.1,2016-02-17, 06:05,A,75,5.0       ,287.9,32.1
26.713,110.53,322.1,1.2,1.1,2016-02-17, 06:05,A,75,5.0       ,288.3,31.9
26.988,111.299,311.9,1.3,1.1,2016-02-17, 06:05,A,51,5.0       ,288.8,20
26.966,111.111,317.9,1.2,1.1,2016-02-17, 06:05,A,69,5.0       ,292.5,27.2
27.048,111.729,324.5,1.3,1.1,2016-02-17, 06:05,A,78,5.0       ,290.4,43.8
26.998,111.043,311.9,1.2,1.1,2016-02-17, 06:05,A,52,5.0       ,290.5,19.6
27.141,111.481,313.9,1.3,1.1,2016-02-17, 06:05,A,60,5.0       ,290.4,22.2
27.528,114.751,315.7,2.2,1.4,2016-02-17, 06:05,A,64,5.0       ,286.4,62.7
26.986,109.217,311.4,1,1,2016-02-17, 06:05,A,48,5.0       ,290.9,14.6
27.277,111.343,311,1.3,1.1,2016-02-17, 06:05,A,45,5.0       ,290.1,19.5
27.503,111.362,311.2,1.3,1.1,2016-02-17, 06:05,A,47,5.0       ,287.3,22.1
27.497,111.31,320.1,1.3,1.1,2016-02-17, 06:05,A,72,5.0       ,286.6,35.7
27.601,111.584,323,1.3,1.1,2016-02-17, 06:05,A,76,5.0       ,288.4,42.9
13.732,105.788,325.9,1.7,1.3,2016-02-17, 06:00,A,68,5.0       ,308.7,20.3
13.557,104.776,326.3,2.1,1.4,2016-02-17, 06:00,A,32,5.0       ,308.2,27.7
13.91,106.779,322.4,1.5,1.2,2016-02-17, 06:00,A,75,5.0       ,307.9,17.7
13.579,104.83,327.9,2.1,1.4,2016-02-17, 06:00,A,81,5.0       ,308.7,31.6
13.922,106.791,332.3,1.5,1.2,2016-02-17, 06:00,A,85,5.0       ,305.3,38.4
13.725,105.609,344.7,1.8,1.3,2016-02-17, 06:00,A,92,5.0       ,305.9,117.2
13.723,105.593,321.3,1.8,1.3,2016-02-17, 06:00,A,74,5.0       ,303.9,33.3
13.552,104.601,334.4,2.1,1.4,2016-02-17, 06:00,A,86,5.0       ,302.6,84.3
13.363,103.531,319.5,2.6,1.6,2016-02-17, 06:00,A,71,5.0       ,299.4,51.3
13.737,105.607,325.1,1.8,1.3,2016-02-17, 06:00,A,64,5.0       ,303.1,37.2
13.522,104.275,328.9,2.3,1.5,2016-02-17, 06:00,A,82,5.0       ,305.1,54.4
13.518,104.255,336.8,2.3,1.5,2016-02-17, 06:00,A,88,5.0       ,303.5,99.7
13.606,104.61,344.4,2.1,1.4,2016-02-17, 06:00,A,92,5.0       ,305.5,126.4
13.602,104.591,368.1,2.1,1.4,2016-02-17, 06:00,A,100,5.0       ,306.7,310.4
13.789,105.63,322.9,1.8,1.3,2016-02-17, 06:00,A,76,5.0       ,305,21.6
25.312,92.616,311.8,1,1,2016-02-17, 04:35,T,48,5.0       ,295.3,11.7
25.278,92.714,319.3,1,1,2016-02-17, 04:35,T,71,5.0       ,293.4,21.3
25.276,92.724,311.2,1,1,2016-02-17, 04:35,T,47,5.0       ,292.9,12.1
23.458,96.37,317.1,1.4,1.2,2016-02-17, 04:35,T,67,5.0       ,300.8,20.8
23.893,93.678,321.8,1.1,1,2016-02-17, 04:35,T,74,5.0       ,296.6,24.1
23.555,95.499,325.9,1.3,1.1,2016-02-17, 04:35,T,79,5.0       ,300.3,33.1
23.235,95.694,315.7,1.3,1.1,2016-02-17, 04:35,T,57,5.0       ,304.1,10.7
23.552,92.959,324.3,1,1,2016-02-17, 04:35,T,77,5.0       ,293.2,28.6
23.551,92.969,326.8,1,1,2016-02-17, 04:35,T,80,5.0       ,294.8,31.9
23.369,93.369,317.7,1,1,2016-02-17, 04:35,T,68,5.0       ,298.4,18.3
22.719,95.576,319.8,1.3,1.1,2016-02-17, 04:35,T,72,5.0       ,304.9,15.4
22.345,97.533,318.3,1.8,1.3,2016-02-17, 04:35,T,63,5.0       ,302.7,27.7
22.35,97.529,316.2,1.8,1.3,2016-02-17, 04:35,T,61,5.0       ,303.9,22.8
22.591,95.551,318,1.3,1.1,2016-02-17, 04:35,T,63,5.0       ,305.6,11.3
22.345,96.907,319.9,1.6,1.3,2016-02-17, 04:35,T,65,5.0       ,303.4,26.9
22.551,95.663,319.9,1.4,1.2,2016-02-17, 04:35,T,72,5.0       ,306.1,15.5
22.095,96.351,311.5,1.5,1.2,2016-02-17, 04:35,T,43,5.0       ,300.3,15.2
21.995,96.857,319.6,1.7,1.3,2016-02-17, 04:35,T,49,5.0       ,302.6,26.4
21.984,96.855,321.8,1.7,1.3,2016-02-17, 04:35,T,59,5.0       ,301.8,35.4
22.475,93.3,310.4,1.1,1,2016-02-17, 04:35,T,37,5.0       ,293.4,13.7
22.389,93.319,320.6,1.1,1,2016-02-17, 04:35,T,73,5.0       ,294.8,23.4
22.259,94.015,315.2,1.1,1.1,2016-02-17, 04:35,T,45,5.0       ,303.2,8.7
22.258,94.025,320.1,1.1,1.1,2016-02-17, 04:35,T,72,5.0       ,303.5,14.9
21.79,96.375,317.9,1.6,1.2,2016-02-17, 04:35,T,69,5.0       ,303.5,19.8
21.788,96.39,315.6,1.6,1.2,2016-02-17, 04:35,T,64,5.0       ,302.5,15.5
21.334,96.54,315.8,1.6,1.3,2016-02-17, 04:35,T,62,5.0       ,302.1,22.9
21.332,96.548,314.4,1.6,1.3,2016-02-17, 04:35,T,46,5.0       ,301.1,19.6
21.155,96.373,315,1.6,1.2,2016-02-17, 04:35,T,47,5.0       ,299.5,23
21.307,94.743,319.6,1.3,1.1,2016-02-17, 04:35,T,62,5.0       ,305.9,10.3
20.499,97.084,319.8,1.8,1.3,2016-02-17, 04:35,T,54,5.0       ,307.4,28.5
19.973,98.783,316.5,2.5,1.5,2016-02-17, 04:35,T,44,5.0       ,299.7,48.6
19.966,98.775,314.5,2.5,1.5,2016-02-17, 04:35,T,61,5.0       ,300.4,44.9
13.526,107.892,324.6,1.3,1.1,2016-02-17, 06:00,A,78,5.0       ,306.7,11.3
13.291,106.322,325.6,1.6,1.2,2016-02-17, 06:00,A,79,5.0       ,305.9,34.5
13.557,107.898,324.6,1.3,1.1,2016-02-17, 06:00,A,77,5.0       ,306.8,13.1
13.496,107.511,350.7,1.3,1.1,2016-02-17, 06:00,A,95,5.0       ,303.4,90
13.303,106.32,331.1,1.6,1.2,2016-02-17, 06:00,A,78,5.0       ,305.5,46.4
13.144,105.369,316.3,1.9,1.3,2016-02-17, 06:00,A,57,5.0       ,301.7,22.6
13.141,105.351,316.2,1.9,1.3,2016-02-17, 06:00,A,52,5.0       ,303.5,20.6
12.873,103.802,318.5,2.5,1.5,2016-02-17, 06:00,A,61,5.0       ,299.9,48.6
13.33,106.419,326.1,1.6,1.2,2016-02-17, 06:00,A,57,5.0       ,304.3,26.4
13.518,107.519,319.6,1.3,1.1,2016-02-17, 06:00,A,33,5.0       ,299.1,15.2
13.174,105.327,317.4,1.9,1.4,2016-02-17, 06:00,A,62,5.0       ,304.7,21.3
13.349,106.327,378.1,1.6,1.2,2016-02-17, 06:00,A,100,5.0       ,306.6,278.7
13.36,106.325,353.4,1.6,1.2,2016-02-17, 06:00,A,97,5.0       ,303.9,126.9
13.358,106.31,337,1.6,1.2,2016-02-17, 06:00,A,86,5.0       ,297.8,58.9
13.307,105.995,325.2,1.7,1.3,2016-02-17, 06:00,A,49,5.0       ,307.2,28.6
13.493,107.089,333.4,1.4,1.2,2016-02-17, 06:00,A,76,5.0       ,308.3,40.3
13.488,107.083,327.2,1.4,1.2,2016-02-17, 06:00,A,54,5.0       ,308.5,23.2
13.357,106.228,326.3,1.6,1.3,2016-02-17, 06:00,A,57,5.0       ,306.4,25.6
13.387,106.268,325.8,1.6,1.3,2016-02-17, 06:00,A,69,5.0       ,306.6,27
13.384,106.254,326.3,1.6,1.3,2016-02-17, 06:00,A,36,5.0       ,307.6,27.2
13.267,105.549,311.5,1.8,1.3,2016-02-17, 06:00,A,49,5.0       ,300.8,15.6
13.06,104.345,333.9,2.3,1.5,2016-02-17, 06:00,A,86,5.0       ,305.8,77.9
12.929,103.518,318.1,2.7,1.6,2016-02-17, 06:00,A,57,5.0       ,300,43.5
13.418,106.248,329.7,1.6,1.3,2016-02-17, 06:00,A,82,5.0       ,306,40.4
13.415,106.233,343.7,1.6,1.3,2016-02-17, 06:00,A,92,5.0       ,307.7,91.3
13.23,105.111,334.4,2,1.4,2016-02-17, 06:00,A,86,5.0       ,305.6,85.5
13.633,107.53,351.7,1.3,1.1,2016-02-17, 06:00,A,96,5.0       ,302.8,96.4
13.592,107.196,328.3,1.4,1.2,2016-02-17, 06:00,A,60,5.0       ,309.3,30
13.59,107.184,334.4,1.4,1.2,2016-02-17, 06:00,A,86,5.0       ,307.9,44.5
13.249,105.07,322.2,2,1.4,2016-02-17, 06:00,A,58,5.0       ,305.3,35.1
13.245,105.052,322.4,2,1.4,2016-02-17, 06:00,A,69,5.0       ,302.2,34.7
13.55,106.838,324.8,1.5,1.2,2016-02-17, 06:00,A,41,5.0       ,305.6,16
13.405,105.965,320.7,1.7,1.3,2016-02-17, 06:00,A,30,5.0       ,304.9,14.9
13.251,105.065,325.1,2,1.4,2016-02-17, 06:00,A,61,5.0       ,304.4,43.6
13.376,105.727,318.4,1.8,1.3,2016-02-17, 06:00,A,59,5.0       ,304.8,21.5
13.574,106.848,405.6,1.5,1.2,2016-02-17, 06:00,A,100,5.0       ,312.5,476.1
13.571,106.835,343.3,1.5,1.2,2016-02-17, 06:00,A,92,5.0       ,307.2,68.1
13.132,104.154,317.5,2.4,1.5,2016-02-17, 06:00,A,43,5.0       ,301.8,26.2
13.422,105.785,320.4,1.8,1.3,2016-02-17, 06:00,A,58,5.0       ,303.9,20.7
13.626,106.974,326.1,1.4,1.2,2016-02-17, 06:00,A,28,5.0       ,307.9,18.7
13.356,105.319,326.4,1.9,1.3,2016-02-17, 06:00,A,75,5.0       ,307,32.8
13.44,105.749,342.1,1.8,1.3,2016-02-17, 06:00,A,91,5.0       ,303.3,102.6
13.437,105.733,350.6,1.8,1.3,2016-02-17, 06:00,A,95,5.0       ,303,145.9
13.368,105.316,323.9,1.9,1.3,2016-02-17, 06:00,A,41,5.0       ,306.9,23.6
13.702,107.314,327.8,1.4,1.2,2016-02-17, 06:00,A,62,5.0       ,306.6,28.5
13.549,106.279,324.3,1.6,1.2,2016-02-17, 06:00,A,26,5.0       ,306.7,17.5
13.633,106.776,326.6,1.5,1.2,2016-02-17, 06:00,A,71,5.0       ,303.1,26.1
13.646,106.788,347.7,1.5,1.2,2016-02-17, 06:00,A,94,5.0       ,307.5,88.2
13.643,106.774,358.5,1.5,1.2,2016-02-17, 06:00,A,99,5.0       ,307.7,135
13.616,106.54,325,1.5,1.2,2016-02-17, 06:00,A,75,5.0       ,306.7,15.5
13.763,107.384,331.3,1.3,1.1,2016-02-17, 06:00,A,73,5.0       ,306.3,33.7
13.619,106.35,329.3,1.6,1.2,2016-02-17, 06:00,A,28,5.0       ,310.9,30.3
13.695,106.752,323.3,1.5,1.2,2016-02-17, 06:00,A,66,5.0       ,303.6,24.7
13.623,106.305,343.6,1.6,1.2,2016-02-17, 06:00,A,92,5.0       ,307.2,81.1
13.634,106.303,333.8,1.6,1.2,2016-02-17, 06:00,A,86,5.0       ,309.9,43.8
13.743,106.921,324.1,1.4,1.2,2016-02-17, 06:00,A,51,5.0       ,304.1,20
13.741,106.908,353.8,1.4,1.2,2016-02-17, 06:00,A,97,5.0       ,307.4,111.1
13.737,106.917,329.7,1.4,1.2,2016-02-17, 06:00,A,78,5.0       ,304.1,33.3
13.735,106.903,326.4,1.4,1.2,2016-02-17, 06:00,A,65,5.0       ,306.4,25.1
13.636,106.312,326.6,1.6,1.2,2016-02-17, 06:00,A,50,5.0       ,310,19.2
13.634,106.298,328.7,1.6,1.2,2016-02-17, 06:00,A,82,5.0       ,309.3,27.4
13.747,106.915,332.9,1.4,1.2,2016-02-17, 06:00,A,85,5.0       ,307,40
13.745,106.901,330.2,1.4,1.2,2016-02-17, 06:00,A,81,5.0       ,306.2,32.2
13.699,105.089,326.4,2,1.4,2016-02-17, 06:00,A,68,5.0       ,309.4,24.7
13.67,104.913,316.8,2,1.4,2016-02-17, 06:00,A,41,5.0       ,300,27.1
13.746,105.225,332,1.9,1.3,2016-02-17, 06:00,A,84,5.0       ,309.6,46.3
13.706,105.099,326.1,1.9,1.4,2016-02-17, 06:00,A,68,5.0       ,307.6,24.1
13.672,104.905,314.9,2,1.4,2016-02-17, 06:00,A,50,5.0       ,300.3,23.3
13.74,105.219,338.6,1.9,1.3,2016-02-17, 06:00,A,89,5.0       ,310.5,74.9
13.873,105.931,320.4,1.7,1.3,2016-02-17, 06:00,A,67,5.0       ,306.3,17.7
13.803,105.521,324.8,1.8,1.3,2016-02-17, 06:00,A,59,5.0       ,307.8,23.3
13.815,105.519,328.8,1.8,1.3,2016-02-17, 06:00,A,79,5.0       ,307.2,34.1
13.639,104.415,321,2.2,1.4,2016-02-17, 06:00,A,52,5.0       ,302.9,19
13.776,105.068,327.5,2,1.4,2016-02-17, 06:00,A,77,5.0       ,309.4,29.5
13.698,104.606,329.7,2.1,1.4,2016-02-17, 06:00,A,82,5.0       ,307.2,44.1
14.262,108.017,327.4,1.2,1.1,2016-02-17, 06:00,A,77,5.0       ,302.2,24.1
14.227,107.792,328.2,1.2,1.1,2016-02-17, 06:00,A,81,5.0       ,300.4,34.5
13.8,105.137,325.7,1.9,1.4,2016-02-17, 06:00,A,67,5.0       ,308.9,27.2
13.667,104.347,322.6,2.2,1.4,2016-02-17, 06:00,A,60,5.0       ,302.8,27.3
14.272,108.015,323.8,1.2,1.1,2016-02-17, 06:00,A,67,5.0       ,305,17.8
14.049,106.526,333.9,1.5,1.2,2016-02-17, 06:00,A,86,5.0       ,307.5,47.4
13.739,104.619,328.5,2.1,1.4,2016-02-17, 06:00,A,81,5.0       ,309.2,33.5
14.054,106.534,321.6,1.5,1.2,2016-02-17, 06:00,A,34,5.0       ,304.6,17.6
14.051,106.52,327.3,1.5,1.2,2016-02-17, 06:00,A,75,5.0       ,307.2,30.6
13.739,104.614,326.3,2.1,1.4,2016-02-17, 06:00,A,79,5.0       ,309.3,26.8
14.03,106.189,322.4,1.6,1.2,2016-02-17, 06:00,A,67,5.0       ,304.8,21.6
13.695,104.21,323,2.3,1.5,2016-02-17, 06:00,A,37,5.0       ,304.7,35.5
14.079,106.415,326.7,1.5,1.2,2016-02-17, 06:00,A,62,5.0       ,310.9,19.3
13.861,104.881,326,2,1.4,2016-02-17, 06:00,A,79,5.0       ,307.9,29.3
14.188,105.216,332,1.9,1.3,2016-02-17, 06:00,A,78,5.0       ,305.6,61.8
14.185,105.199,323.3,1.9,1.3,2016-02-17, 06:00,A,53,5.0       ,305.2,25.8
14.13,104.883,325.3,2,1.4,2016-02-17, 06:00,A,78,5.0       ,305.9,25.1
14.05,104.433,322.7,2.2,1.4,2016-02-17, 06:00,A,54,5.0       ,303.7,36.9
13.962,103.942,323.4,2.4,1.5,2016-02-17, 06:00,A,76,5.0       ,303.5,34.8
14.052,104.372,321.7,2.2,1.4,2016-02-17, 06:00,A,66,5.0       ,303.9,27.3
13.975,103.94,327.7,2.4,1.5,2016-02-17, 06:00,A,81,5.0       ,304,54.2
14.63,107.742,337.7,1.2,1.1,2016-02-17, 06:00,A,88,5.0       ,309.4,49.6
13.977,103.872,322.4,2.4,1.5,2016-02-17, 06:00,A,75,5.0       ,304.7,32.4
14.131,104.674,332.8,2.1,1.4,2016-02-17, 06:00,A,85,5.0       ,307.4,64.4
14.128,104.655,324.4,2.1,1.4,2016-02-17, 06:00,A,75,5.0       ,304.8,30.9
13.971,103.76,321.1,2.4,1.5,2016-02-17, 06:00,A,73,5.0       ,303.9,29
14.039,103.993,323.1,2.3,1.5,2016-02-17, 06:00,A,52,5.0       ,304.6,38.1
14.175,104.705,335.6,2,1.4,2016-02-17, 06:00,A,87,5.0       ,306.5,70.6
14.679,107.605,320.8,1.3,1.1,2016-02-17, 06:00,A,55,5.0       ,307.1,13.4
14.164,104.412,334.5,2.2,1.4,2016-02-17, 06:00,A,86,5.0       ,304.3,78.6
14.679,107.598,323.9,1.3,1.1,2016-02-17, 06:00,A,77,5.0       ,307,18.4
14.672,107.552,325.2,1.3,1.1,2016-02-17, 06:00,A,41,5.0       ,305.3,27.4
14.209,104.806,327,2,1.4,2016-02-17, 06:00,A,59,5.0       ,307.2,27.6
14.489,106.37,323.5,1.5,1.2,2016-02-17, 06:00,A,50,5.0       ,308.7,22.7
14.164,104.405,328.8,2.2,1.4,2016-02-17, 06:00,A,82,5.0       ,304.3,53.6
14.739,107.588,326.6,1.3,1.1,2016-02-17, 06:00,A,71,5.0       ,303.1,28.4
14.572,106.539,326.5,1.5,1.2,2016-02-17, 06:00,A,80,5.0       ,306.9,33.4
14.556,106.444,325.8,1.5,1.2,2016-02-17, 06:00,A,69,5.0       ,309.1,22.7
14.532,106.291,320.1,1.5,1.2,2016-02-17, 06:00,A,42,5.0       ,306.6,21.8
14.305,104.306,323.3,2.2,1.4,2016-02-17, 06:00,A,58,5.0       ,306.5,28.2
14.769,106.883,337.2,1.4,1.2,2016-02-17, 06:00,A,88,5.0       ,309.4,47.2
14.767,106.871,339.1,1.4,1.2,2016-02-17, 06:00,A,89,5.0       ,309.5,52.8
14.779,106.882,323.1,1.4,1.2,2016-02-17, 06:00,A,58,5.0       ,306.3,16.1
14.777,106.869,324.7,1.4,1.2,2016-02-17, 06:00,A,67,5.0       ,308.4,20
14.779,106.816,329.7,1.4,1.2,2016-02-17, 06:00,A,83,5.0       ,308.6,29.2
14.79,106.814,328,1.4,1.2,2016-02-17, 06:00,A,81,5.0       ,309,27.5
14.918,107.557,317.9,1.3,1.1,2016-02-17, 06:00,A,46,5.0       ,305.5,17.1
14.917,107.546,320.8,1.3,1.1,2016-02-17, 06:00,A,60,5.0       ,306.4,24.2
14.955,107.726,324.3,1.2,1.1,2016-02-17, 06:00,A,62,5.0       ,308.3,20.3
14.991,107.692,350.4,1.2,1.1,2016-02-17, 06:00,A,95,5.0       ,306.9,88.9
14.989,107.681,346.8,1.2,1.1,2016-02-17, 06:00,A,94,5.0       ,304.2,80.7
13.992,101.685,322.2,3.5,1.8,2016-02-17, 06:00,A,75,5.0       ,299.6,76.8
13.986,101.653,323,3.5,1.8,2016-02-17, 06:00,A,76,5.0       ,300.4,85.5
14.387,103.582,322,2.5,1.5,2016-02-17, 06:00,A,54,5.0       ,302.7,49.4
14.818,105.995,318.6,1.6,1.2,2016-02-17, 06:00,A,60,5.0       ,304.3,19.9
14.815,105.981,318.8,1.6,1.2,2016-02-17, 06:00,A,70,5.0       ,303.5,18.4
14.836,106.038,313.3,1.6,1.2,2016-02-17, 06:00,A,43,5.0       ,300,11.5
14.991,106.287,316.7,1.5,1.2,2016-02-17, 06:00,A,65,5.0       ,296.2,24.3
15.036,106.33,333.7,1.5,1.2,2016-02-17, 06:00,A,86,5.0       ,299.6,61.8
15.047,106.328,329.6,1.5,1.2,2016-02-17, 06:00,A,82,5.0       ,298.9,49.7
15.058,106.326,327.4,1.5,1.2,2016-02-17, 06:00,A,80,5.0       ,298.6,44
15.055,106.313,316,1.5,1.2,2016-02-17, 06:00,A,63,5.0       ,300.3,19.8
14.353,102.223,316.9,3.1,1.7,2016-02-17, 06:00,A,52,5.0       ,299.5,59.2
15.074,106.225,316.1,1.5,1.2,2016-02-17, 06:00,A,50,5.0       ,294.8,26
15.146,106.376,318.5,1.5,1.2,2016-02-17, 06:00,A,70,5.0       ,301.8,21.3
15.191,106.382,317.8,1.5,1.2,2016-02-17, 06:00,A,69,5.0       ,303.3,16.7
15.189,106.369,320.4,1.5,1.2,2016-02-17, 06:00,A,73,5.0       ,304.6,22.2
15.204,106.325,315.5,1.5,1.2,2016-02-17, 06:00,A,54,5.0       ,300.1,14.6
15.241,106.449,310.5,1.5,1.2,2016-02-17, 06:00,A,26,5.0       ,300.1,14.1
15.28,106.219,318.2,1.5,1.2,2016-02-17, 06:00,A,69,5.0       ,302.8,21.1
15.284,106.227,315.8,1.5,1.2,2016-02-17, 06:00,A,43,5.0       ,301.4,14.7
14.895,103.773,322.7,2.3,1.5,2016-02-17, 06:00,A,76,5.0       ,305.2,37.3
15.576,107.243,310.1,1.3,1.1,2016-02-17, 06:00,A,27,5.0       ,293.6,16.4
15.535,106.363,339.1,1.5,1.2,2016-02-17, 06:00,A,89,5.0       ,301.6,69.6
15.548,106.374,321.8,1.5,1.2,2016-02-17, 06:00,A,53,5.0       ,300.3,23.1
15.546,106.361,342,1.5,1.2,2016-02-17, 06:00,A,91,5.0       ,301.2,78.2
15.548,105.877,322.4,1.6,1.2,2016-02-17, 06:00,A,71,5.0       ,308.1,15.9
15.677,106.169,321,1.5,1.2,2016-02-17, 06:00,A,73,5.0       ,306.1,20.2
15.09,102.323,328.1,3,1.6,2016-02-17, 06:00,A,81,5.0       ,303.6,86.7
15.091,102.316,326.3,3,1.6,2016-02-17, 06:00,A,79,5.0       ,303.7,73.4
15.981,106.767,311.9,1.4,1.2,2016-02-17, 06:00,A,51,5.0       ,298.9,15.4
15.433,103.456,321.1,2.4,1.5,2016-02-17, 06:00,A,74,5.0       ,304.3,29
15.295,102.518,325,2.9,1.6,2016-02-17, 06:00,A,65,5.0       ,305.5,47.8
15.594,103.481,323.3,2.4,1.5,2016-02-17, 06:00,A,76,5.0       ,305.8,37.5
15.59,103.459,321.1,2.4,1.5,2016-02-17, 06:00,A,74,5.0       ,303.9,28.2
15.571,103.349,333.5,2.4,1.5,2016-02-17, 06:00,A,85,5.0       ,303.5,95.9
15.506,102.644,320.6,2.8,1.6,2016-02-17, 06:00,A,73,5.0       ,302.3,41
15.71,101.119,319.9,3.6,1.8,2016-02-17, 06:00,A,72,5.0       ,303.6,47.5
15.65,100.247,319.8,4.2,1.9,2016-02-17, 06:00,A,49,5.0       ,301.3,59.3
16.509,103.508,318.6,2.3,1.5,2016-02-17, 06:00,A,56,5.0       ,301.5,34.7
16.891,104.762,315.2,1.8,1.3,2016-02-17, 06:00,A,50,5.0       ,301.4,18.1
12.379,106.735,322.1,1.6,1.2,2016-02-17, 06:00,A,75,5.0       ,306.1,11
12.456,107.146,321.3,1.5,1.2,2016-02-17, 06:00,A,72,5.0       ,306.1,21
12.454,107.133,318.6,1.5,1.2,2016-02-17, 06:00,A,65,5.0       ,305.1,16.9
12.214,105.65,316.6,1.9,1.3,2016-02-17, 06:00,A,31,5.0       ,302.3,15.1
12.31,106.088,327.8,1.7,1.3,2016-02-17, 06:00,A,81,5.0       ,307.8,31.6
12.53,107.411,318.5,1.4,1.2,2016-02-17, 06:00,A,32,5.0       ,304.1,15.3
12.472,107.083,315,1.5,1.2,2016-02-17, 06:00,A,39,5.0       ,302.9,11.3
12.308,106.1,324.3,1.7,1.3,2016-02-17, 06:00,A,52,5.0       ,306.8,20.3
12.41,106.428,331.7,1.6,1.3,2016-02-17, 06:00,A,84,5.0       ,310.4,36.7
12.407,106.413,328.2,1.6,1.3,2016-02-17, 06:00,A,81,5.0       ,310.8,24.8
12.354,106.092,329.4,1.7,1.3,2016-02-17, 06:00,A,78,5.0       ,307.4,38.1
12.354,105.944,323.7,1.8,1.3,2016-02-17, 06:00,A,77,5.0       ,308,21.2
12.621,107.543,320.6,1.4,1.2,2016-02-17, 06:00,A,66,5.0       ,302.2,18.1
12.609,107.469,326.9,1.4,1.2,2016-02-17, 06:00,A,80,5.0       ,299.6,28.6
12.345,105.743,327.9,1.8,1.3,2016-02-17, 06:00,A,81,5.0       ,305.9,40.8
12.34,105.737,323.9,1.8,1.3,2016-02-17, 06:00,A,70,5.0       ,305.3,25.5
12.828,108.539,316.4,1.2,1.1,2016-02-17, 06:00,A,65,5.0       ,300.8,11.7
12.677,107.514,335.6,1.4,1.2,2016-02-17, 06:00,A,82,5.0       ,301.8,47.7
12.675,107.502,327.5,1.4,1.2,2016-02-17, 06:00,A,76,5.0       ,306.2,27
12.11,103.897,319.2,2.6,1.5,2016-02-17, 06:00,A,33,5.0       ,298.5,43
12.394,105.369,323.4,2,1.4,2016-02-17, 06:00,A,67,5.0       ,305,19.7
12.623,106.677,324.2,1.6,1.2,2016-02-17, 06:00,A,73,5.0       ,306.4,19
12.486,105.843,328.5,1.8,1.3,2016-02-17, 06:00,A,81,5.0       ,307.1,34.2
12.466,105.728,339.3,1.8,1.3,2016-02-17, 06:00,A,89,5.0       ,305.1,82
12.56,106.219,336.7,1.7,1.3,2016-02-17, 06:00,A,88,5.0       ,310.7,49.9
12.786,107.553,331.6,1.4,1.2,2016-02-17, 06:00,A,71,5.0       ,305.4,37.4
12.544,105.833,323.7,1.8,1.3,2016-02-17, 06:00,A,29,5.0       ,304.7,18.1
12.475,105.409,328.9,1.9,1.4,2016-02-17, 06:00,A,82,5.0       ,305.5,46
12.472,105.391,323.6,2,1.4,2016-02-17, 06:00,A,59,5.0       ,306.2,25.6
12.556,105.831,332.8,1.8,1.3,2016-02-17, 06:00,A,85,5.0       ,308.3,47.2
12.487,105.407,331.3,1.9,1.4,2016-02-17, 06:00,A,84,5.0       ,304.5,53.5
12.484,105.389,330.6,2,1.4,2016-02-17, 06:00,A,83,5.0       ,305.8,48.6
12.554,105.841,327.3,1.8,1.3,2016-02-17, 06:00,A,63,5.0       ,306.9,25.4
12.551,105.825,327.4,1.8,1.3,2016-02-17, 06:00,A,54,5.0       ,307.3,27.1
12.479,105.401,347.1,1.9,1.4,2016-02-17, 06:00,A,94,5.0       ,306.2,130.2
12.476,105.384,324.7,2,1.4,2016-02-17, 06:00,A,69,5.0       ,306.4,28.3
12.588,105.683,330.1,1.8,1.3,2016-02-17, 06:00,A,71,5.0       ,307.9,37.9
12.309,104.018,347,2.5,1.5,2016-02-17, 06:00,A,94,5.0       ,306,186.9
12.6,105.681,331.7,1.8,1.3,2016-02-17, 06:00,A,72,5.0       ,306.9,44.8
12.597,105.664,331,1.9,1.3,2016-02-17, 06:00,A,63,5.0       ,307.8,40.8
12.592,105.63,326.7,1.9,1.3,2016-02-17, 06:00,A,23,5.0       ,306.7,26.4
12.552,105.389,322.1,1.9,1.4,2016-02-17, 06:00,A,60,5.0       ,305.9,23.3
12.322,104.015,325.9,2.5,1.5,2016-02-17, 06:00,A,79,5.0       ,305,45.7
12.644,105.875,375.3,1.8,1.3,2016-02-17, 06:00,A,100,5.0       ,312.5,291
12.641,105.859,332.8,1.8,1.3,2016-02-17, 06:00,A,85,5.0       ,308.4,43.9
12.604,105.628,341.7,1.9,1.3,2016-02-17, 06:00,A,91,5.0       ,306.4,87.2
12.598,105.594,324.5,1.9,1.3,2016-02-17, 06:00,A,47,5.0       ,306.7,26.5
12.658,105.889,331.5,1.8,1.3,2016-02-17, 06:00,A,84,5.0       ,308.6,36.7
12.655,105.873,357.4,1.8,1.3,2016-02-17, 06:00,A,98,5.0       ,310.5,158.8
12.642,105.887,334.6,1.8,1.3,2016-02-17, 06:00,A,86,5.0       ,309.7,48.4
12.639,105.871,355.7,1.8,1.3,2016-02-17, 06:00,A,98,5.0       ,310.5,148.8
12.6,105.64,332.8,1.9,1.3,2016-02-17, 06:00,A,85,5.0       ,307,49.6
12.597,105.624,334.6,1.9,1.3,2016-02-17, 06:00,A,85,5.0       ,307.1,56.6
12.319,104.034,333.8,2.5,1.5,2016-02-17, 06:00,A,86,5.0       ,305.6,87.5
12.315,104.011,338.3,2.5,1.5,2016-02-17, 06:00,A,89,5.0       ,306.1,117.7
12.653,105.885,351.2,1.8,1.3,2016-02-17, 06:00,A,96,5.0       ,310.2,123.2
12.65,105.869,353,1.8,1.3,2016-02-17, 06:00,A,97,5.0       ,310.7,132.8
12.606,105.605,323.6,1.9,1.3,2016-02-17, 06:00,A,42,5.0       ,306.2,22.3
12.648,105.786,333.3,1.8,1.3,2016-02-17, 06:00,A,76,5.0       ,309.6,51
12.682,105.913,330,1.8,1.3,2016-02-17, 06:00,A,83,5.0       ,308.3,31.6
12.679,105.897,340.5,1.8,1.3,2016-02-17, 06:00,A,90,5.0       ,308.6,72.5
12.49,104.7,322.4,2.2,1.4,2016-02-17, 06:00,A,68,5.0       ,301.9,36.2
12.662,105.647,344.1,1.9,1.3,2016-02-17, 06:00,A,92,5.0       ,302.5,102
12.607,105.319,337.8,2,1.4,2016-02-17, 06:00,A,88,5.0       ,305.6,86.4
12.509,104.738,326,2.2,1.4,2016-02-17, 06:00,A,76,5.0       ,300.5,50.6
12.506,104.718,321.6,2.2,1.4,2016-02-17, 06:00,A,54,5.0       ,301.2,33.8
12.502,104.698,328,2.2,1.4,2016-02-17, 06:00,A,81,5.0       ,300.3,61.5
16.378,100.508,327.9,3.8,1.8,2016-02-17, 06:05,A,81,5.0       ,302.9,122.7
16.371,100.473,323.4,3.9,1.8,2016-02-17, 06:05,A,66,5.0       ,302.9,84.5
16.369,100.503,332.2,3.8,1.8,2016-02-17, 06:05,A,84,5.0       ,303.1,166.4
17.181,104.55,322.4,1.8,1.3,2016-02-17, 06:05,A,75,5.0       ,302.5,33.7
17.192,104.477,320.2,1.9,1.3,2016-02-17, 06:05,A,72,5.0       ,301.8,27.8
17.337,105.261,310.8,1.6,1.3,2016-02-17, 06:05,A,43,5.0       ,299.4,16.9
17.339,105.271,311.4,1.6,1.3,2016-02-17, 06:05,A,35,5.0       ,298.8,17.9
17.345,105.177,314.7,1.6,1.3,2016-02-17, 06:05,A,62,5.0       ,299.4,26.2
17.26,104.685,316.9,1.8,1.3,2016-02-17, 06:05,A,67,5.0       ,302.1,18.1
17.257,104.669,318.2,1.8,1.3,2016-02-17, 06:05,A,69,5.0       ,303.2,21.2
17.28,104.526,321.9,1.8,1.3,2016-02-17, 06:05,A,75,5.0       ,303,31.8
17.744,104.149,318.1,1.9,1.4,2016-02-17, 06:05,A,69,5.0       ,300.1,33.3
17.528,102.641,316.1,2.5,1.5,2016-02-17, 06:05,A,65,5.0       ,300.3,26.9
17.535,102.633,315.6,2.5,1.5,2016-02-17, 06:05,A,64,5.0       ,300.3,26.3
17.748,103.5,316.5,2.1,1.4,2016-02-17, 06:05,A,66,5.0       ,300.9,22
17.744,103.481,316.8,2.2,1.4,2016-02-17, 06:05,A,67,5.0       ,301.1,24.2
17.765,103.087,312.9,2.3,1.5,2016-02-17, 06:05,A,52,5.0       ,298.2,22.7
17.871,103.233,321.4,2.2,1.4,2016-02-17, 06:05,A,74,5.0       ,300,46.7
17.867,103.212,314.8,2.2,1.5,2016-02-17, 06:05,A,62,5.0       ,299.9,21.7
19.865,98.943,317.2,4.2,1.9,2016-02-17, 06:05,A,36,5.0       ,305.2,109.4
19.952,98.749,313.5,4.3,1.9,2016-02-17, 06:05,A,51,5.0       ,301.1,79.3
20.577,100.067,310.8,3.4,1.7,2016-02-17, 06:05,A,31,5.0       ,297.4,47.9
20.742,99.728,311.2,3.6,1.8,2016-02-17, 06:05,A,47,5.0       ,295.7,67.8
20.735,99.726,312.4,3.6,1.8,2016-02-17, 06:05,A,54,5.0       ,295.6,75.7
22.465,108.987,323.1,1,1,2016-02-17, 06:05,A,76,5.0       ,291.1,26.7
22.463,108.977,328.4,1,1,2016-02-17, 06:05,A,81,5.0       ,291.4,33.9
22.819,109.612,315,1,1,2016-02-17, 06:05,A,63,5.0       ,291.3,18.2
21.441,100.777,330.1,2.9,1.6,2016-02-17, 06:05,A,83,5.0       ,296.3,153.6
21.435,100.749,345.5,2.9,1.6,2016-02-17, 06:05,A,93,5.0       ,298.5,277.4
21.443,100.77,341.7,2.9,1.6,2016-02-17, 06:05,A,91,5.0       ,297.1,241.9
21.437,100.738,332.3,2.9,1.6,2016-02-17, 06:05,A,85,5.0       ,298.1,166.1
23.182,111.376,310.7,1.2,1.1,2016-02-17, 06:05,A,37,5.0       ,287.9,17.1
23.181,111.364,318.4,1.2,1.1,2016-02-17, 06:05,A,70,5.0       ,290.9,27.5
21.06,98.051,310.7,4.6,2,2016-02-17, 06:05,A,39,5.0       ,298.9,57.2
21.656,100.296,317.2,3.1,1.7,2016-02-17, 06:05,A,67,5.0       ,295.5,87
23.51,109.89,316.2,1,1,2016-02-17, 06:05,A,65,5.0       ,288,22.2
23.799,111.516,310.9,1.2,1.1,2016-02-17, 06:05,A,44,5.0       ,289.8,17
23.557,109.431,316,1,1,2016-02-17, 06:05,A,65,5.0       ,289.4,19.7
23.949,111.409,316.6,1.2,1.1,2016-02-17, 06:05,A,66,5.0       ,290.7,26.4
23.908,110.609,318.9,1.1,1,2016-02-17, 06:05,A,70,5.0       ,289.6,26.4
23.907,110.598,330.1,1.1,1,2016-02-17, 06:05,A,83,5.0       ,290.8,43.6
24.07,111.492,358.5,1.2,1.1,2016-02-17, 06:05,A,99,5.0       ,291.3,124.3
24.069,111.48,332.7,1.2,1.1,2016-02-17, 06:05,A,85,5.0       ,290.1,54.3
24.074,111.497,327,1.2,1.1,2016-02-17, 06:05,A,80,5.0       ,288.6,43.5
24.072,111.484,341.5,1.2,1.1,2016-02-17, 06:05,A,91,5.0       ,291.3,74.4
23.713,108.699,343.2,1,1,2016-02-17, 06:05,A,92,5.0       ,293.2,56.9
23.711,108.689,311.6,1,1,2016-02-17, 06:05,A,50,5.0       ,292.2,12.2
24.247,112.7,326.3,1.4,1.2,2016-02-17, 06:05,A,79,5.0       ,290.8,51
24.104,111.338,317.5,1.2,1.1,2016-02-17, 06:05,A,68,5.0       ,290.2,27.4
24.153,111.326,318.6,1.2,1.1,2016-02-17, 06:05,A,70,5.0       ,288.7,28.5
24.294,112.146,310.8,1.3,1.1,2016-02-17, 06:05,A,44,5.0       ,290.3,19.2
24.504,113.878,323.6,1.7,1.3,2016-02-17, 06:05,A,77,5.0       ,286.6,63.1
24.502,113.862,341.1,1.7,1.3,2016-02-17, 06:05,A,90,5.0       ,291.8,121.9
24.33,112.363,328.2,1.4,1.2,2016-02-17, 06:05,A,81,5.0       ,292.4,55.3
24.402,112.554,329.6,1.4,1.2,2016-02-17, 06:05,A,82,5.0       ,290.7,56.6
24.176,110.472,312.9,1.1,1,2016-02-17, 06:05,A,56,5.0       ,290.6,18.9
22.515,100.422,311.5,2.9,1.6,2016-02-17, 06:05,A,49,5.0       ,296.1,53.3
24.56,112.581,313,1.4,1.2,2016-02-17, 06:05,A,57,5.0       ,290.8,24.3
24.676,113.364,314.9,1.6,1.2,2016-02-17, 06:05,A,62,5.0       ,289.7,35.1
24.647,113.101,310.4,1.5,1.2,2016-02-17, 06:05,A,37,5.0       ,288.9,26
24.604,112.348,325.2,1.4,1.2,2016-02-17, 06:05,A,78,5.0       ,291.2,44.7
24.813,113.484,321,1.6,1.3,2016-02-17, 06:05,A,73,5.0       ,292.5,50.8
24.458,110.112,323.3,1.1,1,2016-02-17, 06:05,A,76,5.0       ,289.7,31.3
24.379,109.381,311.6,1,1,2016-02-17, 06:05,A,45,5.0       ,297.4,9.2
24.697,111.368,311,1.2,1.1,2016-02-17, 06:05,A,39,5.0       ,293.5,15.2
24.549,110.226,319.3,1.1,1,2016-02-17, 06:05,A,71,5.0       ,289,26.4
22.354,97.546,314.9,4.7,2,2016-02-17, 06:05,A,47,5.0       ,301.3,68.5
24.697,111.362,317.8,1.2,1.1,2016-02-17, 06:05,A,68,5.0       ,293.1,25.5
22.353,97.542,315.5,4.7,2,2016-02-17, 06:05,A,58,5.0       ,301.4,79.5
23.398,102.61,333.1,1.9,1.4,2016-02-17, 06:05,A,85,5.0       ,293.9,102.4
23.395,102.59,337.2,1.9,1.4,2016-02-17, 06:05,A,88,5.0       ,295.6,120.8
23.538,102.792,310.5,1.9,1.3,2016-02-17, 06:05,A,36,5.0       ,298.2,15.5
25.133,113.687,312.7,1.7,1.3,2016-02-17, 06:05,A,55,5.0       ,287.8,34.7
25.131,113.67,354.2,1.7,1.3,2016-02-17, 06:05,A,97,5.0       ,291.7,180.3
25.11,113.378,315.6,1.6,1.2,2016-02-17, 06:05,A,64,5.0       ,291.7,31.6
25.028,112.572,314.2,1.4,1.2,2016-02-17, 06:05,A,61,5.0       ,293.6,22.7
25.031,112.565,310.5,1.4,1.2,2016-02-17, 06:05,A,39,5.0       ,292.1,17.7
25.02,112.465,311.4,1.4,1.2,2016-02-17, 06:05,A,49,5.0       ,287.5,25.3
25.019,112.452,313.3,1.4,1.2,2016-02-17, 06:05,A,57,5.0       ,288.8,29.1
23.413,101.772,310.3,2.2,1.4,2016-02-17, 06:05,A,34,5.0       ,294,32.2
23.409,101.751,312.8,2.2,1.4,2016-02-17, 06:05,A,56,5.0       ,294.7,40.4
23.69,103.061,312,1.8,1.3,2016-02-17, 06:05,A,52,5.0       ,299.2,16
23.456,101.788,318.6,2.2,1.4,2016-02-17, 06:05,A,70,5.0       ,295.4,56.8
27.599,111.571,318.3,1.3,1.1,2016-02-17, 06:05,A,69,5.0       ,288.8,33.6
27.652,111.516,310.4,1.3,1.1,2016-02-17, 06:05,A,38,5.0       ,288.4,17.6
27.768,111.792,315.1,1.4,1.2,2016-02-17, 06:05,A,63,5.0       ,292.2,25.3
26.504,102.175,316.7,1.8,1.3,2016-02-17, 06:05,A,46,5.0       ,294.5,32.7
26.319,100.963,318.4,2.2,1.4,2016-02-17, 06:05,A,61,5.0       ,292,54.9
26.314,100.938,321.5,2.2,1.4,2016-02-17, 06:05,A,62,5.0       ,296.1,65.8
28.344,114.741,315.9,2.2,1.4,2016-02-17, 06:05,A,65,5.0       ,288.1,64.6
26.345,100.827,322.8,2.2,1.4,2016-02-17, 06:05,A,76,5.0       ,291.6,84.3
26.344,100.823,323.2,2.2,1.4,2016-02-17, 06:05,A,76,5.0       ,291.1,89.1
28.875,112.798,321.3,1.7,1.3,2016-02-17, 06:05,A,74,5.0       ,289.7,49.6
28.874,112.81,312.8,1.7,1.3,2016-02-17, 06:05,A,22,5.0       ,289.2,27.4
28.872,112.793,312.9,1.7,1.3,2016-02-17, 06:05,A,43,5.0       ,290,28.2
28.888,112.506,316.5,1.6,1.2,2016-02-17, 06:05,A,66,5.0       ,289.5,34.5
29.143,114.293,312.3,2.1,1.4,2016-02-17, 06:05,A,54,5.0       ,287.7,50.8
28.964,112.246,312.6,1.5,1.2,2016-02-17, 06:05,A,48,5.0       ,290.9,26.6
28.962,112.231,312.1,1.5,1.2,2016-02-17, 06:05,A,40,5.0       ,292.3,25.2
29.163,113.186,314.4,1.8,1.3,2016-02-17, 06:05,A,49,5.0       ,278,35.5
29.129,112.85,365.1,1.7,1.3,2016-02-17, 06:05,A,94,5.0       ,289.1,225.9
29.127,112.833,336.2,1.7,1.3,2016-02-17, 06:05,A,65,5.0       ,287.4,82.4
29.14,112.849,320.3,1.7,1.3,2016-02-17, 06:05,A,61,5.0       ,283.3,34.9
29.13,112.746,326.4,1.7,1.3,2016-02-17, 06:05,A,80,5.0       ,288.7,66.1
29.214,113.009,315,1.7,1.3,2016-02-17, 06:05,A,0,5.0       ,275.4,35.4
29.549,115.547,315.1,2.6,1.6,2016-02-17, 06:05,A,63,5.0       ,285.8,79
13.858,104.862,325.7,2,1.4,2016-02-17, 06:00,A,79,5.0       ,308.3,27.9
13.864,104.873,331.8,2,1.4,2016-02-17, 06:00,A,84,5.0       ,308.1,53.4
13.97,105.272,331,1.9,1.3,2016-02-17, 06:00,A,75,5.0       ,309.3,50.1
13.776,104.146,320,2.3,1.5,2016-02-17, 06:00,A,49,5.0       ,302.4,14.3
13.832,104.388,327.2,2.2,1.4,2016-02-17, 06:00,A,80,5.0       ,305.8,44.7
13.828,104.368,333.6,2.2,1.4,2016-02-17, 06:00,A,86,5.0       ,305,74.5
13.578,102.603,322.5,3,1.7,2016-02-17, 06:00,A,66,5.0       ,303.5,43.9
14.457,107.818,317.4,1.2,1.1,2016-02-17, 06:00,A,33,5.0       ,302.8,11.2
14.059,105.036,321.8,1.9,1.4,2016-02-17, 06:00,A,35,5.0       ,304.5,24.6
13.942,104.342,326,2.2,1.4,2016-02-17, 06:00,A,79,5.0       ,305.5,36.3
14.08,105.014,333.6,1.9,1.4,2016-02-17, 06:00,A,86,5.0       ,306.3,62
13.957,104.277,324.1,2.2,1.4,2016-02-17, 06:00,A,37,5.0       ,306,31.1
13.941,104.335,324.1,2.2,1.4,2016-02-17, 06:00,A,77,5.0       ,305.8,27.4
14.072,105.009,329.2,1.9,1.4,2016-02-17, 06:00,A,79,5.0       ,305.6,44.9
14.084,105.007,326.7,1.9,1.4,2016-02-17, 06:00,A,71,5.0       ,306.5,33.2
13.956,104.27,322.7,2.2,1.4,2016-02-17, 06:00,A,24,5.0       ,305.5,28.8
14.311,106.21,324.8,1.6,1.2,2016-02-17, 06:00,A,64,5.0       ,308.9,26
13.994,104.263,323.3,2.2,1.4,2016-02-17, 06:00,A,55,5.0       ,303.8,39.9
13.991,104.243,328.9,2.2,1.4,2016-02-17, 06:00,A,74,5.0       ,302.7,69.7
14.127,104.889,327,2,1.4,2016-02-17, 06:00,A,80,5.0       ,305.5,32.6
14.051,104.438,323,2.2,1.4,2016-02-17, 06:00,A,45,5.0       ,303.7,40.5
13.967,103.946,332.2,2.4,1.5,2016-02-17, 06:00,A,85,5.0       ,304,80.2
13.963,103.925,320.8,2.4,1.5,2016-02-17, 06:00,A,73,5.0       ,303.6,22.4
14.195,105.22,328.8,1.9,1.3,2016-02-17, 06:00,A,67,5.0       ,304.9,50.5
14.192,105.203,328.5,1.9,1.3,2016-02-17, 06:00,A,79,5.0       ,304.7,44.6
14.053,104.376,320.8,2.2,1.4,2016-02-17, 06:00,A,38,5.0       ,304.1,20.4
13.982,103.877,321.6,2.4,1.5,2016-02-17, 06:00,A,42,5.0       ,304.5,26.4
29.578,114.964,324.7,2.4,1.5,2016-02-17, 06:05,A,78,5.0       ,287,104.4
29.333,112.186,313.1,1.5,1.2,2016-02-17, 06:05,A,57,5.0       ,289.3,26.4
29.687,112.971,313,1.7,1.3,2016-02-17, 06:05,A,56,5.0       ,291.1,32.1
29.695,112.933,327,1.7,1.3,2016-02-17, 06:05,A,80,5.0       ,291,67
29.704,112.925,314,1.7,1.3,2016-02-17, 06:05,A,44,5.0       ,289.3,32.2
29.137,100.92,354.3,1.9,1.3,2016-02-17, 06:05,A,97,5.0       ,287,217.2
29.133,100.898,316.2,1.9,1.4,2016-02-17, 06:05,A,65,5.0       ,286.7,52.3
29.156,100.954,354.8,1.9,1.3,2016-02-17, 06:05,A,97,5.0       ,285.5,219.1
29.152,100.935,379.2,1.9,1.3,2016-02-17, 06:05,A,100,5.0       ,293.7,410.8
29.149,100.915,325.5,1.9,1.3,2016-02-17, 06:05,A,70,5.0       ,292.1,75.9
29.168,100.95,337.8,1.9,1.3,2016-02-17, 06:05,A,88,5.0       ,285.4,125.8
29.164,100.932,360.7,1.9,1.3,2016-02-17, 06:05,A,100,5.0       ,295.5,251.2
29.142,100.913,316.6,1.9,1.3,2016-02-17, 06:05,A,26,5.0       ,288.1,47.5
29.161,100.947,382,1.9,1.3,2016-02-17, 06:05,A,100,5.0       ,289.1,435.7
29.157,100.928,376.9,1.9,1.3,2016-02-17, 06:05,A,100,5.0       ,297.6,382.9
29.172,100.943,373.1,1.9,1.3,2016-02-17, 06:05,A,100,5.0       ,287,351.5
29.169,100.925,401.2,1.9,1.3,2016-02-17, 06:05,A,100,5.0       ,298.9,681.9
29.18,100.921,318.8,1.9,1.3,2016-02-17, 06:05,A,70,5.0       ,287.6,60.5
29.744,101.802,310.5,1.6,1.3,2016-02-17, 06:05,A,17,5.0       ,291.6,30.6
16.095,95.401,320.3,3.8,1.8,2016-02-17, 07:40,A,53,5.0       ,304.4,67.7
16.266,94.439,321.2,3.2,1.7,2016-02-17, 07:40,A,74,5.0       ,304.9,64
16.263,94.409,316.8,3.2,1.7,2016-02-17, 07:40,A,61,5.0       ,304.4,37.7
18.522,95.76,323.8,4.4,1.9,2016-02-17, 07:40,A,75,5.0       ,304.7,115.1
18.491,95.8,319.3,4.4,1.9,2016-02-17, 07:40,A,32,5.0       ,304,65.9
18.522,95.755,322,4.4,1.9,2016-02-17, 07:40,A,65,5.0       ,304.8,94.9
18.815,95.424,321.8,4.2,1.9,2016-02-17, 07:40,A,63,5.0       ,308.7,67.8
18.854,95.068,328.6,3.9,1.8,2016-02-17, 07:40,A,82,5.0       ,308.8,124.1
19.258,95.003,319.5,3.9,1.8,2016-02-17, 07:40,A,71,5.0       ,306.3,51.6
19.753,95.065,320.7,4,1.9,2016-02-17, 07:40,A,73,5.0       ,306.6,63.2
19.848,94.669,320.3,3.8,1.8,2016-02-17, 07:40,A,72,5.0       ,306.7,55.2
23.551,95.481,316.7,4.8,2,2016-02-17, 07:45,A,66,5.0       ,298.5,111.5
23.551,95.473,316.5,4.8,2,2016-02-17, 07:45,A,58,5.0       ,298.6,105.4
23.129,89.591,312.8,1.8,1.3,2016-02-17, 07:45,A,39,5.0       ,297.9,17.4
23.592,93.701,312.8,3.6,1.8,2016-02-17, 07:45,A,56,5.0       ,296.7,64.7
23.687,93.754,310.9,3.6,1.8,2016-02-17, 07:45,A,35,5.0       ,295.8,58.4
23.685,93.725,316,3.6,1.8,2016-02-17, 07:45,A,65,5.0       ,296.4,86.7
23.746,93.689,311.4,3.6,1.8,2016-02-17, 07:45,A,32,5.0       ,296.5,59.2
23.695,93.746,313.5,3.6,1.8,2016-02-17, 07:45,A,25,5.0       ,295.2,71.6
23.693,93.722,314.5,3.6,1.8,2016-02-17, 07:45,A,41,5.0       ,296.5,73.3
23.971,92.359,314.1,2.9,1.6,2016-02-17, 07:45,A,60,5.0       ,286.6,70.1
23.971,92.355,311.7,2.9,1.6,2016-02-17, 07:45,A,50,5.0       ,286.1,58.4
25.341,94.776,332.5,4.5,1.9,2016-02-17, 07:45,A,85,5.0       ,293.1,320.7
25.347,94.816,314.2,4.5,2,2016-02-17, 07:45,A,61,5.0       ,290.6,129.6
25.344,94.769,327.3,4.5,1.9,2016-02-17, 07:45,A,80,5.0       ,291.8,259.2
27.292,90.05,323.9,2.2,1.4,2016-02-17, 07:45,A,75,5.0       ,288.8,76.6
27.292,90.038,320.4,2.2,1.4,2016-02-17, 07:45,A,68,5.0       ,289,70.4
27.336,89.549,318,2,1.4,2016-02-17, 07:45,A,38,5.0       ,296.1,45.8
12.781,121.081,321.3,2.4,1.5,2016-02-17, 13:50,T,100,5.0       ,289.8,96.6
12.778,121.064,319.5,2.4,1.5,2016-02-17, 13:50,T,98,5.0       ,288.4,87.8
12.767,121.083,308.7,2.4,1.5,2016-02-17, 13:50,T,62,5.0       ,290,50.3
12.764,121.065,309.1,2.4,1.5,2016-02-17, 13:50,T,64,5.0       ,288.7,51
14.419,98.832,309,1.5,1.2,2016-02-17, 15:25,T,64,5.0       ,294.6,17.3
14.806,100.776,306.7,1.1,1.1,2016-02-17, 15:25,T,48,5.0       ,296,9.2
15.211,103.021,306.5,1,1,2016-02-17, 15:25,T,46,5.0       ,292.7,11.1
14.846,99.969,314.8,1.2,1.1,2016-02-17, 15:25,T,86,5.0       ,295.1,23.7
15.313,101.2,312.6,1.1,1,2016-02-17, 15:25,T,79,5.0       ,295.8,15.3
15.576,99.596,308.8,1.3,1.1,2016-02-17, 15:30,T,63,5.0       ,295.9,14.5
16.475,103.182,320.9,1,1,2016-02-17, 15:30,T,100,5.0       ,292.3,27.2
16.799,104.885,318.5,1.1,1.1,2016-02-17, 15:30,T,96,5.0       ,290.5,29.8
16.304,100.064,310.3,1.2,1.1,2016-02-17, 15:30,T,70,5.0       ,294.5,16.7
16.69,101.975,305.6,1,1,2016-02-17, 15:30,T,34,5.0       ,291.9,10.4
16.689,101.966,312.1,1,1,2016-02-17, 15:30,T,77,5.0       ,291.9,16.5
16.4,99.625,305.3,1.2,1.1,2016-02-17, 15:30,T,25,5.0       ,294.9,10.8
16.563,99.804,306.3,1.2,1.1,2016-02-17, 15:30,T,44,5.0       ,294.4,12.2
16.561,99.793,322.8,1.2,1.1,2016-02-17, 15:30,T,100,5.0       ,294.9,35.2
16.924,101.872,329.1,1,1,2016-02-17, 15:30,T,100,5.0       ,291.9,37.2
17.461,103.127,308,1,1,2016-02-17, 15:30,T,58,5.0       ,291.8,12.8
17.816,98.662,306.8,1.3,1.1,2016-02-17, 15:30,T,49,5.0       ,295.4,12.7
18.866,97.458,305.4,1.5,1.2,2016-02-17, 15:30,T,30,5.0       ,295.4,13.8
19.847,97.796,307,1.4,1.2,2016-02-17, 15:30,T,51,5.0       ,294.8,15.5
20.545,100.058,318.1,1.1,1,2016-02-17, 15:30,T,95,5.0       ,292.4,25.1
20.543,100.048,310.1,1.1,1,2016-02-17, 15:30,T,69,5.0       ,292.9,15.5
19.761,95.071,306.9,2.2,1.4,2016-02-17, 15:30,T,50,5.0       ,295.7,27.9
20.236,94.42,308.8,2.4,1.5,2016-02-17, 15:30,T,63,5.0       ,296.9,35.4
21.643,102.111,313,1,1,2016-02-17, 15:30,T,81,5.0       ,286,22
21.592,99.604,311.8,1.1,1,2016-02-17, 15:30,T,76,5.0       ,285.6,20.6
23.001,100.461,309.5,1,1,2016-02-17, 15:30,T,66,5.0       ,288.5,15.9
23.474,101.779,307.7,1,1,2016-02-17, 15:30,T,56,5.0       ,283.9,17
24.45,110.109,311.7,3.3,1.7,2016-02-17, 15:30,T,76,5.0       ,278.3,125
24.462,110.104,308.7,3.3,1.7,2016-02-17, 15:30,T,62,5.0       ,278.4,107.7
23.785,102.105,305.3,1,1,2016-02-17, 15:30,T,27,5.0       ,286,14.1
23.959,102.032,308.8,1,1,2016-02-17, 15:30,T,63,5.0       ,282,18.6
24.248,101.727,315.1,1,1,2016-02-17, 15:30,T,87,5.0       ,284.6,24.4
24.363,102.232,305.2,1,1,2016-02-17, 15:30,T,23,5.0       ,284.9,14.4
24.257,101.454,305.2,1,1,2016-02-17, 15:30,T,24,5.0       ,282.6,14.4
24.369,102.079,324.7,1,1,2016-02-17, 15:30,T,100,5.0       ,285.2,37.3
24.412,102.187,313.4,1,1,2016-02-17, 15:30,T,82,5.0       ,284.3,22.2
24.302,99.594,310.4,1,1,2016-02-17, 15:30,T,71,5.0       ,286,18.5
26.503,102.177,328.2,1.1,1,2016-02-17, 15:30,T,100,5.0       ,287.1,44
26.35,100.827,306.2,1,1,2016-02-17, 15:30,T,43,5.0       ,278.5,17.7
26.006,98.429,306.9,1.1,1,2016-02-17, 15:30,T,49,5.0       ,281,19.2
26.551,100.611,314.5,1,1,2016-02-17, 15:30,T,85,5.0       ,284.2,22.5
26.764,99.721,319,1,1,2016-02-17, 15:30,T,97,5.0       ,282.3,30.6
26.772,99.719,320.2,1,1,2016-02-17, 15:30,T,100,5.0       ,279.2,32.2
27.729,102.212,312.8,1.1,1.1,2016-02-17, 15:30,T,80,5.0       ,280.6,26.6
29.187,100.931,320.3,1,1,2016-02-17, 15:30,T,100,5.0       ,272.4,37.1
29.186,100.921,320.4,1,1,2016-02-17, 15:30,T,100,5.0       ,272.5,37.4
1.381,102.463,305.3,1.3,1.1,2016-02-17, 15:25,T,26,5.0       ,294.8,9.2
1.39,102.467,306.3,1.3,1.1,2016-02-17, 15:25,T,44,5.0       ,295,9.9
3.325,102.213,307,1.3,1.1,2016-02-17, 15:25,T,50,5.0       ,293.3,14.2
8.557,99.396,305.6,1.7,1.3,2016-02-17, 15:25,T,34,5.0       ,294.3,14.3
10.989,103.179,307.2,1,1,2016-02-17, 15:25,T,52,5.0       ,294.4,9.2
11.393,104.21,334.5,1,1,2016-02-17, 15:25,T,100,5.0       ,298.1,43.7
11.403,104.212,349.6,1,1,2016-02-17, 15:25,T,100,5.0       ,296.1,73.2
11.402,104.203,339.5,1,1,2016-02-17, 15:25,T,100,5.0       ,295.6,52.5
11.593,105.382,308.4,1.1,1,2016-02-17, 15:25,T,60,5.0       ,295.5,11.5
11.537,104.186,315.9,1,1,2016-02-17, 15:25,T,89,5.0       ,294.1,19.3
11.628,103.915,311.8,1,1,2016-02-17, 15:25,T,76,5.0       ,295.2,13.2
12.09,106.975,307.1,1.3,1.1,2016-02-17, 15:25,T,52,5.0       ,294,15.2
11.762,104.144,308.1,1,1,2016-02-17, 15:25,T,59,5.0       ,293.8,11.1
12.106,106.552,310,1.2,1.1,2016-02-17, 15:25,T,69,5.0       ,295.7,15.9
12.166,106.625,317.7,1.3,1.1,2016-02-17, 15:25,T,94,5.0       ,295.5,27.2
12.133,106.233,309.9,1.2,1.1,2016-02-17, 15:25,T,69,5.0       ,296.1,13.6
12.148,106.17,314.1,1.2,1.1,2016-02-17, 15:25,T,84,5.0       ,296.6,17.3
12.239,106.715,324.4,1.3,1.1,2016-02-17, 15:25,T,100,5.0       ,296,37.7
12.23,106.645,308.2,1.3,1.1,2016-02-17, 15:25,T,56,5.0       ,295.7,12.6
12.268,106.782,310.9,1.3,1.1,2016-02-17, 15:25,T,73,5.0       ,295.2,18
12.262,106.735,307.6,1.3,1.1,2016-02-17, 15:25,T,37,5.0       ,294.9,12.3
12.259,106.712,330.2,1.3,1.1,2016-02-17, 15:25,T,100,5.0       ,296.7,47.9
12.258,106.7,305.2,1.3,1.1,2016-02-17, 15:25,T,10,5.0       ,295,8.2
12.245,106.139,311.4,1.2,1.1,2016-02-17, 15:25,T,75,5.0       ,296.4,15.9
12.524,107.33,311.1,1.4,1.2,2016-02-17, 15:25,T,73,5.0       ,291.8,25.1
12.423,105.874,313.2,1.2,1.1,2016-02-17, 15:25,T,81,5.0       ,297.4,16.9
12.067,103.247,314.2,1,1,2016-02-17, 15:25,T,84,5.0       ,292.2,18.9
12.543,105.835,307,1.1,1.1,2016-02-17, 15:25,T,28,5.0       ,296.9,8.6
12.561,105.61,306,1.1,1.1,2016-02-17, 15:25,T,40,5.0       ,295.3,10.2
12.599,105.678,307.2,1.1,1.1,2016-02-17, 15:25,T,52,5.0       ,295.6,10.8
12.603,105.636,306.2,1.1,1.1,2016-02-17, 15:25,T,36,5.0       ,295,9.3
12.607,105.629,307.6,1.1,1.1,2016-02-17, 15:25,T,55,5.0       ,295.2,11.8
12.65,105.878,313.2,1.2,1.1,2016-02-17, 15:25,T,81,5.0       ,298.1,16.6
12.659,105.876,310.3,1.2,1.1,2016-02-17, 15:25,T,70,5.0       ,297.6,12.2
12.683,105.905,320.1,1.2,1.1,2016-02-17, 15:25,T,100,5.0       ,298.1,25.9
12.325,102.994,312.6,1,1,2016-02-17, 15:25,T,79,5.0       ,292.6,16.2
12.35,103.04,308.1,1,1,2016-02-17, 15:25,T,59,5.0       ,294.2,11.4
12.814,105.837,318,1.2,1.1,2016-02-17, 15:25,T,95,5.0       ,296.9,23.3
12.819,105.842,307.1,1.2,1.1,2016-02-17, 15:25,T,52,5.0       ,296.3,10.3
12.817,105.831,312.3,1.2,1.1,2016-02-17, 15:25,T,78,5.0       ,296.4,16.3
12.788,105.322,320.5,1.1,1,2016-02-17, 15:25,T,100,5.0       ,295,27
12.787,105.313,308.3,1.1,1,2016-02-17, 15:25,T,60,5.0       ,294.6,12.5
12.847,105.614,306.9,1.1,1.1,2016-02-17, 15:25,T,37,5.0       ,295.8,8.6
12.845,105.458,309,1.1,1.1,2016-02-17, 15:25,T,64,5.0       ,294.2,12.9
12.844,105.448,313.9,1.1,1.1,2016-02-17, 15:25,T,83,5.0       ,294.3,18.7
12.901,105.621,325.3,1.1,1.1,2016-02-17, 15:25,T,100,5.0       ,298.9,31.7
12.91,105.62,308.6,1.1,1.1,2016-02-17, 15:25,T,62,5.0       ,298,9.1
12.965,105.956,308.9,1.2,1.1,2016-02-17, 15:25,T,63,5.0       ,297.2,11.4
13.217,106.559,353.3,1.3,1.1,2016-02-17, 15:25,T,100,5.0       ,298.5,114
13.216,106.547,367.4,1.3,1.1,2016-02-17, 15:25,T,100,5.0       ,299.7,169.6
13.298,106.319,306,1.2,1.1,2016-02-17, 15:25,T,39,5.0       ,295.7,10
13.336,106.302,305.6,1.2,1.1,2016-02-17, 15:25,T,10,5.0       ,295.5,8
13.335,106.29,317.1,1.2,1.1,2016-02-17, 15:25,T,93,5.0       ,295.9,24.2
13.336,106.295,316.1,1.2,1.1,2016-02-17, 15:25,T,90,5.0       ,295.7,21.7
13.349,106.316,307,1.2,1.1,2016-02-17, 15:25,T,33,5.0       ,295.4,9.3
13.36,106.326,310.8,1.2,1.1,2016-02-17, 15:25,T,50,5.0       ,296,14.1
13.359,106.315,316.5,1.2,1.1,2016-02-17, 15:25,T,91,5.0       ,296.3,22.5
13.574,107.842,306.9,1.6,1.2,2016-02-17, 15:25,T,49,5.0       ,292.8,20.7
13.352,106.11,306.7,1.2,1.1,2016-02-17, 15:25,T,48,5.0       ,296,11.1
13.239,105.115,306.9,1.1,1,2016-02-17, 15:25,T,50,5.0       ,294.6,11.1
13.582,107.554,305.3,1.5,1.2,2016-02-17, 15:25,T,28,5.0       ,293.7,15
13.422,106.33,308.7,1.2,1.1,2016-02-17, 15:25,T,62,5.0       ,295.9,13.8
13.619,106.36,311.8,1.3,1.1,2016-02-17, 15:25,T,76,5.0       ,296,17.2
13.618,106.349,319.8,1.3,1.1,2016-02-17, 15:25,T,99,5.0       ,296.1,29.2
13.619,106.355,322.5,1.3,1.1,2016-02-17, 15:25,T,100,5.0       ,296.4,34
13.633,106.306,314.4,1.3,1.1,2016-02-17, 15:25,T,85,5.0       ,296.5,21
13.439,104.495,311.6,1,1,2016-02-17, 15:25,T,75,5.0       ,294.9,14.7
13.454,104.473,311.1,1,1,2016-02-17, 15:25,T,74,5.0       ,294.6,13.5
13.674,105.84,306.5,1.2,1.1,2016-02-17, 15:25,T,45,5.0       ,295.6,10.2
13.689,105.805,305.7,1.2,1.1,2016-02-17, 15:25,T,35,5.0       ,294.8,10
13.6,104.605,313.4,1,1,2016-02-17, 15:25,T,82,5.0       ,295.7,16
13.599,104.595,335.1,1,1,2016-02-17, 15:25,T,100,5.0       ,295.8,46.8
13.609,104.603,307.9,1,1,2016-02-17, 15:25,T,57,5.0       ,294.5,10.9
13.608,104.594,310.3,1,1,2016-02-17, 15:25,T,70,5.0       ,294.4,13.4
13.791,105.412,364,1.1,1.1,2016-02-17, 15:25,T,100,5.0       ,298.7,130.3
13.79,105.401,320.6,1.1,1.1,2016-02-17, 15:25,T,100,5.0       ,295.7,27.7
13.349,102.244,328.3,1,1,2016-02-17, 15:25,T,100,5.0       ,295.2,35.4
13.914,106.12,306.5,1.2,1.1,2016-02-17, 15:25,T,46,5.0       ,295.3,10.9
13.676,104.354,309.3,1,1,2016-02-17, 15:25,T,66,5.0       ,294.6,12
13.783,105.061,325.6,1.1,1,2016-02-17, 15:25,T,100,5.0       ,294.4,34.8
13.446,102.156,308.8,1,1,2016-02-17, 15:25,T,63,5.0       ,294.9,11.9
13.445,102.146,309.7,1,1,2016-02-17, 15:25,T,67,5.0       ,295,12.7
13.788,104.361,316.2,1,1,2016-02-17, 15:25,T,90,5.0       ,295.5,18.4
13.797,104.359,305.5,1,1,2016-02-17, 15:25,T,29,5.0       ,294.9,7.3
13.796,104.35,338.2,1,1,2016-02-17, 15:25,T,100,5.0       ,297.3,50.8
13.794,104.34,328,1,1,2016-02-17, 15:25,T,100,5.0       ,296,33.6
13.836,104.376,306,1,1,2016-02-17, 15:25,T,39,5.0       ,294.8,8.5
13.817,102.236,306.9,1,1,2016-02-17, 15:25,T,50,5.0       ,295.6,9.1
13.984,101.686,308.6,1.1,1,2016-02-17, 15:25,T,62,5.0       ,295,11.5
13.983,101.676,308,1.1,1,2016-02-17, 15:25,T,58,5.0       ,294.2,11.1
14.581,103.253,306.2,1,1,2016-02-17, 15:25,T,42,5.0       ,292.4,10.4
14.585,101.504,307.1,1.1,1,2016-02-17, 15:25,T,51,5.0       ,294.9,10.8
14.584,101.494,309.4,1.1,1,2016-02-17, 15:25,T,66,5.0       ,294.4,13.2
15.355,106.804,305.6,1.4,1.2,2016-02-17, 15:25,T,34,5.0       ,293.5,15.7
21.32,94.126,308.3,1.8,1.3,2016-02-17, 19:50,A,60,5.0       ,290.3,31.7
24.29,112.484,307.4,1,1,2016-02-17, 18:15,A,54,5.0       ,277.4,19.8
24.461,110.121,329.2,1.3,1.1,2016-02-17, 18:15,A,100,5.0       ,280.1,66.6
24.453,110.106,313,1.3,1.2,2016-02-17, 18:15,A,81,5.0       ,279.3,34.4
24.451,110.12,328.6,1.3,1.1,2016-02-17, 18:15,A,100,5.0       ,280.1,64.3
13.797,105.415,314.8,2,1.4,2016-02-17, 18:15,A,86,5.0       ,294.4,50
13.807,104.353,308.7,2.5,1.5,2016-02-17, 18:15,A,62,5.0       ,293.4,44
13.608,104.606,309.5,2.3,1.5,2016-02-17, 18:15,A,66,5.0       ,293.3,45.7
13.23,106.551,313,1.6,1.3,2016-02-17, 18:15,A,81,5.0       ,294.1,31.7
13.228,106.566,311,1.6,1.3,2016-02-17, 18:15,A,66,5.0       ,294.1,27
13.219,106.549,308.7,1.6,1.3,2016-02-17, 18:15,A,62,5.0       ,293.8,24.7
13.217,106.564,307.5,1.6,1.3,2016-02-17, 18:15,A,54,5.0       ,293.8,22
13.228,106.56,322.3,1.6,1.3,2016-02-17, 18:15,A,100,5.0       ,294.6,54.4
13.217,106.559,310.6,1.6,1.3,2016-02-17, 18:15,A,72,5.0       ,294.2,27.8
12.847,105.614,309.8,1.9,1.3,2016-02-17, 18:15,A,68,5.0       ,295.2,30.2
12.972,102.821,307.5,3.1,1.7,2016-02-17, 18:15,A,55,5.0       ,292.5,60.7
12.968,102.849,319.6,3.1,1.7,2016-02-17, 18:15,A,99,5.0       ,293,125.6
12.968,102.844,324.3,3.1,1.7,2016-02-17, 18:15,A,100,5.0       ,293,153.1
12.246,106.72,305.1,1.5,1.2,2016-02-17, 18:15,A,11,5.0       ,292.6,16.5
11.831,105.2,306,2,1.4,2016-02-17, 18:15,A,38,5.0       ,294.8,22.3
11.829,105.193,308.1,2,1.4,2016-02-17, 18:15,A,59,5.0       ,295,29.4
11.853,104.268,306.6,2.3,1.5,2016-02-17, 18:15,A,47,5.0       ,293.3,35.6
11.855,104.264,308.5,2.3,1.5,2016-02-17, 18:15,A,61,5.0       ,293.1,43.7
28.258,114.255,308.8,1,1,2016-02-17, 18:10,A,63,5.0       ,275.1,21.7