latitude,longitude,brightness,scan,track,acq_date,acq_time,satellite,confidence,version,bright_t31,frp
0.769,127.372,318.8,1.1,1,2016-08-14,01:55,T,0,5.0       ,301.4,14
-3.037,129.814,311.7,1.1,1,2016-08-14,01:55,T,51,5.0       ,298.3,7.7
-5.465,122.613,313.4,1.6,1.3,2016-08-14,01:55,T,0,5.0       ,300.2,19.3
-9.184,125,311.2,1.1,1,2016-08-14,01:55,T,40,5.0       ,296.4,6.3
-11.078,132.562,320.6,2.2,1.4,2016-08-14,01:55,T,59,5.0       ,298.6,43.4
-11.46,132.591,327.4,2.2,1.4,2016-08-14,01:55,T,76,5.0       ,301,64
-11.462,132.611,320.3,2.2,1.4,2016-08-14,01:55,T,34,5.0       ,301.6,31.8
-11.401,131.159,326.1,1.7,1.3,2016-08-14,01:55,T,56,5.0       ,301.6,36.7
-11.398,131.152,324.3,1.7,1.3,2016-08-14,01:55,T,36,5.0       ,302.1,30.7
-11.423,131.165,324.5,1.7,1.3,2016-08-14,01:55,T,54,5.0       ,302.8,31.3
-11.731,133.081,319.3,2.4,1.5,2016-08-14,01:55,T,62,5.0       ,300.3,32.9
-11.725,133.076,318.1,2.4,1.5,2016-08-14,01:55,T,54,5.0       ,301.1,26.9
-11.428,130.584,320.6,1.6,1.2,2016-08-14,01:55,T,39,5.0       ,299.3,27
-11.437,130.568,321.5,1.6,1.2,2016-08-14,01:55,T,46,5.0       ,301,29.8
-11.547,131.143,353.8,1.7,1.3,2016-08-14,01:55,T,97,5.0       ,302.6,142.6
-11.549,131.159,360.3,1.7,1.3,2016-08-14,01:55,T,100,5.0       ,304.2,181.5
-11.556,131.126,320.6,1.7,1.3,2016-08-14,01:55,T,55,5.0       ,301.6,19.9
-11.559,131.142,324.9,1.7,1.3,2016-08-14,01:55,T,65,5.0       ,300.7,30.2
-11.565,131.189,320.4,1.7,1.3,2016-08-14,01:55,T,29,5.0       ,300.7,18.2
-11.585,131.251,323.4,1.8,1.3,2016-08-14,01:55,T,76,5.0       ,301.7,32
-11.58,131.245,322.3,1.8,1.3,2016-08-14,01:55,T,69,5.0       ,301.2,26.3
-11.667,130.927,324.6,1.7,1.3,2016-08-14,01:55,T,65,5.0       ,301.2,33.3
-11.676,130.911,320.7,1.7,1.3,2016-08-14,01:55,T,43,5.0       ,300.4,22.9
-11.678,130.926,324.1,1.7,1.3,2016-08-14,01:55,T,70,5.0       ,301.4,31
-11.836,130.992,321,1.7,1.3,2016-08-14,01:55,T,72,5.0       ,300.8,23.8
-6.381,155.411,312.7,1.3,1.1,2016-08-14,00:15,T,38,5.0       ,301.4,13.7
-6.579,146.214,316.2,1.9,1.4,2016-08-14,00:15,T,36,5.0       ,295.5,31.2
30.086,113.34,319.4,1.1,1.1,2016-08-14,03:25,T,71,5.0       ,300.6,13
30.199,112.603,320,1.1,1,2016-08-14,03:25,T,72,5.0       ,299.7,12.4
30.108,113.153,317.4,1.1,1.1,2016-08-14,03:25,T,55,5.0       ,299.2,10
30.106,113.164,324.1,1.1,1.1,2016-08-14,03:25,T,77,5.0       ,299.6,20
30.133,112.946,319.6,1.1,1,2016-08-14,03:25,T,69,5.0       ,300.1,12.1
30.131,112.957,318.5,1.1,1,2016-08-14,03:25,T,58,5.0       ,299.7,10.2
30.087,113.22,319.3,1.1,1.1,2016-08-14,03:25,T,65,5.0       ,299.3,13.1
30.053,113.099,316.4,1.1,1.1,2016-08-14,03:25,T,66,5.0       ,299,9.6
29.965,113.193,317,1.1,1.1,2016-08-14,03:25,T,67,5.0       ,299.8,10.5
30.049,112.267,321.1,1.1,1,2016-08-14,03:25,T,50,5.0       ,298.7,11.8
29.385,116.013,318.8,1.7,1.3,2016-08-14,03:25,T,0,5.0       ,298.8,18.1
29.736,113.936,317.5,1.2,1.1,2016-08-14,03:25,T,32,5.0       ,298.1,11.3
29.854,112.95,321.8,1.1,1.1,2016-08-14,03:25,T,38,5.0       ,300,13.8
28.388,119.885,314.7,3.2,1.7,2016-08-14,03:25,T,38,5.0       ,294.4,49.3
29.166,115.82,319.2,1.6,1.3,2016-08-14,03:25,T,67,5.0       ,299.1,18.5
29.687,112.628,317.4,1.1,1,2016-08-14,03:25,T,68,5.0       ,299.8,9.9
29.536,113.366,318.8,1.2,1.1,2016-08-14,03:25,T,32,5.0       ,299.3,11.5
29.473,113.482,316.9,1.2,1.1,2016-08-14,03:25,T,63,5.0       ,298.2,11.9
29.441,113.438,318.8,1.2,1.1,2016-08-14,03:25,T,69,5.0       ,299,13.3
29.547,112.684,316.9,1.1,1,2016-08-14,03:25,T,40,5.0       ,296.7,9.6
30.463,105.675,318.7,1.6,1.2,2016-08-14,03:25,T,42,5.0       ,296.6,17.2
29.571,111.846,320.5,1,1,2016-08-14,03:25,T,73,5.0       ,298.9,12
29.315,112.698,317.9,1.1,1,2016-08-14,03:25,T,69,5.0       ,299,9.5
29.117,113.219,319.7,1.2,1.1,2016-08-14,03:25,T,60,5.0       ,298,13.8
29.185,112.63,319.8,1.1,1,2016-08-14,03:25,T,67,5.0       ,299.1,12
29.076,113.223,319.5,1.2,1.1,2016-08-14,03:25,T,71,5.0       ,298.5,13.3
28.333,117.218,319.4,2.1,1.4,2016-08-14,03:25,T,71,5.0       ,297.3,30.1
29.043,112.371,316.4,1.1,1,2016-08-14,03:25,T,66,5.0       ,297.7,8.7
28.503,115.256,310.3,1.6,1.2,2016-08-14,03:25,T,29,5.0       ,287.8,10.9
28.179,116.593,313.1,1.9,1.4,2016-08-14,03:25,T,16,5.0       ,292.7,11.7
29.445,108.726,319.3,1.1,1,2016-08-14,03:25,T,56,5.0       ,301.4,12.8
28.075,116.3,315.5,1.9,1.3,2016-08-14,03:25,T,64,5.0       ,294.5,18.6
28.257,114.958,318,1.5,1.2,2016-08-14,03:25,T,37,5.0       ,296.1,16.7
28.547,112.395,323.9,1.1,1,2016-08-14,03:25,T,34,5.0       ,298.3,11.5
28.545,112.406,323.2,1.1,1,2016-08-14,03:25,T,40,5.0       ,298.3,11.2
28.538,112.353,324.3,1.1,1,2016-08-14,03:25,T,42,5.0       ,297.7,17
27.773,116.126,317,1.8,1.3,2016-08-14,03:25,T,56,5.0       ,295.2,24
28.729,105.064,316.5,1.6,1.3,2016-08-14,03:25,T,66,5.0       ,297,17.8
26.593,111.857,322.6,1.1,1,2016-08-14,03:25,T,57,5.0       ,296,18.4
26.402,111.597,324.3,1.1,1,2016-08-14,03:25,T,71,5.0       ,296,17.4
24.293,109.471,322.9,1,1,2016-08-14,03:25,T,35,5.0       ,300.2,11.9
24.274,109.471,319.1,1,1,2016-08-14,03:25,T,28,5.0       ,299.3,10.3
24.198,109.422,326.1,1,1,2016-08-14,03:25,T,54,5.0       ,301,17.2
24.19,109.421,320.7,1,1,2016-08-14,03:25,T,12,5.0       ,299.2,11.4
22.981,113.221,318.3,1.5,1.2,2016-08-14,03:25,T,56,5.0       ,293.6,16.4
22.888,113.224,318.6,1.5,1.2,2016-08-14,03:25,T,56,5.0       ,293.8,19.4
22.783,113.111,315.6,1.4,1.2,2016-08-14,03:25,T,45,5.0       ,293,13.8
22.788,112.923,313.9,1.4,1.2,2016-08-14,03:25,T,59,5.0       ,292.9,12.8
21.672,108.554,313.4,1,1,2016-08-14,03:25,T,50,5.0       ,293.1,7.4
21.684,108.409,319.3,1,1,2016-08-14,03:25,T,56,5.0       ,295.8,10.8
21.52,109.502,315.3,1,1,2016-08-14,03:25,T,63,5.0       ,293.3,8.7
21.519,109.511,318.5,1,1,2016-08-14,03:25,T,70,5.0       ,293.7,11.4
1.31,99.945,319.1,1.5,1.2,2016-08-14,03:35,T,32,5.0       ,295.1,20
-0.367,110.424,319.7,2.3,1.5,2016-08-14,03:35,T,72,5.0       ,290.8,69.5
-0.363,110.417,315.8,2.3,1.5,2016-08-14,03:35,T,65,5.0       ,290.4,54.6
1.09,99.888,333.9,1.5,1.2,2016-08-14,03:35,T,86,5.0       ,292.5,55.8
1.087,99.882,325.3,1.5,1.2,2016-08-14,03:35,T,78,5.0       ,291.5,34.2
-0.415,109.959,310.7,2.2,1.4,2016-08-14,03:35,T,42,5.0       ,294.9,23.5
1.029,99.901,314.9,1.5,1.2,2016-08-14,03:35,T,59,5.0       ,288.7,16.5
-0.52,109.615,312.8,2,1.4,2016-08-14,03:35,T,45,5.0       ,293,29
-1.776,105.539,313.9,1.1,1.1,2016-08-14,03:35,T,58,5.0       ,295.1,10.2
-2.897,112.929,310.3,4.1,1.9,2016-08-14,03:35,T,32,5.0       ,292.4,48.3
-1.909,105.555,315.1,1.1,1.1,2016-08-14,03:35,T,63,5.0       ,296.5,9.7
-1.911,105.565,318.3,1.1,1.1,2016-08-14,03:35,T,69,5.0       ,296.9,13.4
-2.855,102.969,313.2,1,1,2016-08-14,03:35,T,57,5.0       ,295.9,8.7
-3.396,102.83,318.1,1,1,2016-08-14,03:35,T,69,5.0       ,290.6,14.1
11.15,107.507,315.2,1,1,2016-08-14,03:30,T,52,5.0       ,295.4,9.5
10.932,107.244,315.8,1,1,2016-08-14,03:30,T,60,5.0       ,295.1,9
10.743,106.662,315.8,1,1,2016-08-14,03:30,T,33,5.0       ,293.2,8.1
10.743,106.541,314.2,1,1,2016-08-14,03:30,T,47,5.0       ,294.5,10.1
10.584,105.175,313.5,1,1,2016-08-14,03:30,T,21,5.0       ,287,9.8
10.017,105.084,314,1,1,2016-08-14,03:30,T,0,5.0       ,291,9.3
3.924,108.136,315.2,1.3,1.1,2016-08-14,03:30,T,58,5.0       ,294.9,14.2
3.625,103.254,320.4,1.1,1,2016-08-14,03:30,T,73,5.0       ,291.5,15.8
3.223,103.362,312.7,1,1,2016-08-14,03:30,T,31,5.0       ,283.7,9
1.189,109.761,318.6,2,1.4,2016-08-14,03:30,T,53,5.0       ,286.8,37.5
1.185,109.754,326.2,2,1.4,2016-08-14,03:30,T,72,5.0       ,288.9,59.1
1.178,109.718,330.1,1.9,1.4,2016-08-14,03:30,T,80,5.0       ,290.7,73.9
1.175,109.735,322.9,1.9,1.4,2016-08-14,03:30,T,47,5.0       ,291.9,47.7
1.01,109.698,313.1,1.9,1.4,2016-08-14,03:30,T,57,5.0       ,295.5,21.4
0.932,109.723,312.4,2,1.4,2016-08-14,03:30,T,54,5.0       ,294.1,21.6
0.928,109.717,316.2,2,1.4,2016-08-14,03:30,T,65,5.0       ,294.3,32.8
0.797,110.437,310.1,2.2,1.5,2016-08-14,03:30,T,20,5.0       ,288.5,23.5
0.844,109.775,314.4,2,1.4,2016-08-14,03:30,T,61,5.0       ,293.6,28.8
0.841,109.793,311.3,2,1.4,2016-08-14,03:30,T,48,5.0       ,293.6,19.5
0.839,109.786,317.4,2,1.4,2016-08-14,03:30,T,68,5.0       ,294,36
2.101,100.527,334.1,1.4,1.2,2016-08-14,03:30,T,81,5.0       ,295,49.9
2.106,100.522,328.6,1.4,1.2,2016-08-14,03:30,T,29,5.0       ,296,34.6
2.096,100.52,339.7,1.4,1.2,2016-08-14,03:30,T,90,5.0       ,295.3,63.2
2.085,100.519,349.2,1.4,1.2,2016-08-14,03:30,T,95,5.0       ,298.7,93.2
2.083,100.531,335.5,1.4,1.2,2016-08-14,03:30,T,63,5.0       ,298.6,46.6
2.071,100.542,327.2,1.4,1.2,2016-08-14,03:30,T,50,5.0       ,299.5,29.9
0.571,110.453,334.4,2.3,1.5,2016-08-14,03:30,T,86,5.0       ,293,119.2
1.78,101.494,325.2,1.2,1.1,2016-08-14,03:30,T,63,5.0       ,300.7,24.1
-11.46,132.588,332,1,1,2016-08-14,04:45,A,66,5.0       ,309.4,21
-11.461,132.579,361.9,1,1,2016-08-14,04:45,A,100,5.0       ,310.2,88.5
-11.463,132.57,348.7,1,1,2016-08-14,04:45,A,95,5.0       ,306.1,57
-11.451,132.587,344,1,1,2016-08-14,04:45,A,92,5.0       ,310,42.7
-11.452,132.577,356,1,1,2016-08-14,04:45,A,98,5.0       ,311.1,71.8
-11.454,132.568,335.7,1,1,2016-08-14,04:45,A,84,5.0       ,309.6,31.2
-11.671,130.932,332.2,1.2,1.1,2016-08-14,04:45,A,82,5.0       ,305.4,27.7
-11.673,130.922,333.3,1.2,1.1,2016-08-14,04:45,A,84,5.0       ,307.3,30.2
-11.661,130.931,326.4,1.2,1.1,2016-08-14,04:45,A,72,5.0       ,307.7,18.7
-11.42,132.478,342.5,1,1,2016-08-14,04:45,A,91,5.0       ,306.5,43.7
-11.421,132.469,322.8,1,1,2016-08-14,04:45,A,76,5.0       ,305,11.7
-11.606,131.126,335.6,1.1,1.1,2016-08-14,04:45,A,87,5.0       ,308.9,30.1
-11.607,131.116,332.2,1.1,1.1,2016-08-14,04:45,A,84,5.0       ,308.8,24.4
-11.58,131.248,382.6,1.1,1.1,2016-08-14,04:45,A,100,5.0       ,311.1,185
-11.581,131.238,374.3,1.1,1.1,2016-08-14,04:45,A,100,5.0       ,311.1,146.3
-11.589,131.176,338.6,1.1,1.1,2016-08-14,04:45,A,89,5.0       ,308.6,36.6
-11.399,132.494,339.5,1,1,2016-08-14,04:45,A,89,5.0       ,306.2,37.3
-11.401,132.485,330.3,1,1,2016-08-14,04:45,A,83,5.0       ,303.9,21.4
-11.574,131.216,329.6,1.1,1.1,2016-08-14,04:45,A,82,5.0       ,306.1,19.2
-11.389,132.502,321.5,1,1,2016-08-14,04:45,A,74,5.0       ,305,10.1
-11.565,131.215,329.3,1.1,1.1,2016-08-14,04:45,A,82,5.0       ,307.2,19.2
-11.569,131.184,332,1.1,1.1,2016-08-14,04:45,A,84,5.0       ,306.9,21.4
-11.404,132.337,319.7,1,1,2016-08-14,04:45,A,72,5.0       ,305.5,6.4
-11.405,132.328,326.2,1,1,2016-08-14,04:45,A,79,5.0       ,306.2,15.2
-11.564,131.188,336.8,1.1,1.1,2016-08-14,04:45,A,88,5.0       ,306,32.9
-11.566,131.178,340.3,1.1,1.1,2016-08-14,04:45,A,90,5.0       ,307.8,39.7
-11.571,131.137,332.7,1.1,1.1,2016-08-14,04:45,A,85,5.0       ,306.2,23.3
-11.573,131.126,334,1.1,1.1,2016-08-14,04:45,A,86,5.0       ,307.2,28.3
-11.556,131.177,331.5,1.1,1.1,2016-08-14,04:45,A,79,5.0       ,305.7,23.1
-11.558,131.166,338.9,1.1,1.1,2016-08-14,04:45,A,89,5.0       ,308.7,38.3
-11.559,131.156,326.7,1.1,1.1,2016-08-14,04:45,A,68,5.0       ,307.9,14.7
-11.56,131.146,344.8,1.1,1.1,2016-08-14,04:45,A,93,5.0       ,308.3,50.6
-11.562,131.135,347.6,1.1,1.1,2016-08-14,04:45,A,94,5.0       ,309.2,56.9
-11.563,131.125,328.8,1.1,1.1,2016-08-14,04:45,A,82,5.0       ,307.4,19.7
-11.548,131.165,347.2,1.1,1.1,2016-08-14,04:45,A,94,5.0       ,307.1,57.2
-11.549,131.155,389.2,1.1,1.1,2016-08-14,04:45,A,100,5.0       ,313.4,220.7
-11.551,131.144,350.8,1.1,1.1,2016-08-14,04:45,A,96,5.0       ,310.6,64.6
-11.54,131.153,336.1,1.1,1.1,2016-08-14,04:45,A,82,5.0       ,305.3,30.9
-11.541,131.143,373.8,1.1,1.1,2016-08-14,04:45,A,100,5.0       ,308.6,143.5
-11.543,131.133,330.1,1.1,1.1,2016-08-14,04:45,A,73,5.0       ,305.9,17.4
-11.646,130.295,362.2,1.3,1.1,2016-08-14,04:45,A,100,5.0       ,306.9,123
-11.648,130.283,373.6,1.3,1.1,2016-08-14,04:45,A,100,5.0       ,305.9,177
-11.562,130.846,348.8,1.2,1.1,2016-08-14,04:45,A,95,5.0       ,307.3,71.7
-11.563,130.836,325.9,1.2,1.1,2016-08-14,04:45,A,62,5.0       ,301.2,22.6
-11.636,130.293,331.8,1.3,1.1,2016-08-14,04:45,A,84,5.0       ,305.7,29.6
-11.638,130.282,352.6,1.3,1.1,2016-08-14,04:45,A,96,5.0       ,303.6,88.1
-11.552,130.845,368.5,1.2,1.1,2016-08-14,04:45,A,100,5.0       ,311.4,137.6
-11.554,130.834,351.7,1.2,1.1,2016-08-14,04:45,A,96,5.0       ,306.1,82.1
-11.296,132.248,332,1,1,2016-08-14,04:45,A,84,5.0       ,306.4,24
-11.287,132.247,322.1,1,1,2016-08-14,04:45,A,51,5.0       ,307.3,9.7
-11.436,131.163,331.5,1.1,1.1,2016-08-14,04:45,A,84,5.0       ,307.6,23.6
-11.426,131.172,324.4,1.1,1.1,2016-08-14,04:45,A,47,5.0       ,304.9,13.3
-11.427,131.162,334.3,1.1,1.1,2016-08-14,04:45,A,86,5.0       ,307.5,29.7
-11.417,131.161,330,1.1,1.1,2016-08-14,04:45,A,63,5.0       ,306.3,21.9
-11.4,131.148,328.6,1.1,1.1,2016-08-14,04:45,A,58,5.0       ,306.5,17.9
-11.39,131.147,334.8,1.1,1.1,2016-08-14,04:45,A,86,5.0       ,306.5,29.7
-11.454,130.671,326.2,1.2,1.1,2016-08-14,04:45,A,68,5.0       ,304.1,26.9
-11.503,130.292,324.5,1.3,1.1,2016-08-14,04:45,A,48,5.0       ,304.4,16
-11.386,131.151,322.2,1.1,1.1,2016-08-14,04:45,A,63,5.0       ,304.6,10.1
-11.387,131.141,326.1,1.1,1.1,2016-08-14,04:45,A,79,5.0       ,306.9,15.7
-11.451,130.676,324.8,1.2,1.1,2016-08-14,04:45,A,45,5.0       ,302.7,20.1
-11.378,131.139,328,1.1,1.1,2016-08-14,04:45,A,75,5.0       ,306.3,17.8
-11.445,130.575,334.3,1.2,1.1,2016-08-14,04:45,A,85,5.0       ,303.2,40.8
-11.446,130.564,329.9,1.2,1.1,2016-08-14,04:45,A,68,5.0       ,306,32.2
-11.434,130.585,325,1.2,1.1,2016-08-14,04:45,A,66,5.0       ,302.1,24.2
-11.435,130.574,338.7,1.2,1.1,2016-08-14,04:45,A,89,5.0       ,305.3,51.7
-11.465,130.351,323.1,1.2,1.1,2016-08-14,04:45,A,76,5.0       ,304.2,17.9
-11.467,130.339,318.6,1.2,1.1,2016-08-14,04:45,A,70,5.0       ,304.2,10.5
-11.424,130.583,335.2,1.2,1.1,2016-08-14,04:45,A,87,5.0       ,301.6,43.8
-11.086,132.565,330.8,1,1,2016-08-14,04:45,A,56,5.0       ,302.5,22.7
-11.09,132.538,326.1,1,1,2016-08-14,04:45,A,56,5.0       ,302.6,14.9
-11.078,132.555,332.2,1,1,2016-08-14,04:45,A,50,5.0       ,303.6,25.7
-11.273,131.159,350.1,1.1,1.1,2016-08-14,04:45,A,72,5.0       ,304.4,72.2
-11.274,131.149,343.9,1.1,1.1,2016-08-14,04:45,A,80,5.0       ,307.1,55.3
-6.5,134.121,317.5,1.1,1,2016-08-14,04:45,A,58,5.0       ,297.2,13.8
25.08,121.694,323,1.3,1.1,2016-08-14,04:55,A,20,5.0       ,301.8,21.5
29.45,121.87,332.3,1.1,1.1,2016-08-14,04:55,A,47,5.0       ,306.3,27.8
29.605,121.683,317.9,1.1,1.1,2016-08-14,04:55,A,62,5.0       ,303,13.4
29.453,120.781,317.9,1.3,1.1,2016-08-14,04:55,A,38,5.0       ,299.5,13.4
29.618,121.402,322.8,1.2,1.1,2016-08-14,04:55,A,41,5.0       ,304.7,18
29.657,121.436,328.4,1.2,1.1,2016-08-14,04:55,A,35,5.0       ,304.8,21.9
29.761,121.444,325.6,1.2,1.1,2016-08-14,04:55,A,53,5.0       ,305.6,17.6
29.96,121.74,326.1,1.1,1.1,2016-08-14,04:55,A,56,5.0       ,306,15.3
7.863,126.355,321.8,1.2,1.1,2016-08-14,04:50,A,74,5.0       ,283.5,33.7
26.505,90.635,315.8,1.7,1.3,2016-08-14,05:05,T,65,5.0       ,293.4,19.8
26.508,90.629,316.4,1.7,1.3,2016-08-14,05:05,T,47,5.0       ,293.5,19.1
1.777,101.499,322.8,1.2,1.1,2016-08-14,03:30,T,73,5.0       ,300.4,20.8
1.813,101.122,319.2,1.3,1.1,2016-08-14,03:30,T,55,5.0       ,300.8,18.6
1.735,101.304,342.1,1.2,1.1,2016-08-14,03:30,T,91,5.0       ,299.5,58.9
1.727,101.292,338,1.2,1.1,2016-08-14,03:30,T,85,5.0       ,299.2,46.7
1.564,101.489,322.8,1.2,1.1,2016-08-14,03:30,T,34,5.0       ,301,13.6
1.527,101.742,318,1.2,1.1,2016-08-14,03:30,T,66,5.0       ,301.6,15.3
1.539,101.529,320,1.2,1.1,2016-08-14,03:30,T,64,5.0       ,297.8,12.6
1.602,100.88,328.6,1.3,1.1,2016-08-14,03:30,T,82,5.0       ,298.9,33.4
1.313,101.877,318.2,1.1,1.1,2016-08-14,03:30,T,21,5.0       ,302.1,14.2
1.434,100.844,321.7,1.3,1.1,2016-08-14,03:30,T,74,5.0       ,298.8,20.7
1.391,100.577,327.2,1.4,1.2,2016-08-14,03:30,T,80,5.0       ,299.6,31.3
1.219,100.919,317.7,1.3,1.1,2016-08-14,03:30,T,51,5.0       ,295.4,13.4
30.589,118.95,316.3,2.5,1.5,2016-08-14,03:25,T,34,5.0       ,297.7,31.2
30.016,119.977,317.8,3,1.6,2016-08-14,03:25,T,55,5.0       ,298.2,50.7
30.531,117.256,317.6,1.9,1.3,2016-08-14,03:25,T,34,5.0       ,299.1,21.9
30.292,118.124,315.7,2.2,1.4,2016-08-14,03:25,T,46,5.0       ,298.2,25.7
30.923,113.699,319.5,1.2,1.1,2016-08-14,03:25,T,42,5.0       ,301.3,11.3
30.875,113.959,322.8,1.2,1.1,2016-08-14,03:25,T,69,5.0       ,301.2,17.1
30.873,113.971,319.6,1.2,1.1,2016-08-14,03:25,T,36,5.0       ,301.2,11.8
30.816,113.762,316.8,1.2,1.1,2016-08-14,03:25,T,67,5.0       ,299.1,11
30.856,113.343,319.2,1.1,1.1,2016-08-14,03:25,T,68,5.0       ,300.3,11.8
30.643,114.532,324.3,1.3,1.1,2016-08-14,03:25,T,58,5.0       ,300.5,19
30.637,114.449,326.1,1.3,1.1,2016-08-14,03:25,T,42,5.0       ,302,14.3
30.677,113.914,324.5,1.2,1.1,2016-08-14,03:25,T,64,5.0       ,301.7,17.1
30.675,113.926,322.6,1.2,1.1,2016-08-14,03:25,T,53,5.0       ,301.3,12.6
30.835,112.851,319,1.1,1,2016-08-14,03:25,T,28,5.0       ,298.8,10.8
30.833,112.862,323.9,1.1,1,2016-08-14,03:25,T,73,5.0       ,299,17.5
30.637,114.033,324.3,1.2,1.1,2016-08-14,03:25,T,61,5.0       ,301.6,16.2
30.633,114.058,326.4,1.2,1.1,2016-08-14,03:25,T,32,5.0       ,302,18.3
30.655,113.871,320,1.2,1.1,2016-08-14,03:25,T,62,5.0       ,299,11.2
30.569,114.063,322.4,1.2,1.1,2016-08-14,03:25,T,71,5.0       ,301.4,15.2
30.069,116.822,317.6,1.8,1.3,2016-08-14,03:25,T,53,5.0       ,298.6,20.3
30.501,114.284,325.5,1.3,1.1,2016-08-14,03:25,T,47,5.0       ,301.8,21.2
30.563,113.806,321,1.2,1.1,2016-08-14,03:25,T,23,5.0       ,300.3,9.5
30.489,114.175,327.9,1.2,1.1,2016-08-14,03:25,T,51,5.0       ,302.8,17.6
30.464,114.262,321.4,1.3,1.1,2016-08-14,03:25,T,50,5.0       ,301,13.8
30.542,113.387,316.9,1.1,1.1,2016-08-14,03:25,T,67,5.0       ,299.2,11.1
30.762,111.855,319,1,1,2016-08-14,03:25,T,70,5.0       ,299.5,8.8
30.489,113.522,326.4,1.2,1.1,2016-08-14,03:25,T,79,5.0       ,301.6,21.6
30.487,113.534,320.3,1.2,1.1,2016-08-14,03:25,T,36,5.0       ,300.2,11.8
30.486,113.515,317.3,1.2,1.1,2016-08-14,03:25,T,68,5.0       ,299.9,11
30.484,113.527,321.6,1.2,1.1,2016-08-14,03:25,T,74,5.0       ,300.6,17.4
30.341,114.077,323.5,1.2,1.1,2016-08-14,03:25,T,27,5.0       ,301.3,15.6
30.304,114.049,322.4,1.2,1.1,2016-08-14,03:25,T,24,5.0       ,300.6,11.1
30.639,111.392,322.2,1,1,2016-08-14,03:25,T,58,5.0       ,300.8,12.4
30.296,113.485,320,1.2,1.1,2016-08-14,03:25,T,72,5.0       ,300.4,13.2
30.343,113.086,316.8,1.1,1.1,2016-08-14,03:25,T,67,5.0       ,299,10
30.289,113.41,317.9,1.2,1.1,2016-08-14,03:25,T,69,5.0       ,300.1,10.4
30.25,113.524,321.9,1.2,1.1,2016-08-14,03:25,T,56,5.0       ,301.1,14.5
30.163,113.856,321.2,1.2,1.1,2016-08-14,03:25,T,38,5.0       ,300.4,13.4
30.161,113.868,322.5,1.2,1.1,2016-08-14,03:25,T,64,5.0       ,300.7,15.8
30.527,111.584,318.6,1,1,2016-08-14,03:25,T,70,5.0       ,299.9,9.7
30.183,113.491,315.9,1.2,1.1,2016-08-14,03:25,T,65,5.0       ,298.4,8.7
30.141,113.506,319.6,1.2,1.1,2016-08-14,03:25,T,71,5.0       ,300.7,13.3
30.191,113.154,323.9,1.1,1.1,2016-08-14,03:25,T,77,5.0       ,299.8,18.2
30.285,112.362,322.1,1.1,1,2016-08-14,03:25,T,31,5.0       ,299.6,11.6
30.042,113.715,318.6,1.2,1.1,2016-08-14,03:25,T,70,5.0       ,300,11.9
30.087,122.203,324.1,1.1,1,2016-08-14,05:00,A,23,5.0       ,304.8,15
30.086,122.192,327.4,1.1,1,2016-08-14,05:00,A,43,5.0       ,305.8,20.7
30.066,121.887,321.9,1.1,1,2016-08-14,05:00,A,44,5.0       ,302.9,13.2
29.981,121.359,322,1.2,1.1,2016-08-14,05:00,A,75,5.0       ,305.1,14
30.107,121.476,325.4,1.1,1.1,2016-08-14,05:00,A,42,5.0       ,305,17.6
30.147,121.54,329.3,1.1,1.1,2016-08-14,05:00,A,64,5.0       ,305.1,20.8
30.156,121.538,321.9,1.1,1.1,2016-08-14,05:00,A,44,5.0       ,304.2,11.1
30.148,121.431,325.8,1.1,1.1,2016-08-14,05:00,A,53,5.0       ,304.7,16.2
30.305,122.167,320.1,1.1,1,2016-08-14,05:00,A,68,5.0       ,303.3,11
30.203,121.376,324.4,1.1,1.1,2016-08-14,05:00,A,52,5.0       ,306.1,13.9
30.336,120.823,324,1.2,1.1,2016-08-14,05:00,A,0,5.0       ,306.1,19.1
30.331,120.492,324.5,1.3,1.1,2016-08-14,05:00,A,61,5.0       ,306.5,14
30.262,119.857,321.2,1.4,1.2,2016-08-14,05:00,A,29,5.0       ,303.6,17.3
30.31,119.781,323.1,1.4,1.2,2016-08-14,05:00,A,76,5.0       ,305,23.1
30.536,120.721,326.5,1.2,1.1,2016-08-14,05:00,A,49,5.0       ,308.7,17.3
30.574,120.828,322.2,1.2,1.1,2016-08-14,05:00,A,75,5.0       ,306.6,14.8
30.619,120.919,321.1,1.2,1.1,2016-08-14,05:00,A,73,5.0       ,306.3,14.2
30.802,121.34,327,1.1,1.1,2016-08-14,05:00,A,39,5.0       ,307.4,16.9
30.877,121.748,326.2,1.1,1,2016-08-14,05:00,A,46,5.0       ,306.1,14.5
30.8,121.267,323.8,1.1,1.1,2016-08-14,05:00,A,55,5.0       ,307.1,14.7
30.798,121.256,324.8,1.1,1.1,2016-08-14,05:00,A,58,5.0       ,307.2,16.4
30.867,121.475,325.2,1.1,1.1,2016-08-14,05:00,A,63,5.0       ,306.8,12.7
30.839,121.241,319.8,1.1,1.1,2016-08-14,05:00,A,27,5.0       ,304.3,9.7
30.919,121.675,330.7,1.1,1,2016-08-14,05:00,A,83,5.0       ,308,21.9
30.917,121.664,326,1.1,1,2016-08-14,05:00,A,52,5.0       ,307.2,13.2
30.91,121.619,328.9,1.1,1,2016-08-14,05:00,A,39,5.0       ,309.1,15.5
30.919,121.558,328.9,1.1,1,2016-08-14,05:00,A,59,5.0       ,308.8,18.4
30.67,120.006,321.6,1.3,1.1,2016-08-14,05:00,A,63,5.0       ,305.9,16.8
30.899,121.221,323.8,1.1,1.1,2016-08-14,05:00,A,63,5.0       ,306.3,17.1
30.98,121.655,325.7,1.1,1,2016-08-14,05:00,A,58,5.0       ,307.8,13.7
30.978,121.644,326.6,1.1,1,2016-08-14,05:00,A,58,5.0       ,308.7,15.4
30.978,121.585,326.2,1.1,1,2016-08-14,05:00,A,72,5.0       ,307.2,15.6
30.977,121.574,325.3,1.1,1,2016-08-14,05:00,A,55,5.0       ,307,13.5
30.956,121.389,323.4,1.1,1.1,2016-08-14,05:00,A,70,5.0       ,305.8,12.1
30.954,121.377,323.5,1.1,1.1,2016-08-14,05:00,A,73,5.0       ,306.1,13.5
30.995,121.511,325.8,1.1,1.1,2016-08-14,05:00,A,71,5.0       ,307.3,12.9
30.944,121.076,323.2,1.2,1.1,2016-08-14,05:00,A,50,5.0       ,306.4,14.8
30.801,119.633,320.2,1.4,1.2,2016-08-14,05:00,A,51,5.0       ,302.4,16.9
-11.969,135.598,331.6,1.1,1.1,2016-08-14,04:45,A,0,5.0       ,305,28.6
-11.739,133.085,331.8,1,1,2016-08-14,04:45,A,82,5.0       ,306.1,18.2
-11.73,133.083,336.9,1,1,2016-08-14,04:45,A,88,5.0       ,309.2,25.9
-11.699,133.041,331.4,1,1,2016-08-14,04:45,A,84,5.0       ,309.1,17.6
-11.701,133.032,333.9,1,1,2016-08-14,04:45,A,86,5.0       ,308.3,21.9
-11.702,133.023,332.1,1,1,2016-08-14,04:45,A,84,5.0       ,309.3,19.9
-11.856,130.992,319.5,1.2,1.1,2016-08-14,04:45,A,58,5.0       ,299.3,11.3
-11.858,130.981,319.3,1.2,1.1,2016-08-14,04:45,A,57,5.0       ,299.9,10.1
-11.847,130.991,328.8,1.2,1.1,2016-08-14,04:45,A,82,5.0       ,301.4,25.6
-11.837,130.989,326.5,1.2,1.1,2016-08-14,04:45,A,67,5.0       ,301,20.1
-11.819,130.976,321.1,1.2,1.1,2016-08-14,04:45,A,60,5.0       ,300.4,11.9
-11.811,130.964,328.5,1.2,1.1,2016-08-14,04:45,A,81,5.0       ,302.1,22.9
-11.812,130.954,347,1.2,1.1,2016-08-14,04:45,A,94,5.0       ,304.2,61.5
-11.814,130.943,340.6,1.2,1.1,2016-08-14,04:45,A,90,5.0       ,302.7,46.6
-11.806,130.931,323.3,1.2,1.1,2016-08-14,04:45,A,76,5.0       ,300.1,15.8
-11.796,130.93,326.1,1.2,1.1,2016-08-14,04:45,A,77,5.0       ,299.1,20.5
-11.475,132.616,334.9,1,1,2016-08-14,04:45,A,63,5.0       ,307.9,23.6
-11.667,131.215,325.1,1.1,1.1,2016-08-14,04:45,A,49,5.0       ,307.8,12.6
-11.459,132.597,329.7,1,1,2016-08-14,04:45,A,65,5.0       ,309.2,15.5
30.898,118.303,320.5,1.6,1.3,2016-08-14,05:00,A,28,5.0       ,300,18
26.11,99.953,314.2,1,1,2016-08-14,06:35,A,51,5.0       ,300,9.1
26.57,101.673,326,1,1,2016-08-14,06:35,A,54,5.0       ,302.2,13
26.569,101.662,335.5,1,1,2016-08-14,06:35,A,87,5.0       ,303.8,29
26.578,101.661,328.5,1,1,2016-08-14,06:35,A,80,5.0       ,303.7,18.5
27.722,102.208,328.8,1.1,1.1,2016-08-14,06:35,A,82,5.0       ,294.3,26.7
28.095,95.345,315.1,1.4,1.2,2016-08-14,06:35,A,53,5.0       ,295.8,16.6
30.393,108.193,318.6,2.8,1.6,2016-08-14,06:35,A,50,5.0       ,296.7,46.9
-1.964,105.568,317.4,1,1,2016-08-14,06:30,A,57,5.0       ,295.8,10.1
-1.957,105.558,360.8,1,1,2016-08-14,06:30,A,100,5.0       ,297.5,92.9
-1.94,105.611,324.6,1,1,2016-08-14,06:30,A,78,5.0       ,296.8,19.8
-1.932,105.601,326.6,1,1,2016-08-14,06:30,A,71,5.0       ,297,21.3
-1.982,105.25,318,1.1,1,2016-08-14,06:30,A,68,5.0       ,296.4,11
-1.919,105.562,321.8,1,1,2016-08-14,06:30,A,65,5.0       ,295.2,16.2
-1.76,105.648,320.4,1,1,2016-08-14,06:30,A,48,5.0       ,294.4,16.2
-1.764,105.49,313.3,1,1,2016-08-14,06:30,A,55,5.0       ,287.2,8.4
-1.761,105.442,324.1,1,1,2016-08-14,06:30,A,69,5.0       ,291.4,21.5
-1.762,105.433,318.2,1,1,2016-08-14,06:30,A,56,5.0       ,293.2,13.6
-1.748,105.406,327.4,1,1,2016-08-14,06:30,A,80,5.0       ,293.6,26.7
-1.749,105.397,323.7,1,1,2016-08-14,06:30,A,67,5.0       ,293.2,21.5
-1.708,105.362,348.4,1,1,2016-08-14,06:30,A,71,5.0       ,292.9,64.8
-1.699,105.361,314.9,1,1,2016-08-14,06:30,A,59,5.0       ,291.8,11.1
-1.8,102.775,311.9,1.4,1.2,2016-08-14,06:30,A,48,5.0       ,292.3,12.1
-1.414,103.619,322.7,1.2,1.1,2016-08-14,06:30,A,43,5.0       ,302.5,17.9
-1.304,103.609,316.8,1.2,1.1,2016-08-14,06:30,A,58,5.0       ,300.5,14.3
-1.327,102.303,318.9,1.5,1.2,2016-08-14,06:30,A,70,5.0       ,296.1,24.8
0.098,110.333,325.6,1.5,1.2,2016-08-14,06:30,A,58,5.0       ,289.8,49
-0.918,103.086,317.6,1.3,1.1,2016-08-14,06:30,A,68,5.0       ,299.3,18.8
0.385,109.06,338.9,1.3,1.1,2016-08-14,06:30,A,89,5.0       ,291.1,58.2
-0.118,101.051,318.4,1.8,1.3,2016-08-14,06:30,A,70,5.0       ,289.1,34.6
1.305,100.906,328.9,1.7,1.3,2016-08-14,06:30,A,82,5.0       ,292.2,55.5
1.308,100.763,321.6,1.8,1.3,2016-08-14,06:30,A,64,5.0       ,288.3,32.5
1.364,101.067,328.4,1.7,1.3,2016-08-14,06:30,A,81,5.0       ,292.2,54.4
1.356,100.93,316.4,1.7,1.3,2016-08-14,06:30,A,66,5.0       ,287.9,25.5
1.34,100.822,366.5,1.8,1.3,2016-08-14,06:30,A,100,5.0       ,290.2,237.4
1.373,100.827,338.3,1.7,1.3,2016-08-14,06:30,A,89,5.0       ,283.9,90.2
1.394,100.809,315.1,1.8,1.3,2016-08-14,06:30,A,63,5.0       ,286.5,23.7
1.534,101.531,358,1.5,1.2,2016-08-14,06:30,A,99,5.0       ,287.4,156.3
1.532,101.518,340.2,1.5,1.2,2016-08-14,06:30,A,90,5.0       ,289,82.7
1.429,100.804,317.7,1.8,1.3,2016-08-14,06:30,A,68,5.0       ,286.4,28
1.426,100.788,313,1.8,1.3,2016-08-14,06:30,A,54,5.0       ,287.7,17.3
1.44,100.802,359.2,1.8,1.3,2016-08-14,06:30,A,99,5.0       ,286.4,196.2
1.438,100.786,328.4,1.8,1.3,2016-08-14,06:30,A,81,5.0       ,286.6,56.8
1.437,100.796,348,1.8,1.3,2016-08-14,06:30,A,94,5.0       ,287.4,135.5
1.595,101.317,318.9,1.6,1.2,2016-08-14,06:30,A,70,5.0       ,282.3,28
1.718,101.287,325.6,1.6,1.2,2016-08-14,06:30,A,76,5.0       ,286.5,39.4
1.731,101.299,322.7,1.6,1.2,2016-08-14,06:30,A,76,5.0       ,285.7,33.3
1.729,101.285,319,1.6,1.2,2016-08-14,06:30,A,70,5.0       ,286,23.6
1.771,101.492,317.3,1.5,1.2,2016-08-14,06:30,A,45,5.0       ,292.7,20.2
2.012,103.071,315.1,1.2,1.1,2016-08-14,06:30,A,36,5.0       ,292.3,10.5
1.782,101.49,316.2,1.5,1.2,2016-08-14,06:30,A,28,5.0       ,292.2,18.3
1.807,101.122,316.3,1.6,1.3,2016-08-14,06:30,A,27,5.0       ,293.4,25.4
2.456,103.794,315.1,1.1,1,2016-08-14,06:30,A,47,5.0       ,291.8,9.6
2.446,103.594,311.6,1.1,1.1,2016-08-14,06:30,A,25,5.0       ,287.7,8.6
2.066,100.55,323.6,1.8,1.3,2016-08-14,06:30,A,64,5.0       ,297,38.4
2.539,103.666,340.5,1.1,1.1,2016-08-14,06:30,A,90,5.0       ,287.5,53.2
2.075,100.532,337.1,1.8,1.3,2016-08-14,06:30,A,87,5.0       ,296.8,77.3
2.548,103.665,321.1,1.1,1.1,2016-08-14,06:30,A,72,5.0       ,287,19.3
2.085,100.514,342.3,1.8,1.3,2016-08-14,06:30,A,91,5.0       ,299.4,102.1
2.099,100.528,330.9,1.8,1.3,2016-08-14,06:30,A,63,5.0       ,298.9,60.8
2.096,100.513,327.5,1.8,1.3,2016-08-14,06:30,A,64,5.0       ,296.2,49.7
2.262,100.394,314.9,1.8,1.3,2016-08-14,06:30,A,54,5.0       ,284,26.9
2.421,100.308,312.2,1.8,1.3,2016-08-14,06:30,A,49,5.0       ,288.9,20
10.671,105.42,316.9,1.1,1,2016-08-14,06:30,A,52,5.0       ,286.2,11.8
-3.337,114.592,317.6,2.8,1.6,2016-08-14,06:25,A,27,5.0       ,296.1,47.5
-4.49,105.062,321,1.1,1.1,2016-08-14,06:25,A,69,5.0       ,290.4,20
-2.847,108.081,331.9,1,1,2016-08-14,06:25,A,84,5.0       ,290.8,33.5
-2.848,108.072,322.2,1,1,2016-08-14,06:25,A,75,5.0       ,290.2,19.3
-2.9,107.713,314.6,1,1,2016-08-14,06:25,A,57,5.0       ,293.4,10.7
-2.951,106.779,311.8,1,1,2016-08-14,06:25,A,51,5.0       ,290.3,7.2
-3.385,103.334,339.6,1.4,1.2,2016-08-14,06:25,A,90,5.0       ,295.6,69.7
-3.18,102.745,341.3,1.5,1.2,2016-08-14,06:25,A,91,5.0       ,295.9,84.8
-3.033,102.838,316.4,1.5,1.2,2016-08-14,06:25,A,66,5.0       ,295.7,16.8
-2.824,102.59,314.4,1.5,1.2,2016-08-14,06:25,A,61,5.0       ,292.4,20.9
-2.747,102.721,317.3,1.5,1.2,2016-08-14,06:25,A,64,5.0       ,293.8,23
-2.737,102.72,357.7,1.5,1.2,2016-08-14,06:25,A,93,5.0       ,294.2,148.8
-2.536,103.184,313.9,1.4,1.2,2016-08-14,06:25,A,60,5.0       ,294.6,13.3
-2.06,105.475,322.7,1,1,2016-08-14,06:25,A,76,5.0       ,295.6,19.4
6.963,117.151,306.5,1.6,1.2,2016-08-14,14:20,T,46,5.0       ,290.9,15.4
27.782,114.924,310.3,1.1,1,2016-08-14,14:25,T,66,5.0       ,295.3,8.4
27.78,114.913,311.6,1.1,1,2016-08-14,14:25,T,75,5.0       ,295.2,10.2
28.893,118.864,312.5,1.1,1.1,2016-08-14,14:25,T,65,5.0       ,298,12.9
30.452,117.234,313.7,1,1,2016-08-14,14:25,T,83,5.0       ,297.7,10.5
30.396,114.862,310.4,1,1,2016-08-14,14:25,T,71,5.0       ,299,7
30.845,117.776,309,1.1,1,2016-08-14,14:25,T,64,5.0       ,298.1,6.8
30.637,114.448,310.3,1.1,1,2016-08-14,14:25,T,57,5.0       ,298.1,7.1
30.635,114.437,311.9,1.1,1,2016-08-14,14:25,T,77,5.0       ,298.2,8.5
30.644,114.435,322.5,1.1,1,2016-08-14,14:25,T,100,5.0       ,297.9,21.9
30.642,114.425,322.2,1.1,1,2016-08-14,14:25,T,100,5.0       ,297.5,21.3
1.344,100.837,360.7,1.2,1.1,2016-08-14,15:55,T,100,5.0       ,272.2,135
1.546,101.541,305.1,1.3,1.1,2016-08-14,15:55,T,20,5.0       ,280.4,15.6
1.544,101.529,319.4,1.3,1.1,2016-08-14,15:55,T,98,5.0       ,281.6,37.6
1.596,101.324,308.4,1.3,1.1,2016-08-14,15:55,T,61,5.0       ,283.1,19.1
1.574,100.796,305.4,1.2,1.1,2016-08-14,15:55,T,28,5.0       ,279.8,14.6
1.726,101.299,310.4,1.3,1.1,2016-08-14,15:55,T,32,5.0       ,280.6,20.4
1.679,100.971,315.1,1.2,1.1,2016-08-14,15:55,T,87,5.0       ,279.2,28.6
1.738,101.309,306.5,1.3,1.1,2016-08-14,15:55,T,26,5.0       ,280.3,15.8
1.736,101.297,308.5,1.3,1.1,2016-08-14,15:55,T,42,5.0       ,281.3,18.4
1.736,101.303,313,1.3,1.1,2016-08-14,15:55,T,54,5.0       ,281.7,24.6
1.577,99.506,307.7,1.1,1,2016-08-14,15:55,T,56,5.0       ,274.1,14.2
1.891,100.81,316.8,1.2,1.1,2016-08-14,15:55,T,92,5.0       ,281.7,28.7
1.904,100.831,323,1.2,1.1,2016-08-14,15:55,T,100,5.0       ,283.6,37.5
1.901,100.809,310.1,1.2,1.1,2016-08-14,15:55,T,69,5.0       ,279.5,19.4
1.914,100.829,328.7,1.2,1.1,2016-08-14,15:55,T,100,5.0       ,283.4,48.4
2.082,100.508,318,1.2,1.1,2016-08-14,15:55,T,74,5.0       ,280,27
2.085,100.512,318.4,1.2,1.1,2016-08-14,15:55,T,42,5.0       ,280.3,27.1
2.272,100.388,309.7,1.2,1.1,2016-08-14,15:55,T,67,5.0       ,281.3,18.4
2.188,99.136,305.9,1,1,2016-08-14,15:55,T,39,5.0       ,281.3,14.5
2.382,100.313,305.9,1.2,1.1,2016-08-14,15:55,T,38,5.0       ,276.6,15.8
2.937,103.34,309.9,1.9,1.3,2016-08-14,15:55,T,69,5.0       ,280,36.1
2.941,103.333,306.2,1.9,1.3,2016-08-14,15:55,T,42,5.0       ,279.9,26
4.877,96.749,307.1,1,1,2016-08-14,15:55,T,51,5.0       ,290.5,11.3
6.228,101.318,307.8,1.5,1.2,2016-08-14,15:55,T,56,5.0       ,289.8,18.2
-0.383,102.668,313.3,1.5,1.2,2016-08-14,15:55,T,82,5.0       ,291.6,25.8
-0.385,102.655,316.9,1.5,1.2,2016-08-14,15:55,T,92,5.0       ,291.6,32.5
0.67,102.065,324.1,1.4,1.2,2016-08-14,15:55,T,100,5.0       ,291.4,46.4
1.357,100.934,307.4,1.2,1.1,2016-08-14,15:55,T,54,5.0       ,274.4,17.9
2.457,111.646,312.2,4.5,2,2016-08-14,18:50,A,74,5.0       ,287.5,151.2
2.458,111.639,306.4,4.5,2,2016-08-14,18:50,A,37,5.0       ,287.7,98.7
2.451,111.679,309.1,4.6,2,2016-08-14,18:50,A,29,5.0       ,283.4,142.4
3.536,103.373,307.8,1.1,1,2016-08-14,18:50,A,56,5.0       ,287.4,11.7
3.512,103.212,314.1,1.1,1,2016-08-14,18:50,A,84,5.0       ,280,19.9
3.501,103.22,306.4,1.1,1,2016-08-14,18:50,A,42,5.0       ,283.3,11.3
2.552,103.67,318.8,1.2,1.1,2016-08-14,18:50,A,97,5.0       ,288.4,27.1
2.381,100.321,313.1,1,1,2016-08-14,18:50,A,81,5.0       ,280,19
2.279,100.393,307.4,1,1,2016-08-14,18:50,A,54,5.0       ,281.3,12.2
1.919,100.838,309.2,1,1,2016-08-14,18:50,A,65,5.0       ,272.9,16.6
1.91,100.836,328.5,1,1,2016-08-14,18:50,A,100,5.0       ,274.1,37.3
1.897,100.36,308.1,1,1,2016-08-14,18:50,A,58,5.0       ,273.3,16.5
1.731,101.299,308,1,1,2016-08-14,18:50,A,58,5.0       ,269.1,16.5
1.687,100.977,316,1,1,2016-08-14,18:50,A,90,5.0       ,274.7,23.3
1.54,101.538,313.6,1,1,2016-08-14,18:50,A,83,5.0       ,270.9,22.8
1.357,100.839,308.5,1,1,2016-08-14,18:50,A,37,5.0       ,269.8,12.4
1.349,100.828,324.1,1,1,2016-08-14,18:50,A,88,5.0       ,269.6,28.4
1.348,100.837,347.4,1,1,2016-08-14,18:50,A,100,5.0       ,272.4,65
1.347,100.846,335.3,1,1,2016-08-14,18:50,A,100,5.0       ,270,43.6
1.34,100.83,323.4,1,1,2016-08-14,18:50,A,100,5.0       ,271.6,33.3
1.339,100.839,323.4,1,1,2016-08-14,18:50,A,100,5.0       ,270.4,33.3
1.345,100.675,305.2,1,1,2016-08-14,18:50,A,24,5.0       ,272,12.9
1.343,100.684,320.7,1,1,2016-08-14,18:50,A,100,5.0       ,274.9,28.8
1.337,100.665,332.6,1,1,2016-08-14,18:50,A,100,5.0       ,273.5,44.8
1.336,100.674,317.1,1,1,2016-08-14,18:50,A,91,5.0       ,273.2,23.6
0.669,102.071,321.4,1,1,2016-08-14,18:50,A,100,5.0       ,280.8,29.4
-0.375,102.656,318.3,1.1,1,2016-08-14,18:50,A,96,5.0       ,291.9,22.8
-0.377,102.666,372.9,1.1,1,2016-08-14,18:50,A,100,5.0       ,295.5,158.7
29.705,106.133,320.4,1,1,2016-08-14,18:40,A,100,5.0       ,293.4,23.5