latitude,longitude,brightness,scan,track,acq_date,acq_time,satellite,confidence,version,bright_t31,frp
12.227,106.617,333.6,1,1,2016-02-22,06:20,A,59,5.0       ,312.5,16.1
11.838,103.982,331.8,1.2,1.1,2016-02-22,06:20,A,67,5.0       ,308.1,21.5
12.245,106.679,338.1,1,1,2016-02-22,06:20,A,86,5.0       ,312.3,24.4
11.88,104.129,326.1,1.2,1.1,2016-02-22,06:20,A,44,5.0       ,305.1,11.7
12.47,108.159,321.8,1.1,1,2016-02-22,06:20,A,59,5.0       ,306.3,9.2
12.314,106.774,340.6,1,1,2016-02-22,06:20,A,90,5.0       ,306.1,37.7
12.237,106.237,330.9,1,1,2016-02-22,06:20,A,73,5.0       ,304.5,17.2
12.235,106.228,331.6,1,1,2016-02-22,06:20,A,81,5.0       ,303.3,18.9
12.22,106.119,330.1,1,1,2016-02-22,06:20,A,58,5.0       ,308.7,14
12.517,108.162,324.3,1.1,1,2016-02-22,06:20,A,77,5.0       ,307.3,12.8
12.226,106.099,327.5,1,1,2016-02-22,06:20,A,79,5.0       ,307.6,10.9
12.253,106.226,327.2,1,1,2016-02-22,06:20,A,64,5.0       ,308.4,12.8
11.756,102.923,314,1.4,1.2,2016-02-22,06:20,A,56,5.0       ,299.8,14.6
12.223,105.893,329.6,1,1,2016-02-22,06:20,A,82,5.0       ,306.4,18.2
12.222,105.884,333.3,1,1,2016-02-22,06:20,A,85,5.0       ,307,24.6
12.435,107.234,331.6,1,1,2016-02-22,06:20,A,75,5.0       ,308,19.7
12.167,105.007,335,1.1,1,2016-02-22,06:20,A,87,5.0       ,310.2,23.1
12.353,106.083,336.6,1,1,2016-02-22,06:20,A,76,5.0       ,308,27.2
12.326,105.714,344.9,1,1,2016-02-22,06:20,A,93,5.0       ,302.8,48.3
12.363,105.84,330,1,1,2016-02-22,06:20,A,71,5.0       ,304.7,18.3
12.623,107.532,343.5,1,1,2016-02-22,06:20,A,92,5.0       ,309.6,38.9
12.632,107.531,333.6,1,1,2016-02-22,06:20,A,72,5.0       ,312,22.2
12.414,106.002,330.2,1,1,2016-02-22,06:20,A,72,5.0       ,309.5,14.7
12.399,105.835,333.4,1,1,2016-02-22,06:20,A,85,5.0       ,307.7,21.3
12.624,107.342,327.4,1,1,2016-02-22,06:20,A,47,5.0       ,309.6,14.2
12.409,105.843,329.8,1,1,2016-02-22,06:20,A,76,5.0       ,309,15.3
12.408,105.834,329,1,1,2016-02-22,06:20,A,81,5.0       ,308.5,13.6
12.397,105.76,341.2,1,1,2016-02-22,06:20,A,90,5.0       ,307.9,34.9
12.396,105.75,326.5,1,1,2016-02-22,06:20,A,78,5.0       ,306.1,11.9
12.153,104.111,327.1,1.2,1.1,2016-02-22,06:20,A,33,5.0       ,307.9,15.1
12.122,103.907,329.8,1.2,1.1,2016-02-22,06:20,A,55,5.0       ,304.1,26.7
12.126,103.911,325,1.2,1.1,2016-02-22,06:20,A,43,5.0       ,305.8,16.1
12.459,105.988,338.6,1,1,2016-02-22,06:20,A,89,5.0       ,309.8,28.2
12.668,107.386,332.3,1,1,2016-02-22,06:20,A,73,5.0       ,311,17.7
12.184,103.834,327,1.2,1.1,2016-02-22,06:20,A,55,5.0       ,306.4,22.3
12.532,106.108,334.4,1,1,2016-02-22,06:20,A,81,5.0       ,309.5,15.5
12.351,104.876,324.1,1.1,1,2016-02-22,06:20,A,45,5.0       ,306.5,11.5
12.583,106.399,329,1,1,2016-02-22,06:20,A,65,5.0       ,310.1,9.8
12.511,105.905,330.2,1,1,2016-02-22,06:20,A,68,5.0       ,309.9,13.7
12.52,105.907,337.9,1,1,2016-02-22,06:20,A,88,5.0       ,310.5,27.7
12.579,106.123,340.1,1,1,2016-02-22,06:20,A,90,5.0       ,305.9,28.2
12.578,106.114,364.5,1,1,2016-02-22,06:20,A,100,5.0       ,310.3,85.8
12.588,106.122,331.6,1,1,2016-02-22,06:20,A,84,5.0       ,308.3,12.4
12.587,106.113,348.6,1,1,2016-02-22,06:20,A,94,5.0       ,312.4,44
12.356,104.492,327.7,1.1,1.1,2016-02-22,06:20,A,62,5.0       ,309.1,15.8
12.289,103.856,329.5,1.2,1.1,2016-02-22,06:20,A,65,5.0       ,308.8,22.8
12.287,103.845,331.4,1.2,1.1,2016-02-22,06:20,A,76,5.0       ,305.2,26.8
12.357,104.239,331.3,1.1,1.1,2016-02-22,06:20,A,83,5.0       ,305.9,25
12.355,104.228,326.9,1.2,1.1,2016-02-22,06:20,A,70,5.0       ,305.5,16.4
12.307,103.909,328.8,1.2,1.1,2016-02-22,06:20,A,58,5.0       ,308,22.1
12.311,103.913,327.7,1.2,1.1,2016-02-22,06:20,A,42,5.0       ,306.4,19.3
12.201,103.087,330.8,1.3,1.1,2016-02-22,06:20,A,83,5.0       ,300.7,38
12.147,102.75,318.5,1.4,1.2,2016-02-22,06:20,A,67,5.0       ,300.3,20.1
12.454,104.655,329.8,1.1,1,2016-02-22,06:20,A,83,5.0       ,308.2,19.1
12.307,103.699,325.7,1.2,1.1,2016-02-22,06:20,A,37,5.0       ,304.6,16.9
12.605,105.604,338.8,1,1,2016-02-22,06:20,A,89,5.0       ,305.5,31.8
12.604,105.595,335.9,1,1,2016-02-22,06:20,A,87,5.0       ,309.2,27.3
12.214,102.971,312.8,1.4,1.2,2016-02-22,06:20,A,51,5.0       ,300.5,9.1
12.212,102.959,321.3,1.4,1.2,2016-02-22,06:20,A,74,5.0       ,300.8,24.4
12.334,103.672,352.9,1.2,1.1,2016-02-22,06:20,A,96,5.0       ,309.5,84.1
12.332,103.661,328.8,1.2,1.1,2016-02-22,06:20,A,49,5.0       ,309.6,21.9
12.68,105.924,332.5,1,1,2016-02-22,06:20,A,85,5.0       ,311.8,14.6
12.652,105.73,325.1,1,1,2016-02-22,06:20,A,45,5.0       ,301.6,10.9
12.65,105.721,333.2,1,1,2016-02-22,06:20,A,85,5.0       ,306.4,23.4
12.649,105.712,345.2,1,1,2016-02-22,06:20,A,93,5.0       ,304.7,46.6
12.504,104.668,321.4,1.1,1,2016-02-22,06:20,A,74,5.0       ,306.2,11.4
12.383,103.868,327.8,1.2,1.1,2016-02-22,06:20,A,23,5.0       ,310.1,17.3
12.325,103.488,323.5,1.3,1.1,2016-02-22,06:20,A,49,5.0       ,308.2,17.6
12.276,103.099,328.4,1.3,1.1,2016-02-22,06:20,A,77,5.0       ,308.5,20
12.677,105.72,331.5,1,1,2016-02-22,06:20,A,78,5.0       ,304.1,21.5
12.676,105.711,326.3,1,1,2016-02-22,06:20,A,64,5.0       ,306.5,14.2
12.532,104.749,319.1,1.1,1,2016-02-22,06:20,A,49,5.0       ,301.7,9.3
12.421,103.967,329.1,1.2,1.1,2016-02-22,06:20,A,52,5.0       ,309.8,16.3
12.658,105.341,344.4,1,1,2016-02-22,06:20,A,92,5.0       ,303.5,48.2
12.886,106.847,328.4,1,1,2016-02-22,06:20,A,75,5.0       ,309.7,13.9
12.724,105.723,337.5,1,1,2016-02-22,06:20,A,88,5.0       ,304.3,37.9
12.722,105.713,336.9,1,1,2016-02-22,06:20,A,88,5.0       ,303.6,36.7
12.711,105.639,333.8,1,1,2016-02-22,06:20,A,86,5.0       ,305.4,27.6
15.508,107.316,322.2,1.1,1,2016-02-22,06:20,A,75,5.0       ,299,20.2
15.394,106.427,317.7,1,1,2016-02-22,06:20,A,40,5.0       ,300.7,11.2
15.404,106.435,326.3,1,1,2016-02-22,06:20,A,77,5.0       ,301.4,19.6
15.403,106.426,337.5,1,1,2016-02-22,06:20,A,88,5.0       ,301.3,37.5
14.943,103.259,346.4,1.2,1.1,2016-02-22,06:20,A,93,5.0       ,307.7,57.8
14.941,103.248,332.9,1.2,1.1,2016-02-22,06:20,A,58,5.0       ,307.7,25.2
14.98,103.223,324.1,1.2,1.1,2016-02-22,06:20,A,45,5.0       ,305.8,12.8
15.471,106.381,324.9,1,1,2016-02-22,06:20,A,78,5.0       ,301.7,14.9
15.47,106.372,325.4,1,1,2016-02-22,06:20,A,79,5.0       ,305,15.8
14.402,99.632,327.4,2.2,1.4,2016-02-22,06:20,A,80,5.0       ,303.8,38.7
15.547,106.402,319.8,1,1,2016-02-22,06:20,A,42,5.0       ,304.7,8.3
15.546,106.392,337.5,1,1,2016-02-22,06:20,A,88,5.0       ,305.8,34.7
15.572,106.445,353.2,1,1,2016-02-22,06:20,A,97,5.0       ,304.6,69.9
14.81,101.482,320.7,1.6,1.2,2016-02-22,06:20,A,50,5.0       ,300.6,23.4
15.507,105.927,323,1,1,2016-02-22,06:20,A,73,5.0       ,306.6,10.3
15.093,103.165,327.7,1.2,1.1,2016-02-22,06:20,A,81,5.0       ,304.8,19.7
15.61,106.592,322.4,1,1,2016-02-22,06:20,A,60,5.0       ,306,11.6
15.609,106.582,323.5,1,1,2016-02-22,06:20,A,54,5.0       ,304.8,13.6
15.721,107.322,313,1.1,1,2016-02-22,06:20,A,57,5.0       ,297,10.9
15.562,105.993,324.4,1,1,2016-02-22,06:20,A,77,5.0       ,306.9,11.7
15.25,103.831,323.2,1.1,1.1,2016-02-22,06:20,A,31,5.0       ,305.5,12.8
15.249,103.821,325.4,1.1,1.1,2016-02-22,06:20,A,58,5.0       ,308.2,15.5
15.22,103.45,324.4,1.2,1.1,2016-02-22,06:20,A,75,5.0       ,305.9,12.8
15.105,102.589,328.7,1.3,1.1,2016-02-22,06:20,A,82,5.0       ,307.4,23.3
15.655,106.123,327.5,1,1,2016-02-22,06:20,A,71,5.0       ,308.3,14.3
15.232,103.27,326.2,1.2,1.1,2016-02-22,06:20,A,79,5.0       ,306.3,16.4
15.23,103.259,320.2,1.2,1.1,2016-02-22,06:20,A,61,5.0       ,303.8,6.8
15.676,106.205,320.6,1,1,2016-02-22,06:20,A,60,5.0       ,305.7,7.2
15.663,106.113,325.3,1,1,2016-02-22,06:20,A,62,5.0       ,308.6,9.7
15.659,106.085,322.8,1,1,2016-02-22,06:20,A,51,5.0       ,307,8.8
15.87,107.479,311.3,1.1,1,2016-02-22,06:20,A,42,5.0       ,299.4,7.1
15.307,103.484,320.1,1.2,1.1,2016-02-22,06:20,A,67,5.0       ,303.9,9.6
15.375,103.858,327.5,1.1,1.1,2016-02-22,06:20,A,81,5.0       ,308.2,14.6
15.437,103.951,325.6,1.1,1,2016-02-22,06:20,A,63,5.0       ,305.7,18.4
15.708,105.528,317.9,1,1,2016-02-22,06:20,A,51,5.0       ,300.9,6.4
15.272,102.548,351.1,1.3,1.1,2016-02-22,06:20,A,96,5.0       ,306.7,79.2
15.572,104.23,318.9,1.1,1,2016-02-22,06:20,A,36,5.0       ,303.3,7.4
15.488,103.674,326.8,1.1,1.1,2016-02-22,06:20,A,71,5.0       ,308.6,10.8
15.398,103.025,330.3,1.2,1.1,2016-02-22,06:20,A,69,5.0       ,309,18.6
15.401,103.031,326.1,1.2,1.1,2016-02-22,06:20,A,60,5.0       ,308.9,13
15.331,102.408,324.1,1.3,1.1,2016-02-22,06:20,A,51,5.0       ,302.5,11.1
16.118,107.678,317.5,1.1,1,2016-02-22,06:20,A,68,5.0       ,301.3,12.2
15.433,102.921,329.7,1.2,1.1,2016-02-22,06:20,A,83,5.0       ,309.8,17.4
15.424,102.734,328.2,1.3,1.1,2016-02-22,06:20,A,81,5.0       ,308.9,13.7
15.423,102.722,328.4,1.3,1.1,2016-02-22,06:20,A,73,5.0       ,308.9,15.3
15.47,102.961,323.3,1.2,1.1,2016-02-22,06:20,A,41,5.0       ,307.1,10.7
15.887,105.619,325.3,1,1,2016-02-22,06:20,A,58,5.0       ,307.9,16.6
15.912,105.407,330.9,1,1,2016-02-22,06:20,A,83,5.0       ,309.1,16.7
16.24,107.684,310,1.1,1,2016-02-22,06:20,A,24,5.0       ,298.7,6.6
15.506,102.665,325.2,1.3,1.1,2016-02-22,06:20,A,78,5.0       ,308.5,14.3
15.124,100.316,322.8,1.9,1.3,2016-02-22,06:20,A,43,5.0       ,300.9,33.5
15.308,101.361,325,1.6,1.2,2016-02-22,06:20,A,61,5.0       ,301.1,22.8
16.262,107.665,311.5,1.1,1,2016-02-22,06:20,A,35,5.0       ,298.4,8
16.011,105.272,336.2,1,1,2016-02-22,06:20,A,87,5.0       ,307.4,27.9
16.021,105.273,328.4,1,1,2016-02-22,06:20,A,58,5.0       ,304.8,20
16.02,105.264,325.8,1,1,2016-02-22,06:20,A,24,5.0       ,307.4,15.4
16.362,107.654,312.7,1.1,1,2016-02-22,06:20,A,55,5.0       ,298.4,8.9
16.361,107.644,327.5,1.1,1,2016-02-22,06:20,A,81,5.0       ,299.1,29.8
15.352,100.721,326.2,1.7,1.3,2016-02-22,06:20,A,37,5.0       ,303.5,31.3
14.895,98.102,317.4,2.8,1.6,2016-02-22,06:20,A,68,5.0       ,296.7,53
16.33,107.001,335.8,1,1,2016-02-22,06:20,A,87,5.0       ,299.8,38.5
16.329,106.992,353.9,1,1,2016-02-22,06:20,A,97,5.0       ,300.7,79
15.97,104.49,321.8,1,1,2016-02-22,06:20,A,74,5.0       ,303.1,9.4
15.265,99.988,322.4,2,1.4,2016-02-22,06:20,A,58,5.0       ,300.3,35.4
15.262,99.97,319.7,2,1.4,2016-02-22,06:20,A,38,5.0       ,299,29.5
16.351,107.018,322.2,1,1,2016-02-22,06:20,A,75,5.0       ,301.7,16.6
16.35,107.008,323,1,1,2016-02-22,06:20,A,76,5.0       ,300.9,17.7
15.268,99.982,322.4,2,1.4,2016-02-22,06:20,A,49,5.0       ,298.6,35.2
16.377,106.949,333.7,1,1,2016-02-22,06:20,A,86,5.0       ,300.3,36.6
16.176,105.518,326.1,1,1,2016-02-22,06:20,A,79,5.0       ,307.3,11.3
16.175,105.509,324,1,1,2016-02-22,06:20,A,63,5.0       ,307.2,7.8
16.401,107.054,312.9,1,1,2016-02-22,06:20,A,43,5.0       ,300.6,7.3
16.474,107.457,323.6,1.1,1,2016-02-22,06:20,A,77,5.0       ,297.9,22.6
16.401,106.646,323.9,1,1,2016-02-22,06:20,A,77,5.0       ,301.3,21.1
16.44,106.797,315.6,1,1,2016-02-22,06:20,A,63,5.0       ,302.6,9.5
16.324,105.715,324.3,1,1,2016-02-22,06:20,A,65,5.0       ,308.1,10.2
16.374,105.935,325.3,1,1,2016-02-22,06:20,A,66,5.0       ,306.9,13
15.561,100.654,326.1,1.7,1.3,2016-02-22,06:20,A,71,5.0       ,302.9,25.9
15.558,100.65,326.6,1.7,1.3,2016-02-22,06:20,A,59,5.0       ,302.8,28.6
16.638,107.238,314.6,1.1,1,2016-02-22,06:20,A,41,5.0       ,298.7,9.6
16.647,107.236,323.8,1.1,1,2016-02-22,06:20,A,77,5.0       ,298.9,22.6
16.164,103.458,327.9,1.1,1.1,2016-02-22,06:20,A,69,5.0       ,306.4,21.2
15.381,98.756,317.5,2.4,1.5,2016-02-22,06:20,A,62,5.0       ,297.5,49.1
16.644,106.675,337,1,1,2016-02-22,06:20,A,88,5.0       ,301.6,38.7
16.643,106.666,338.3,1,1,2016-02-22,06:20,A,89,5.0       ,302.3,41.1
16.248,103.948,324.5,1.1,1,2016-02-22,06:20,A,78,5.0       ,305.9,11.8
16.555,105.847,323.5,1,1,2016-02-22,06:20,A,76,5.0       ,305.9,11
16.656,105.977,313.9,1,1,2016-02-22,06:20,A,59,5.0       ,301.4,7.5
16.8,106.875,310.7,1,1,2016-02-22,06:20,A,42,5.0       ,299,6.9
16.138,102.124,321.3,1.3,1.1,2016-02-22,06:20,A,66,5.0       ,304.6,13.1
16.329,102.938,325.6,1.2,1.1,2016-02-22,06:20,A,70,5.0       ,306,14.9
16.737,105.384,334.3,1,1,2016-02-22,06:20,A,86,5.0       ,307.3,25.3
15.831,99.29,318.4,2.2,1.4,2016-02-22,06:20,A,60,5.0       ,299.1,36.7
16.778,105.095,330,1,1,2016-02-22,06:20,A,83,5.0       ,308.2,15.1
16.747,104.821,330.1,1,1,2016-02-22,06:20,A,83,5.0       ,307.2,18.7
16.671,104.307,317.3,1,1,2016-02-22,06:20,A,47,5.0       ,302,8.5
17.076,106.816,317.2,1,1,2016-02-22,06:20,A,63,5.0       ,297.8,14.7
17.102,106.941,312.2,1.1,1,2016-02-22,06:20,A,48,5.0       ,299.9,8
17.085,106.814,337.3,1,1,2016-02-22,06:20,A,88,5.0       ,298.7,45.5
17.084,106.805,322.3,1,1,2016-02-22,06:20,A,75,5.0       ,299.6,21.5
16.706,104.176,322.7,1.1,1,2016-02-22,06:20,A,76,5.0       ,304.8,13
16.815,104.843,336.7,1,1,2016-02-22,06:20,A,88,5.0       ,307.3,28.9
16.813,104.834,332.6,1,1,2016-02-22,06:20,A,85,5.0       ,307,21.9
16.716,104.184,321.4,1.1,1,2016-02-22,06:20,A,69,5.0       ,303.3,10.5
16.715,104.175,335,1.1,1,2016-02-22,06:20,A,87,5.0       ,304.1,31.8
17.095,106.754,323.3,1,1,2016-02-22,06:20,A,76,5.0       ,297.6,23.1
16.824,104.842,337,1,1,2016-02-22,06:20,A,88,5.0       ,306.7,30.3
16.822,104.832,334.6,1,1,2016-02-22,06:20,A,86,5.0       ,306.4,26.3
16.817,104.795,323,1,1,2016-02-22,06:20,A,63,5.0       ,306.5,9.5
16.124,100.443,318.6,1.8,1.3,2016-02-22,06:20,A,17,5.0       ,298.1,21.1
16.826,104.793,325.1,1,1,2016-02-22,06:20,A,69,5.0       ,307.1,13.7
16.597,103.28,324.5,1.1,1.1,2016-02-22,06:20,A,78,5.0       ,307.7,9.8
16.606,103.278,327.7,1.1,1.1,2016-02-22,06:20,A,81,5.0       ,307.5,14.4
16.42,102.031,324.8,1.4,1.2,2016-02-22,06:20,A,73,5.0       ,305.8,17.5
16.432,102.042,324.2,1.3,1.2,2016-02-22,06:20,A,67,5.0       ,305.4,13.6
16.43,102.029,341,1.4,1.2,2016-02-22,06:20,A,90,5.0       ,306.6,55.7
16.893,105.003,322.9,1,1,2016-02-22,06:20,A,54,5.0       ,304.5,12.1
16.61,103.084,334.5,1.2,1.1,2016-02-22,06:20,A,86,5.0       ,308.2,29.1
16.608,103.073,329.3,1.2,1.1,2016-02-22,06:20,A,82,5.0       ,307.4,18.8
16.936,105.162,329.5,1,1,2016-02-22,06:20,A,71,5.0       ,305,19.8
16.904,104.947,323.9,1,1,2016-02-22,06:20,A,56,5.0       ,305.2,11.9
16.903,104.938,324,1,1,2016-02-22,06:20,A,63,5.0       ,304.7,11.6
17.049,105.695,330.3,1,1,2016-02-22,06:20,A,83,5.0       ,304,23
17.048,105.686,328.8,1,1,2016-02-22,06:20,A,82,5.0       ,303.1,20.7
16.625,102.868,352,1.2,1.1,2016-02-22,06:20,A,96,5.0       ,309.2,74.3
16.623,102.857,339.5,1.2,1.1,2016-02-22,06:20,A,89,5.0       ,307.9,41.7
17.195,106.673,311.8,1,1,2016-02-22,06:20,A,45,5.0       ,297.2,9.3
16.998,105.152,344.7,1,1,2016-02-22,06:20,A,92,5.0       ,306.1,43.5
16.997,105.143,332,1,1,2016-02-22,06:20,A,82,5.0       ,305.3,20.4
16.655,102.806,327.5,1.2,1.1,2016-02-22,06:20,A,81,5.0       ,306.8,17.9
16.658,102.811,322.3,1.2,1.1,2016-02-22,06:20,A,72,5.0       ,305.9,9.4
16.834,103.432,338.3,1.1,1.1,2016-02-22,06:20,A,89,5.0       ,307.6,41
16.843,103.43,343.5,1.1,1.1,2016-02-22,06:20,A,92,5.0       ,307.2,51.6
16.842,103.42,322.4,1.1,1.1,2016-02-22,06:20,A,44,5.0       ,307.1,11.8
16.705,102.535,330.7,1.2,1.1,2016-02-22,06:20,A,76,5.0       ,308.1,22.4
16.707,102.54,325.7,1.2,1.1,2016-02-22,06:20,A,46,5.0       ,307,13
16.705,102.528,325.9,1.2,1.1,2016-02-22,06:20,A,58,5.0       ,307.9,14.2
17.321,106.583,340.6,1,1,2016-02-22,06:20,A,90,5.0       ,296.1,51.2
17.136,105.27,319.4,1,1,2016-02-22,06:20,A,52,5.0       ,302.2,10.5
17.286,106.199,312.9,1,1,2016-02-22,06:20,A,56,5.0       ,299.3,9.1
17.399,106.61,312.2,1,1,2016-02-22,06:20,A,53,5.0       ,297.4,9.4
-11.725,142.499,327.8,2,1.4,2016-02-22,04:35,A,72,5.0       ,302.9,48.7
-11.712,142.497,326.8,2,1.4,2016-02-22,04:35,A,53,5.0       ,302.2,46.2
-11.664,142.691,321.9,2.1,1.4,2016-02-22,04:35,A,52,5.0       ,301.5,36.6
-2.579,140.603,317.3,2.1,1.4,2016-02-22,04:35,A,16,5.0       ,295.4,22.8
-2.605,133.375,313.9,1,1,2016-02-22,04:35,A,31,5.0       ,295.9,7.3
-1.378,132.231,337,1.1,1.1,2016-02-22,04:35,A,76,5.0       ,295.5,48.2
0.841,128.245,313.4,1.9,1.3,2016-02-22,04:40,A,23,5.0       ,296.5,23.2
0.777,127.37,313.2,2.2,1.4,2016-02-22,04:40,A,0,5.0       ,295.7,40.2
1.243,128.695,320.2,1.7,1.3,2016-02-22,04:40,A,68,5.0       ,293.7,38
7.197,122.072,312.9,4.5,2,2016-02-22,04:40,A,32,5.0       ,294.9,72.4
7.189,122.028,314.1,4.5,2,2016-02-22,04:40,A,41,5.0       ,294.8,84.4
7.22,122.105,312.4,4.5,1.9,2016-02-22,04:40,A,31,5.0       ,294.2,64.5
7.214,122.066,316.4,4.5,2,2016-02-22,04:40,A,65,5.0       ,294.9,105.5
8.039,124.547,312.1,2.8,1.6,2016-02-22,04:40,A,28,5.0       ,291.3,38.1
7.746,122.303,310.6,4.2,1.9,2016-02-22,04:40,A,41,5.0       ,294.8,48.5
7.749,122.299,310.7,4.2,1.9,2016-02-22,04:40,A,42,5.0       ,294.6,50.1
7.957,122.924,310.9,3.8,1.8,2016-02-22,04:40,A,40,5.0       ,294.7,45.1
8.029,123.004,314.4,3.7,1.8,2016-02-22,04:40,A,41,5.0       ,296,63.5
8.025,122.977,324.7,3.7,1.8,2016-02-22,04:40,A,78,5.0       ,295.3,145.7
8.018,122.935,322.7,3.7,1.8,2016-02-22,04:40,A,76,5.0       ,295.6,126.7
8.032,122.971,321.5,3.7,1.8,2016-02-22,04:40,A,52,5.0       ,295,106.5
9.636,122.576,311.5,3.7,1.8,2016-02-22,04:40,A,49,5.0       ,294.4,40.2
9.628,122.572,313.2,3.7,1.8,2016-02-22,04:40,A,57,5.0       ,294.5,50.5
10.046,122.863,315.7,3.4,1.7,2016-02-22,04:40,A,30,5.0       ,297.3,43.3
14.986,120.217,314.5,4.4,1.9,2016-02-22,04:40,A,28,5.0       ,296.6,80.4
10.291,105.467,321,1.1,1,2016-02-22,06:20,A,68,5.0       ,302.4,11.6
10.343,105.694,316.4,1,1,2016-02-22,06:20,A,37,5.0       ,300.3,6.8
10.402,105.909,319,1,1,2016-02-22,06:20,A,70,5.0       ,301.3,11.5
10.401,105.899,314.4,1,1,2016-02-22,06:20,A,61,5.0       ,300.8,7.2
10.427,106.01,322.5,1,1,2016-02-22,06:20,A,55,5.0       ,302.7,13.3
10.418,105.954,318.7,1,1,2016-02-22,06:20,A,44,5.0       ,302.7,9.8
10.45,106.044,321.7,1,1,2016-02-22,06:20,A,74,5.0       ,302.2,12.3
10.449,106.035,317.2,1,1,2016-02-22,06:20,A,48,5.0       ,302.3,7.4
10.44,105.912,315.4,1,1,2016-02-22,06:20,A,34,5.0       ,301,6.7
10.503,106.026,317.6,1,1,2016-02-22,06:20,A,58,5.0       ,302.9,6.9
10.548,106.089,313.4,1,1,2016-02-22,06:20,A,53,5.0       ,300.6,5.7
10.365,104.794,324,1.1,1.1,2016-02-22,06:20,A,76,5.0       ,300.5,20
10.42,105.034,315.9,1.1,1,2016-02-22,06:20,A,42,5.0       ,298.5,10.6
10.599,106.119,323.7,1,1,2016-02-22,06:20,A,77,5.0       ,302.2,17.4
10.597,106.11,323.7,1,1,2016-02-22,06:20,A,77,5.0       ,303.3,17.5
10.592,105.569,319.5,1.1,1,2016-02-22,06:20,A,71,5.0       ,302.9,11.7
10.749,105.952,316.9,1,1,2016-02-22,06:20,A,66,5.0       ,301.1,10.6
10.723,105.775,314.9,1,1,2016-02-22,06:20,A,35,5.0       ,301,6.9
10.73,105.755,318.9,1,1,2016-02-22,06:20,A,59,5.0       ,302.3,11.2
10.728,105.745,316.3,1,1,2016-02-22,06:20,A,51,5.0       ,301.2,8.3
10.637,104.764,327.9,1.1,1.1,2016-02-22,06:20,A,62,5.0       ,309.6,15.8
11.097,107.86,321,1,1,2016-02-22,06:20,A,41,5.0       ,307.1,11
11.17,108.118,336,1,1,2016-02-22,06:20,A,85,5.0       ,308.2,26.2
10.806,105.341,319.6,1.1,1,2016-02-22,06:20,A,67,5.0       ,305.3,12.5
11.289,108.656,326.8,1.1,1,2016-02-22,06:20,A,68,5.0       ,309.7,15.9
10.854,105.413,335.2,1.1,1,2016-02-22,06:20,A,87,5.0       ,304.7,34.2
10.853,105.403,323.7,1.1,1,2016-02-22,06:20,A,70,5.0       ,303.1,14.6
10.804,105.072,318.1,1.1,1,2016-02-22,06:20,A,69,5.0       ,300.7,11.6
10.988,106.261,325.1,1,1,2016-02-22,06:20,A,78,5.0       ,302.8,17.3
10.841,105.257,316.9,1.1,1,2016-02-22,06:20,A,50,5.0       ,302,10.7
10.857,105.304,336.5,1.1,1,2016-02-22,06:20,A,88,5.0       ,305.1,33.5
10.856,105.294,332,1.1,1,2016-02-22,06:20,A,47,5.0       ,303.8,24.4
10.864,105.296,322.1,1.1,1,2016-02-22,06:20,A,51,5.0       ,302.9,14
10.847,105.059,313.8,1.1,1,2016-02-22,06:20,A,28,5.0       ,300.7,7.8
11.044,106.265,316.1,1,1,2016-02-22,06:20,A,31,5.0       ,298.7,7.7
11.417,108.386,334.3,1.1,1,2016-02-22,06:20,A,86,5.0       ,309.2,23.8
11.479,108.769,323.4,1.1,1,2016-02-22,06:20,A,64,5.0       ,307.1,9.8
10.723,103.59,324.1,1.3,1.1,2016-02-22,06:20,A,63,5.0       ,308.1,19.3
10.935,104.363,333,1.2,1.1,2016-02-22,06:20,A,85,5.0       ,307.6,26.5
11.543,108.222,322.1,1.1,1,2016-02-22,06:20,A,65,5.0       ,307,12.6
11.542,108.212,331.6,1.1,1,2016-02-22,06:20,A,84,5.0       ,304.6,28.3
11.497,107.507,334.8,1,1,2016-02-22,06:20,A,86,5.0       ,304.2,29.7
11.496,107.498,320.7,1,1,2016-02-22,06:20,A,58,5.0       ,303.7,8.9
10.899,103.201,350.6,1.4,1.2,2016-02-22,06:20,A,90,5.0       ,306.6,95.6
10.991,103.737,327.3,1.3,1.1,2016-02-22,06:20,A,58,5.0       ,308.6,13.2
10.991,103.731,327.1,1.3,1.1,2016-02-22,06:20,A,45,5.0       ,309,12.7
10.907,103.205,327.3,1.4,1.2,2016-02-22,06:20,A,46,5.0       ,305.4,28.1
11.14,104.372,332.1,1.2,1.1,2016-02-22,06:20,A,84,5.0       ,309.4,23.4
11.139,104.361,325.5,1.2,1.1,2016-02-22,06:20,A,47,5.0       ,307.2,11.5
11.69,107.768,319.6,1,1,2016-02-22,06:20,A,50,5.0       ,306.2,8.4
11.699,107.767,328.4,1,1,2016-02-22,06:20,A,81,5.0       ,304.5,21.5
11.013,103.157,314,1.4,1.2,2016-02-22,06:20,A,60,5.0       ,300.6,13.3
11.151,103.839,322.3,1.2,1.1,2016-02-22,06:20,A,34,5.0       ,306.9,13.3
11.169,103.825,320.4,1.3,1.1,2016-02-22,06:20,A,28,5.0       ,305,10.5
11.165,103.732,321.2,1.3,1.1,2016-02-22,06:20,A,65,5.0       ,303.1,16.9
11.45,105.576,329.4,1,1,2016-02-22,06:20,A,78,5.0       ,309.7,14.8
11.399,105.176,318.3,1.1,1,2016-02-22,06:20,A,56,5.0       ,301.9,10.4
11.397,105.167,327.5,1.1,1,2016-02-22,06:20,A,81,5.0       ,300.2,23.6
11.935,108.396,325.9,1.1,1,2016-02-22,06:20,A,79,5.0       ,301.4,21.1
11.254,103.711,340.5,1.3,1.1,2016-02-22,06:20,A,86,5.0       ,306.7,52.1
11.905,107.926,321.5,1,1,2016-02-22,06:20,A,70,5.0       ,304.2,11.9
11.961,107.995,324.5,1,1,2016-02-22,06:20,A,65,5.0       ,305.4,18.9
11.24,103.095,325.9,1.4,1.2,2016-02-22,06:20,A,69,5.0       ,302.3,32.3
11.971,107.993,335,1,1,2016-02-22,06:20,A,87,5.0       ,304.3,33.8
11.969,107.984,335.3,1,1,2016-02-22,06:20,A,87,5.0       ,306.7,33.4
12.012,108.03,319.1,1.1,1,2016-02-22,06:20,A,62,5.0       ,305.2,11.9
12.015,107.981,320.3,1,1,2016-02-22,06:20,A,64,5.0       ,304.2,13.8
12.014,107.971,324.9,1,1,2016-02-22,06:20,A,68,5.0       ,305,18.5
11.348,103.261,323.9,1.3,1.1,2016-02-22,06:20,A,77,5.0       ,305.4,24.7
12.04,107.702,324.1,1,1,2016-02-22,06:20,A,76,5.0       ,308.8,10.2
11.555,104.33,333.9,1.2,1.1,2016-02-22,06:20,A,80,5.0       ,312,23.1
11.579,104.294,332.8,1.2,1.1,2016-02-22,06:20,A,76,5.0       ,310.4,22.1
11.577,103.809,318.2,1.2,1.1,2016-02-22,06:20,A,32,5.0       ,304.7,13.2
11.736,104.653,326.7,1.1,1.1,2016-02-22,06:20,A,79,5.0       ,308.6,10.6
11.683,104.107,331.3,1.2,1.1,2016-02-22,06:20,A,75,5.0       ,309.6,19.4
11.666,103.858,330.8,1.2,1.1,2016-02-22,06:20,A,58,5.0       ,309.3,20
11.614,103.53,312.9,1.3,1.1,2016-02-22,06:20,A,51,5.0       ,297.3,9.9
11.613,103.518,310.6,1.3,1.1,2016-02-22,06:20,A,19,5.0       ,296.1,6.5
11.82,104.541,326.5,1.1,1.1,2016-02-22,06:20,A,71,5.0       ,308.7,9.5
12.17,106.799,354.9,1,1,2016-02-22,06:20,A,97,5.0       ,312.7,62.1
12.071,106.051,332.1,1,1,2016-02-22,06:20,A,84,5.0       ,309,21
12.122,106.074,325.6,1,1,2016-02-22,06:20,A,54,5.0       ,306.3,9.7
12.234,106.792,341.2,1,1,2016-02-22,06:20,A,80,5.0       ,306.6,33.6
12.244,106.8,341.2,1,1,2016-02-22,06:20,A,89,5.0       ,306.3,39.3
12.243,106.791,348,1,1,2016-02-22,06:20,A,94,5.0       ,308.7,50.1
12.229,106.626,333.6,1,1,2016-02-22,06:20,A,70,5.0       ,313.5,15.2
12.356,103.227,336.3,1.3,1.1,2016-02-22,06:20,A,87,5.0       ,308,41.1
12.599,104.688,325,1.1,1,2016-02-22,06:20,A,77,5.0       ,302.8,19.2
12.597,104.678,326,1.1,1,2016-02-22,06:20,A,69,5.0       ,304.5,20.1
12.76,105.717,327.5,1,1,2016-02-22,06:20,A,81,5.0       ,302.4,22.1
12.758,105.708,334.5,1,1,2016-02-22,06:20,A,86,5.0       ,304.3,33.4
12.42,103.438,316.6,1.3,1.1,2016-02-22,06:20,A,39,5.0       ,301.2,10.4
13.063,107.716,333,1,1,2016-02-22,06:20,A,85,5.0       ,313.7,14.1
12.782,105.679,316.3,1,1,2016-02-22,06:20,A,66,5.0       ,300.2,9
12.775,105.632,315.1,1,1,2016-02-22,06:20,A,63,5.0       ,300.2,8.2
12.899,106.419,344.5,1,1,2016-02-22,06:20,A,92,5.0       ,313.7,32.9
12.654,104.693,325.4,1.1,1,2016-02-22,06:20,A,70,5.0       ,303.4,17.9
12.759,105.27,333.7,1,1,2016-02-22,06:20,A,86,5.0       ,302.9,26.1
13.216,108.423,317.2,1.1,1.1,2016-02-22,06:20,A,52,5.0       ,302.2,12.8
12.469,103.153,323,1.3,1.1,2016-02-22,06:20,A,17,5.0       ,306,14.7
13.056,107.072,331.5,1,1,2016-02-22,06:20,A,50,5.0       ,311,13
12.929,105.933,326.6,1,1,2016-02-22,06:20,A,49,5.0       ,303.9,12.4
12.925,105.905,325.2,1,1,2016-02-22,06:20,A,57,5.0       ,305.7,11.5
12.924,105.896,328.2,1,1,2016-02-22,06:20,A,78,5.0       ,304.4,14.9
12.731,104.593,325.5,1.1,1,2016-02-22,06:20,A,74,5.0       ,303.2,18.6
12.513,103.116,345.4,1.3,1.1,2016-02-22,06:20,A,93,5.0       ,304.3,71.7
12.511,103.104,342.2,1.3,1.1,2016-02-22,06:20,A,91,5.0       ,304.8,63.2
13.13,107.014,335.2,1,1,2016-02-22,06:20,A,87,5.0       ,315.2,14.1
12.93,105.622,328.8,1,1,2016-02-22,06:20,A,82,5.0       ,302.5,20.9
13.148,107.07,335,1,1,2016-02-22,06:20,A,78,5.0       ,314.3,17.9
12.717,104.085,325.8,1.2,1.1,2016-02-22,06:20,A,76,5.0       ,306,21
12.598,103.131,324,1.3,1.1,2016-02-22,06:20,A,29,5.0       ,304.7,16.7
12.761,103.991,322.2,1.2,1.1,2016-02-22,06:20,A,75,5.0       ,303.4,14.1
12.646,103.245,345.3,1.3,1.1,2016-02-22,06:20,A,93,5.0       ,309.9,60.8
13.26,107.281,330.2,1,1,2016-02-22,06:20,A,80,5.0       ,310.6,11.6
12.765,103.809,328.1,1.2,1.1,2016-02-22,06:20,A,81,5.0       ,302.9,29
13.431,108.261,326.9,1.1,1,2016-02-22,06:20,A,52,5.0       ,309.3,12.2
12.856,103.799,320.1,1.2,1.1,2016-02-22,06:20,A,29,5.0       ,304.3,12.7
13.277,106.487,329.7,1,1,2016-02-22,06:20,A,52,5.0       ,311,16.5
12.852,103.516,328.4,1.2,1.1,2016-02-22,06:20,A,80,5.0       ,308.8,19.4
12.81,103.241,328.8,1.3,1.1,2016-02-22,06:20,A,66,5.0       ,307.9,18.6
13.128,105.275,322.8,1,1,2016-02-22,06:20,A,59,5.0       ,304.2,9.2
12.879,103.558,326,1.2,1.1,2016-02-22,06:20,A,79,5.0       ,302,22.9
12.332,99.986,325.4,2.2,1.5,2016-02-22,06:20,A,0,5.0       ,302.5,45.3
13.446,107.102,333.4,1,1,2016-02-22,06:20,A,71,5.0       ,312.1,17.2
13.333,106.304,330.4,1,1,2016-02-22,06:20,A,82,5.0       ,305.7,20.3
13.332,106.295,336.5,1,1,2016-02-22,06:20,A,88,5.0       ,302.5,29.8
12.329,99.982,323.9,2.2,1.5,2016-02-22,06:20,A,0,5.0       ,303.1,45.2
13.138,104.847,329,1.1,1,2016-02-22,06:20,A,80,5.0       ,304,19.1
13.677,108.579,324.4,1.1,1.1,2016-02-22,06:20,A,46,5.0       ,304.4,13.9
13.349,106.162,330,1,1,2016-02-22,06:20,A,63,5.0       ,310.1,17.6
13.321,105.904,325.9,1,1,2016-02-22,06:20,A,63,5.0       ,305.9,14
13.577,107.507,327.5,1,1,2016-02-22,06:20,A,74,5.0       ,306.1,15.2
13.575,107.498,326.8,1,1,2016-02-22,06:20,A,77,5.0       ,306.7,14.1
13.428,106.321,328.8,1,1,2016-02-22,06:20,A,55,5.0       ,310.3,11.8
13.146,104.414,325.4,1.1,1,2016-02-22,06:20,A,58,5.0       ,303.2,10.7
13.144,104.404,325.3,1.1,1,2016-02-22,06:20,A,37,5.0       ,303.3,10.7
13.612,107.492,326.1,1,1,2016-02-22,06:20,A,59,5.0       ,307.7,10.2
13.305,105.284,332.5,1,1,2016-02-22,06:20,A,58,5.0       ,309.2,21.8
13.414,105.968,325.7,1,1,2016-02-22,06:20,A,56,5.0       ,307.6,8.6
13.36,105.288,326.3,1,1,2016-02-22,06:20,A,38,5.0       ,308.1,12.8
13.817,108.325,325.6,1.1,1.1,2016-02-22,06:20,A,64,5.0       ,307.8,15.3
13.848,108.414,325.1,1.1,1.1,2016-02-22,06:20,A,41,5.0       ,305.2,11.5
13.485,105.829,349.7,1,1,2016-02-22,06:20,A,95,5.0       ,307.6,54.2
13.494,105.828,343.4,1,1,2016-02-22,06:20,A,92,5.0       ,308.2,40
13.75,107.495,323.9,1,1,2016-02-22,06:20,A,34,5.0       ,306.5,11.5
13.681,107.008,329.1,1,1,2016-02-22,06:20,A,82,5.0       ,308.5,18.3
13.68,106.998,323.8,1,1,2016-02-22,06:20,A,59,5.0       ,306.4,10.5
13.881,108.329,324.3,1.1,1.1,2016-02-22,06:20,A,66,5.0       ,303.3,19.2
13.901,108.41,320.9,1.1,1.1,2016-02-22,06:20,A,29,5.0       ,304.5,11.8
13.626,106.353,332.7,1,1,2016-02-22,06:20,A,62,5.0       ,313.2,15.7
13.562,105.783,327.2,1,1,2016-02-22,06:20,A,40,5.0       ,308.2,12
13.561,105.773,330.3,1,1,2016-02-22,06:20,A,73,5.0       ,305.7,18.1
13.794,107.347,333,1,1,2016-02-22,06:20,A,57,5.0       ,307.7,20.2
13.539,105.56,321.8,1,1,2016-02-22,06:20,A,74,5.0       ,304.8,13.6
13.43,104.762,335.3,1.1,1,2016-02-22,06:20,A,87,5.0       ,309.4,26.3
13.429,104.752,327.6,1.1,1,2016-02-22,06:20,A,60,5.0       ,305.6,13.1
13.69,106.483,330.1,1,1,2016-02-22,06:20,A,76,5.0       ,311.4,15.4
13.588,105.769,327.8,1,1,2016-02-22,06:20,A,51,5.0       ,307.5,15.1
13.8,107.192,333.6,1,1,2016-02-22,06:20,A,76,5.0       ,309.3,22.1
13.799,107.183,334.6,1,1,2016-02-22,06:20,A,86,5.0       ,307.3,25.3
13.742,106.785,327.5,1,1,2016-02-22,06:20,A,66,5.0       ,306.6,12.9
13.599,105.786,331.4,1,1,2016-02-22,06:20,A,84,5.0       ,307.1,19
13.598,105.777,327.9,1,1,2016-02-22,06:20,A,64,5.0       ,307.2,14.1
13.727,106.481,333.8,1,1,2016-02-22,06:20,A,86,5.0       ,308.4,24.5
13.428,104.454,328.1,1.1,1,2016-02-22,06:20,A,41,5.0       ,306.6,15.8
13.426,104.444,329.7,1.1,1,2016-02-22,06:20,A,57,5.0       ,308.3,19.4
13.589,105.153,334.1,1,1,2016-02-22,06:20,A,77,5.0       ,310.1,16.1
13.908,107.241,328.2,1,1,2016-02-22,06:20,A,81,5.0       ,309.2,14.9
13.697,105.693,337.9,1,1,2016-02-22,06:20,A,84,5.0       ,301.6,38.5
13.723,105.811,330.1,1,1,2016-02-22,06:20,A,70,5.0       ,312,12.4
13.577,104.826,334.2,1.1,1,2016-02-22,06:20,A,76,5.0       ,309.5,18.9
13.885,106.817,336.6,1,1,2016-02-22,06:20,A,88,5.0       ,308.9,28.7
13.884,106.808,330.6,1,1,2016-02-22,06:20,A,83,5.0       ,306.3,18.4
13.727,105.585,317.8,1,1,2016-02-22,06:20,A,57,5.0       ,303,9
13.915,106.637,331.3,1,1,2016-02-22,06:20,A,79,5.0       ,308,24.7
13.952,106.839,333.6,1,1,2016-02-22,06:20,A,63,5.0       ,313.7,20.7
13.951,106.83,333.2,1,1,2016-02-22,06:20,A,55,5.0       ,313,19.2
13.421,103.287,323,1.3,1.1,2016-02-22,06:20,A,43,5.0       ,303.3,18.4
13.705,105.006,330,1,1,2016-02-22,06:20,A,82,5.0       ,307.4,13.2
13.67,104.776,335.1,1.1,1,2016-02-22,06:20,A,87,5.0       ,312,18.9
14.488,102.129,322.4,1.4,1.2,2016-02-22,06:20,A,43,5.0       ,300.6,18.9
15.407,108.322,316.9,1.2,1.1,2016-02-22,06:20,A,67,5.0       ,298.4,13.8
15.077,105.688,329.5,1,1,2016-02-22,06:20,A,82,5.0       ,311.4,10.8
15.272,106.802,325.5,1,1,2016-02-22,06:20,A,49,5.0       ,309.8,11.7
14.233,99.881,321.5,2.1,1.4,2016-02-22,06:20,A,58,5.0       ,300.5,25.6
15.397,106.834,327,1,1,2016-02-22,06:20,A,80,5.0       ,305.5,17.8
15.395,106.824,332.4,1,1,2016-02-22,06:20,A,85,5.0       ,307.1,25
15.35,106.311,323.3,1,1,2016-02-22,06:20,A,54,5.0       ,302.3,17.1
14.991,103.819,331.6,1.1,1.1,2016-02-22,06:20,A,83,5.0       ,307.2,22
15.51,107.326,317.4,1.1,1,2016-02-22,06:20,A,68,5.0       ,298.4,13.8
13.625,104.41,338.9,1.1,1,2016-02-22,06:20,A,89,5.0       ,309.1,35.4
13.767,105.296,332.1,1,1,2016-02-22,06:20,A,80,5.0       ,313.8,12.8
13.865,105.906,323.4,1,1,2016-02-22,06:20,A,58,5.0       ,306.3,6.8
13.425,102.988,326.6,1.3,1.1,2016-02-22,06:20,A,59,5.0       ,303.3,18.3
13.924,106.252,328.4,1,1,2016-02-22,06:20,A,64,5.0       ,311.3,11.3
14.045,107.043,320.3,1,1,2016-02-22,06:20,A,31,5.0       ,305.6,9.2
14.044,107.033,333.3,1,1,2016-02-22,06:20,A,85,5.0       ,305.1,27.7
13.793,105.161,332.2,1,1,2016-02-22,06:20,A,56,5.0       ,314.2,12.3
13.78,105.075,332.5,1,1,2016-02-22,06:20,A,78,5.0       ,313.4,12.7
13.903,105.846,327.6,1,1,2016-02-22,06:20,A,66,5.0       ,309,12.1
14.153,107.55,315.7,1,1,2016-02-22,06:20,A,37,5.0       ,302.8,11.4
13.913,105.854,328,1,1,2016-02-22,06:20,A,47,5.0       ,309.9,13.1
13.912,105.845,354,1,1,2016-02-22,06:20,A,97,5.0       ,310.4,61
13.911,105.836,340.5,1,1,2016-02-22,06:20,A,90,5.0       ,308.5,31.3
13.912,105.779,327.3,1,1,2016-02-22,06:20,A,80,5.0       ,310.2,11.4
13.767,104.674,347.1,1.1,1,2016-02-22,06:20,A,94,5.0       ,313.9,41.5
14.157,107.182,323.2,1,1,2016-02-22,06:20,A,76,5.0       ,301.9,17.8
14.109,106.837,321.3,1,1,2016-02-22,06:20,A,74,5.0       ,301.3,16.2
13.79,104.64,334.5,1.1,1,2016-02-22,06:20,A,86,5.0       ,312.5,18.6
14.09,106.449,337.6,1,1,2016-02-22,06:20,A,88,5.0       ,312.4,20.3
13.846,104.715,329.6,1.1,1,2016-02-22,06:20,A,58,5.0       ,309.5,10
13.893,104.905,330.6,1,1,2016-02-22,06:20,A,83,5.0       ,309.7,14.3
13.937,105.142,323.1,1,1,2016-02-22,06:20,A,56,5.0       ,309.7,14.5
13.824,104.386,328.4,1.1,1,2016-02-22,06:20,A,63,5.0       ,304.3,16.3
14.136,106.451,330.9,1,1,2016-02-22,06:20,A,47,5.0       ,310.8,12.8
13.834,104.385,326.7,1.1,1,2016-02-22,06:20,A,40,5.0       ,306.8,15.2
-8.882,120.758,311.4,3.9,1.8,2016-02-22,06:15,A,0,5.0       ,289.7,46.7
-8.335,112.941,319.4,1.1,1,2016-02-22,06:15,A,43,5.0       ,300.2,10.9
-8.235,113.052,319.5,1.1,1.1,2016-02-22,06:15,A,67,5.0       ,300.1,12.4
-8.055,111.707,317.8,1,1,2016-02-22,06:15,A,69,5.0       ,299.4,10.2
-8.016,110.317,319.5,1,1,2016-02-22,06:15,A,0,5.0       ,300.5,12.1
-8.005,110.259,318.8,1,1,2016-02-22,06:15,A,0,5.0       ,300,9.3
-0.308,116.428,318.5,2.5,1.5,2016-02-22,06:15,A,46,5.0       ,291.3,41.9
0.006,116.794,332.6,2.7,1.6,2016-02-22,06:15,A,74,5.0       ,290.1,126.1
0.011,116.786,337.7,2.7,1.6,2016-02-22,06:15,A,67,5.0       ,290.8,162.7
0.1,116.799,319.8,2.8,1.6,2016-02-22,06:15,A,68,5.0       ,292.1,47.5
0.102,116.793,322.8,2.8,1.6,2016-02-22,06:15,A,71,5.0       ,293.6,63.7
0.055,103.601,316.4,1.9,1.4,2016-02-22,06:15,A,57,5.0       ,288.9,33.6
0.719,102.865,313.9,2.2,1.4,2016-02-22,06:15,A,46,5.0       ,293.3,27.8
0.997,102.707,312.8,2.2,1.4,2016-02-22,06:15,A,42,5.0       ,294.7,26.7
0.931,101.482,310.6,2.8,1.6,2016-02-22,06:15,A,25,5.0       ,291.6,34.1
1.337,102.445,320.5,2.3,1.5,2016-02-22,06:15,A,43,5.0       ,299.1,45.4
1.294,101.888,313.9,2.5,1.5,2016-02-22,06:15,A,42,5.0       ,295.6,36.9
4.534,113.993,314.2,2,1.4,2016-02-22,06:15,A,46,5.0       ,293.6,18.3
4.546,113.992,327.1,2,1.4,2016-02-22,06:15,A,0,5.0       ,294.6,58.9
5.383,115.54,324.1,2.7,1.6,2016-02-22,06:15,A,77,5.0       ,293.2,82.9
5.397,115.539,359.6,2.7,1.6,2016-02-22,06:15,A,99,5.0       ,294.6,367
5.386,115.534,344.9,2.7,1.6,2016-02-22,06:15,A,93,5.0       ,293.7,226
5.4,115.533,327.1,2.7,1.6,2016-02-22,06:15,A,80,5.0       ,294.2,98.9
22.033,98.045,319.2,2,1.4,2016-02-22,06:25,A,71,5.0       ,298.2,36.2
21.73,96.418,317.8,2.7,1.6,2016-02-22,06:25,A,62,5.0       ,302.2,32.1
22.024,98.04,314.1,2,1.4,2016-02-22,06:25,A,29,5.0       ,297.7,20.9
21.735,96.413,317.1,2.7,1.6,2016-02-22,06:25,A,57,5.0       ,301.2,29.4
21.985,97.418,318.4,2.2,1.5,2016-02-22,06:25,A,52,5.0       ,301.5,38.8
22.009,97.342,321.5,2.3,1.5,2016-02-22,06:25,A,41,5.0       ,301.2,49.6
22.005,97.321,316.4,2.3,1.5,2016-02-22,06:25,A,24,5.0       ,299.4,27.8
23.035,103.218,311.8,1,1,2016-02-22,06:25,A,51,5.0       ,292,13.7
22.226,97.925,315,2,1.4,2016-02-22,06:25,A,50,5.0       ,300.1,21.4
23.092,102.919,320.5,1,1,2016-02-22,06:25,A,73,5.0       ,296.2,20.6
23.264,103.83,328.9,1,1,2016-02-22,06:25,A,82,5.0       ,295.1,32.3
22.397,97.712,317.7,2.1,1.4,2016-02-22,06:25,A,68,5.0       ,303.7,22.6
22.744,99.178,319.9,1.6,1.3,2016-02-22,06:25,A,69,5.0       ,297.3,35.7
22.254,96.303,316.4,2.7,1.6,2016-02-22,06:25,A,64,5.0       ,301.5,27.6
23.535,103.54,313.7,1,1,2016-02-22,06:25,A,47,5.0       ,300,8
22.45,96.94,317.2,2.4,1.5,2016-02-22,06:25,A,40,5.0       ,300.9,40.2
22.405,96.637,323.1,2.5,1.5,2016-02-22,06:25,A,65,5.0       ,301.2,65.7
22.428,96.424,321.2,2.6,1.5,2016-02-22,06:25,A,74,5.0       ,301.1,56.3
22.423,96.398,319.4,2.6,1.6,2016-02-22,06:25,A,66,5.0       ,300.3,47.9
22.611,97.237,315.7,2.2,1.5,2016-02-22,06:25,A,62,5.0       ,300.9,28.3
22.61,97.231,317.2,2.2,1.5,2016-02-22,06:25,A,53,5.0       ,301.3,32.1
23.547,101.991,310.3,1.1,1,2016-02-22,06:25,A,33,5.0       ,295.4,8.9
22.803,97.549,317.8,2.1,1.4,2016-02-22,06:25,A,68,5.0       ,302.2,34.6
23.255,98.415,313.2,1.8,1.3,2016-02-22,06:25,A,41,5.0       ,293.7,28.2
23.163,97.914,310.9,2,1.4,2016-02-22,06:25,A,34,5.0       ,297.1,19.7
23.135,96.434,319.1,2.5,1.5,2016-02-22,06:25,A,54,5.0       ,304.7,31.2
23.133,96.097,320.4,2.6,1.6,2016-02-22,06:25,A,73,5.0       ,305,44.8
23.212,96.38,316,2.5,1.5,2016-02-22,06:25,A,52,5.0       ,299.8,28.6
23.163,95.923,317.4,2.7,1.6,2016-02-22,06:25,A,68,5.0       ,301.3,36.1
23.217,96.123,319.1,2.6,1.6,2016-02-22,06:25,A,47,5.0       ,304.9,42.3
23.212,96.098,320.7,2.6,1.6,2016-02-22,06:25,A,73,5.0       ,304.2,44.6
23.445,96.413,318.1,2.5,1.5,2016-02-22,06:25,A,30,5.0       ,302.3,31.7
23.318,95.767,322.2,2.8,1.6,2016-02-22,06:25,A,75,5.0       ,301.5,55
23.332,95.764,321.7,2.8,1.6,2016-02-22,06:25,A,74,5.0       ,300.8,52.5
23.525,96.682,318.2,2.3,1.5,2016-02-22,06:25,A,69,5.0       ,302.4,28.7
23.466,96.232,316.7,2.5,1.5,2016-02-22,06:25,A,46,5.0       ,301.3,25.4
23.506,96.394,319.7,2.5,1.5,2016-02-22,06:25,A,51,5.0       ,301.5,37.5
23.473,96.226,317.9,2.5,1.5,2016-02-22,06:25,A,69,5.0       ,301.8,34
23.528,96.364,318.6,2.5,1.5,2016-02-22,06:25,A,53,5.0       ,301.3,36.9
24.091,97.565,313.9,2,1.4,2016-02-22,06:25,A,60,5.0       ,295.8,36.7
26.51,94.865,315.1,2.7,1.6,2016-02-22,06:25,A,55,5.0       ,285.4,73.5
26.197,92.706,311.2,3.9,1.8,2016-02-22,06:25,A,42,5.0       ,294.7,47.9
26.189,92.668,311.4,3.9,1.8,2016-02-22,06:25,A,48,5.0       ,295.4,48.2
26.203,92.7,312.7,3.9,1.8,2016-02-22,06:25,A,51,5.0       ,294.9,52.2
9.76,105.487,317.3,1.1,1,2016-02-22,06:20,A,64,5.0       ,299.1,10
9.703,105.102,322.2,1.1,1.1,2016-02-22,06:20,A,65,5.0       ,301.8,15.8
9.701,105.092,331,1.1,1.1,2016-02-22,06:20,A,84,5.0       ,304.3,30.9
9.801,105.583,316.6,1.1,1,2016-02-22,06:20,A,64,5.0       ,298.2,9.5
9.813,105.541,317,1.1,1,2016-02-22,06:20,A,47,5.0       ,300.4,9.2
9.843,105.487,318.7,1.1,1,2016-02-22,06:20,A,70,5.0       ,297.8,11.5
9.941,105.467,317.3,1.1,1,2016-02-22,06:20,A,16,5.0       ,298.9,8.9
10.093,105.866,324.1,1,1,2016-02-22,06:20,A,77,5.0       ,301.8,16.7
10.084,105.313,328.5,1.1,1,2016-02-22,06:20,A,81,5.0       ,302.1,23
10.182,105.913,322.3,1,1,2016-02-22,06:20,A,60,5.0       ,301.3,11.5
10.226,105.775,320.3,1,1,2016-02-22,06:20,A,61,5.0       ,302.4,10.4
10.191,105.538,322.8,1.1,1,2016-02-22,06:20,A,76,5.0       ,299.9,16.6
10.155,105.295,331.3,1.1,1,2016-02-22,06:20,A,79,5.0       ,300.3,30.4
10.231,105.746,322.5,1,1,2016-02-22,06:20,A,75,5.0       ,303.3,12.7
10.189,105.459,319.6,1.1,1,2016-02-22,06:20,A,71,5.0       ,301.9,12.3
10.267,105.923,321.1,1,1,2016-02-22,06:20,A,0,5.0       ,305.2,10.8
10.181,105.15,316.2,1.1,1,2016-02-22,06:20,A,62,5.0       ,299.6,10.4
14.148,106.468,341.5,1,1,2016-02-22,06:20,A,90,5.0       ,309.9,34.6
13.861,104.441,331.7,1.1,1,2016-02-22,06:20,A,67,5.0       ,309,23
14.036,105.493,328.7,1,1,2016-02-22,06:20,A,66,5.0       ,310,10.9
13.97,105.053,327.8,1,1,2016-02-22,06:20,A,81,5.0       ,306.2,22.7
13.969,105.043,326.6,1,1,2016-02-22,06:20,A,80,5.0       ,304.5,20.9
14.041,105.464,327.4,1,1,2016-02-22,06:20,A,55,5.0       ,309,9
13.891,104.4,330.4,1.1,1,2016-02-22,06:20,A,69,5.0       ,311.3,16.4
13.978,104.915,331.4,1,1,2016-02-22,06:20,A,84,5.0       ,310.4,13.4
13.798,103.606,321.9,1.2,1.1,2016-02-22,06:20,A,24,5.0       ,304.8,9.5
14.019,105.006,326.8,1,1,2016-02-22,06:20,A,66,5.0       ,307.2,15.9
13.993,104.765,346.3,1.1,1,2016-02-22,06:20,A,93,5.0       ,314.1,40.9
13.85,103.752,333.6,1.2,1.1,2016-02-22,06:20,A,78,5.0       ,308.4,24.2
13.854,103.756,327.7,1.2,1.1,2016-02-22,06:20,A,35,5.0       ,309.3,18.3
13.852,103.746,323.2,1.2,1.1,2016-02-22,06:20,A,39,5.0       ,305.8,11
14.085,105.145,327.9,1,1,2016-02-22,06:20,A,75,5.0       ,308.3,11.5
14.137,105.309,335.3,1,1,2016-02-22,06:20,A,87,5.0       ,308.1,29.4
13.931,103.744,333.8,1.2,1.1,2016-02-22,06:20,A,81,5.0       ,303.9,29.8
13.968,103.922,324,1.1,1.1,2016-02-22,06:20,A,65,5.0       ,305.5,9.1
14.117,104.802,332.2,1.1,1,2016-02-22,06:20,A,84,5.0       ,313.8,12.4
14.556,107.814,325.2,1.1,1,2016-02-22,06:20,A,49,5.0       ,310.4,12.3
14.247,105.618,326.4,1,1,2016-02-22,06:20,A,80,5.0       ,308.4,19.1
14.565,107.813,338.4,1.1,1,2016-02-22,06:20,A,89,5.0       ,310.2,34.3
14.097,104.546,327.3,1.1,1,2016-02-22,06:20,A,60,5.0       ,309.5,12.2
13.997,103.889,328.5,1.1,1.1,2016-02-22,06:20,A,81,5.0       ,306.3,16.4
13.977,103.762,322.6,1.2,1.1,2016-02-22,06:20,A,66,5.0       ,305.7,8.7
13.88,100.816,318.4,1.8,1.3,2016-02-22,06:20,A,70,5.0       ,298.8,22.4
14.342,103.546,325,1.2,1.1,2016-02-22,06:20,A,68,5.0       ,307.4,9.7
14.998,107.759,326.9,1.1,1,2016-02-22,06:20,A,39,5.0       ,306.9,20
14.071,101.48,329.1,1.6,1.2,2016-02-22,06:20,A,82,5.0       ,299.1,42.7
14.877,106.355,318.4,1,1,2016-02-22,06:20,A,69,5.0       ,304.3,7.8
14.311,102.556,321.9,1.3,1.2,2016-02-22,06:20,A,70,5.0       ,299.5,24.4
15.04,107.455,322.7,1.1,1,2016-02-22,06:20,A,57,5.0       ,295.5,19.7
14.853,106.108,321.9,1,1,2016-02-22,06:20,A,75,5.0       ,304.6,9.3
15.091,107.759,340.8,1.1,1,2016-02-22,06:20,A,90,5.0       ,307.3,46.2
15.089,107.75,344.4,1.1,1,2016-02-22,06:20,A,92,5.0       ,307.3,51.6
15.005,106.927,328.5,1,1,2016-02-22,06:20,A,81,5.0       ,309.1,14.1
14.878,106.029,322.6,1,1,2016-02-22,06:20,A,62,5.0       ,303,14
13.905,99.038,314,2.5,1.5,2016-02-22,06:20,A,47,5.0       ,294.5,34
15.007,105.975,320.4,1,1,2016-02-22,06:20,A,28,5.0       ,303,12.2
15.078,106.399,322.3,1,1,2016-02-22,06:20,A,74,5.0       ,297.5,19.1
13.9,99.032,316.7,2.5,1.5,2016-02-22,06:20,A,57,5.0       ,295.7,44.1
14.975,105.55,323.6,1,1,2016-02-22,06:20,A,44,5.0       ,304.6,14.6
14.973,105.541,325.1,1,1,2016-02-22,06:20,A,48,5.0       ,305.3,15.7
14.156,100.264,315.5,2,1.4,2016-02-22,06:20,A,59,5.0       ,296.9,21.3
16.886,103.102,321.3,1.2,1.1,2016-02-22,06:20,A,53,5.0       ,305,8.5
16.865,102.763,327.2,1.2,1.1,2016-02-22,06:20,A,80,5.0       ,307.8,15.8
17.19,104.768,338.1,1,1,2016-02-22,06:20,A,89,5.0       ,305.2,33.2
17.189,104.758,327.8,1,1,2016-02-22,06:20,A,74,5.0       ,307.4,16.5
16.298,99.252,320.1,2.1,1.4,2016-02-22,06:20,A,54,5.0       ,299.6,40.7
16.295,99.235,317.6,2.1,1.4,2016-02-22,06:20,A,56,5.0       ,297.6,35.6
17.052,103.657,310.2,1.1,1,2016-02-22,06:20,A,24,5.0       ,297,4.3
17.243,104.685,325.5,1,1,2016-02-22,06:20,A,47,5.0       ,306.6,11
17.254,104.567,326.6,1,1,2016-02-22,06:20,A,80,5.0       ,307,12.3
17.264,104.575,327,1,1,2016-02-22,06:20,A,80,5.0       ,305.9,12.1
17.263,104.566,329.7,1,1,2016-02-22,06:20,A,82,5.0       ,306.9,15.7
17.581,105.746,314.3,1,1,2016-02-22,06:20,A,49,5.0       ,300.9,7.8
17.58,105.737,314.4,1,1,2016-02-22,06:20,A,30,5.0       ,302.3,7.4
17.236,103.106,325.2,1.1,1.1,2016-02-22,06:20,A,78,5.0       ,307.2,13.5
17.414,103.858,323.9,1.1,1,2016-02-22,06:20,A,77,5.0       ,305.9,12
17.842,106.164,322.8,1,1,2016-02-22,06:20,A,76,5.0       ,296.5,21.4
17.852,106.037,311.2,1,1,2016-02-22,06:20,A,32,5.0       ,296.7,8
17.979,106.157,316.5,1,1,2016-02-22,06:20,A,66,5.0       ,296.2,13.6
17.378,102.059,318.7,1.3,1.1,2016-02-22,06:20,A,61,5.0       ,302.9,9.7
17.918,105.335,315.6,1,1,2016-02-22,06:20,A,64,5.0       ,300.2,11.8
17.63,103.272,323.2,1.1,1.1,2016-02-22,06:20,A,76,5.0       ,306.7,10.5
17.629,103.262,323.9,1.1,1.1,2016-02-22,06:20,A,77,5.0       ,307.2,11.7
17.735,103.667,323.1,1.1,1,2016-02-22,06:20,A,76,5.0       ,306.8,9.6
17.85,103.815,329.3,1.1,1,2016-02-22,06:20,A,82,5.0       ,305.8,20.8
18.178,105.161,313.9,1,1,2016-02-22,06:20,A,46,5.0       ,298.1,9.9
18.17,105.038,318.7,1,1,2016-02-22,06:20,A,70,5.0       ,303.9,9.6
27.345,89.524,313.9,4.3,1.9,2016-02-22,08:00,A,47,5.0       ,291.3,118.8
18.168,105.029,325.5,1,1,2016-02-22,06:20,A,79,5.0       ,304.2,17.8
18.141,104.458,317.3,1,1,2016-02-22,06:20,A,60,5.0       ,302.8,12.2
18.002,102.886,317,1.2,1.1,2016-02-22,06:20,A,65,5.0       ,302.1,10.7
18.09,102.853,339.5,1.2,1.1,2016-02-22,06:20,A,89,5.0       ,306.3,45
18.088,102.842,320.5,1.2,1.1,2016-02-22,06:20,A,57,5.0       ,303.8,9.6
17.703,100.497,316,1.6,1.3,2016-02-22,06:20,A,55,5.0       ,294.5,20.9
18.38,104.086,314.8,1,1,2016-02-22,06:20,A,61,5.0       ,301.3,10.6
18.11,101.892,312.8,1.3,1.1,2016-02-22,06:20,A,53,5.0       ,300.2,9.4
18.319,102.491,319.3,1.2,1.1,2016-02-22,06:20,A,71,5.0       ,304.6,13
18.693,104.574,318,1,1,2016-02-22,06:20,A,69,5.0       ,299.6,14.1
18.777,103.658,319.2,1.1,1,2016-02-22,06:20,A,71,5.0       ,298.1,15.8
18.776,103.648,310.8,1.1,1,2016-02-22,06:20,A,43,5.0       ,299,6.8
18.424,101.361,311.6,1.4,1.2,2016-02-22,06:20,A,49,5.0       ,294.9,14.9
18.879,104.15,314,1,1,2016-02-22,06:20,A,60,5.0       ,298.7,11.3
18.965,103.745,313.8,1,1,2016-02-22,06:20,A,48,5.0       ,299.4,9.7
19.055,104.031,312.2,1,1,2016-02-22,06:20,A,41,5.0       ,296.6,9.2
18.09,98.146,319.4,2.4,1.5,2016-02-22,06:20,A,68,5.0       ,300.7,52.3
19.258,104.855,316.8,1,1,2016-02-22,06:20,A,67,5.0       ,299.2,14.3
19.256,104.846,312.7,1,1,2016-02-22,06:20,A,55,5.0       ,298.4,9.9
19.32,105.156,311.5,1,1,2016-02-22,06:20,A,41,5.0       ,297.9,7.6
19.196,103.569,311.1,1.1,1,2016-02-22,06:20,A,46,5.0       ,298.2,8.5
19.548,105.203,331.4,1,1,2016-02-22,06:20,A,84,5.0       ,296.9,33.5
19.546,105.194,340.1,1,1,2016-02-22,06:20,A,90,5.0       ,298.9,48.1
19.557,105.202,320.1,1,1,2016-02-22,06:20,A,72,5.0       ,295.8,19.1
19.555,105.193,328.7,1,1,2016-02-22,06:20,A,82,5.0       ,296.7,30.4
19.607,105.169,323.4,1,1,2016-02-22,06:20,A,76,5.0       ,296.8,22.6
19.606,105.16,310.5,1,1,2016-02-22,06:20,A,39,5.0       ,296,8.4
19.39,103.03,310.8,1.1,1,2016-02-22,06:20,A,29,5.0       ,297.6,7.6
20.058,105.236,312.6,1,1,2016-02-22,06:20,A,55,5.0       ,295,11.7
20.056,105.227,312,1,1,2016-02-22,06:20,A,52,5.0       ,294.5,11.7
19.997,104.811,311.8,1,1,2016-02-22,06:20,A,51,5.0       ,297.5,8
19.918,103.528,328.5,1,1,2016-02-22,06:20,A,69,5.0       ,302.1,26.2
19.917,103.518,325.5,1,1,2016-02-22,06:20,A,52,5.0       ,300.9,21.7
19.926,103.517,324.2,1,1,2016-02-22,06:20,A,75,5.0       ,300.9,18.9
20.248,105.408,312.4,1,1,2016-02-22,06:20,A,36,5.0       ,292.6,8.2
18.975,97.569,314.4,2.5,1.5,2016-02-22,06:20,A,61,5.0       ,300.3,27.7
18.984,97.465,317.6,2.6,1.5,2016-02-22,06:20,A,35,5.0       ,301.7,40.5
18.991,97.457,317.9,2.6,1.5,2016-02-22,06:20,A,32,5.0       ,301.2,46.1
19.174,98.216,314.6,2.2,1.5,2016-02-22,06:20,A,53,5.0       ,297.2,40.1
20.193,103.452,311.6,1,1,2016-02-22,06:20,A,50,5.0       ,296.3,11
20.295,103.884,313.1,1,1,2016-02-22,06:20,A,50,5.0       ,295.8,10.7
20.294,103.874,318,1,1,2016-02-22,06:20,A,69,5.0       ,297.6,16.3
18.801,94.928,316.7,4,1.9,2016-02-22,06:20,A,63,5.0       ,298.5,57.4
18.988,95.611,322.1,3.5,1.8,2016-02-22,06:20,A,75,5.0       ,303.5,70.8
18.815,94.956,317.2,4,1.9,2016-02-22,06:20,A,56,5.0       ,297.9,55.2
18.982,95.606,323.3,3.5,1.8,2016-02-22,06:20,A,76,5.0       ,303.7,82.7
20.732,105.186,313.2,1,1,2016-02-22,06:20,A,57,5.0       ,293.2,12.4
20.667,104.603,323.6,1,1,2016-02-22,06:20,A,77,5.0       ,299,20.7
19.713,98.579,313.3,2.1,1.4,2016-02-22,06:20,A,58,5.0       ,294.5,33.4
19.805,98.955,334.3,1.9,1.4,2016-02-22,06:20,A,78,5.0       ,303.1,79.8
19.798,98.95,332.6,1.9,1.4,2016-02-22,06:20,A,85,5.0       ,305.2,74.9
19.81,98.947,325.8,1.9,1.4,2016-02-22,06:20,A,59,5.0       ,301.9,47.7
20.712,104.084,312,1,1,2016-02-22,06:20,A,45,5.0       ,299.9,8.8
20.877,105.165,318,1,1,2016-02-22,06:20,A,69,5.0       ,294.3,17.6
19.916,98.957,328.3,1.9,1.3,2016-02-22,06:20,A,81,5.0       ,299.4,61.3
19.913,98.939,334.4,1.9,1.4,2016-02-22,06:20,A,86,5.0       ,299.8,86.1
19.941,98.745,318.8,2,1.4,2016-02-22,06:20,A,61,5.0       ,299.8,29.8
19.937,98.727,318.2,2,1.4,2016-02-22,06:20,A,64,5.0       ,297.3,29.2
19.932,98.74,317.9,2,1.4,2016-02-22,06:20,A,48,5.0       ,299.7,26.8
20.76,103.598,312.7,1,1,2016-02-22,06:20,A,40,5.0       ,298.1,8.5
19.944,98.738,316.6,2,1.4,2016-02-22,06:20,A,35,5.0       ,298.6,21.4
19.909,98.053,315.2,2.2,1.4,2016-02-22,06:20,A,63,5.0       ,298.4,35.4
19.907,98.047,313.4,2.2,1.4,2016-02-22,06:20,A,51,5.0       ,298.8,29.4
20.879,103.412,317.6,1,1,2016-02-22,06:20,A,68,5.0       ,293.8,15.4
20.27,99.573,321.1,1.7,1.3,2016-02-22,06:20,A,73,5.0       ,297.9,36.6
20.267,99.557,335.8,1.7,1.3,2016-02-22,06:20,A,87,5.0       ,295.8,83.1
20.268,99.566,331.1,1.7,1.3,2016-02-22,06:20,A,84,5.0       ,297.9,63.8
20.265,99.551,321.4,1.7,1.3,2016-02-22,06:20,A,74,5.0       ,294.6,35.9
20.985,103.437,321.2,1,1,2016-02-22,06:20,A,74,5.0       ,296.9,20.3
20.994,103.436,347.7,1,1,2016-02-22,06:20,A,94,5.0       ,295.9,65
20.262,98.825,313.6,1.9,1.4,2016-02-22,06:20,A,51,5.0       ,297.3,19.9
20.259,98.807,317.9,1.9,1.4,2016-02-22,06:20,A,66,5.0       ,298.4,31.8
20.314,98.906,317.7,1.9,1.3,2016-02-22,06:20,A,67,5.0       ,298.9,31.3
20.311,98.889,322.4,1.9,1.3,2016-02-22,06:20,A,75,5.0       ,299.4,43.7
21.285,104.864,343,1,1,2016-02-22,06:20,A,92,5.0       ,293.9,54.3
21.283,104.854,326.1,1,1,2016-02-22,06:20,A,79,5.0       ,294.4,27.1
21.13,103.298,322.9,1,1,2016-02-22,06:20,A,72,5.0       ,299.9,21.2
21.294,104.349,314.2,1,1,2016-02-22,06:20,A,60,5.0       ,296.7,9.8
21.229,103.224,319.1,1,1,2016-02-22,06:20,A,63,5.0       ,298.5,14.8
20.815,100.543,313.7,1.4,1.2,2016-02-22,06:20,A,53,5.0       ,295.9,16.8
21.236,103.094,313.4,1.1,1,2016-02-22,06:20,A,56,5.0       ,296.3,9.7
20.957,100.736,318,1.4,1.2,2016-02-22,06:20,A,50,5.0       ,298.8,18
20.967,100.734,320.5,1.4,1.2,2016-02-22,06:20,A,70,5.0       ,298.3,24.7
20.484,97.809,320.6,2.3,1.5,2016-02-22,06:20,A,73,5.0       ,298.4,49.2
20.525,97.814,317.2,2.3,1.5,2016-02-22,06:20,A,46,5.0       ,298.6,35
21.63,103.071,310.8,1,1,2016-02-22,06:20,A,39,5.0       ,296,9.7
20.822,97.488,318.1,2.3,1.5,2016-02-22,06:20,A,66,5.0       ,295.6,50.2
20.819,97.482,315.6,2.3,1.5,2016-02-22,06:20,A,55,5.0       ,296.4,40.2
22.201,104.507,310.2,1,1,2016-02-22,06:20,A,33,5.0       ,294.5,8.9
22.2,104.498,314.9,1,1,2016-02-22,06:20,A,62,5.0       ,294,13.6
21.015,97.066,321,2.5,1.5,2016-02-22,06:20,A,72,5.0       ,303.1,36.6
21.059,97.15,322.1,2.5,1.5,2016-02-22,06:20,A,74,5.0       ,304.4,38.2
21.75,100.438,314,1.4,1.2,2016-02-22,06:20,A,60,5.0       ,296.9,20.6
22.105,100.526,312.5,1.4,1.2,2016-02-22,06:20,A,52,5.0       ,293.9,19.8
14.654,108.399,315.4,1.1,1.1,2016-02-22,06:20,A,61,5.0       ,298.6,14.6
14.019,103.971,337,1.1,1.1,2016-02-22,06:20,A,88,5.0       ,306.5,34.6
14.658,108.357,311.1,1.1,1.1,2016-02-22,06:20,A,46,5.0       ,299,10.4
14.737,108.874,311.3,1.2,1.1,2016-02-22,06:20,A,47,5.0       ,298.1,9.9
14.348,106.063,319.5,1,1,2016-02-22,06:20,A,71,5.0       ,302,12.6
14.33,105.934,330.8,1,1,2016-02-22,06:20,A,51,5.0       ,309.1,17.1
14.197,105.024,332.6,1,1,2016-02-22,06:20,A,62,5.0       ,312.2,16
14.147,104.629,337.6,1.1,1,2016-02-22,06:20,A,88,5.0       ,311.3,29.2
14.139,104.51,331.6,1.1,1,2016-02-22,06:20,A,78,5.0       ,307,19
14.138,104.5,325.8,1.1,1,2016-02-22,06:20,A,44,5.0       ,307.4,10.3
14.204,104.832,334.4,1,1,2016-02-22,06:20,A,86,5.0       ,310.7,16.8
14.301,105.424,325,1,1,2016-02-22,06:20,A,55,5.0       ,307.4,14.6
14.74,108.511,313.3,1.2,1.1,2016-02-22,06:20,A,58,5.0       ,297.9,11.1
14.223,104.77,327.3,1.1,1,2016-02-22,06:20,A,56,5.0       ,309.8,6.3
14.687,107.9,337.2,1.1,1,2016-02-22,06:20,A,88,5.0       ,306.3,35.8
14.172,104.182,326.1,1.1,1,2016-02-22,06:20,A,79,5.0       ,309.1,10.6
14.17,104.172,327.5,1.1,1,2016-02-22,06:20,A,81,5.0       ,308.6,13.1
14.385,105.496,327.5,1,1,2016-02-22,06:20,A,81,5.0       ,309.6,16.3
14.329,104.922,328.9,1,1,2016-02-22,06:20,A,79,5.0       ,307.4,10.1
14.328,104.913,343.4,1,1,2016-02-22,06:20,A,92,5.0       ,310.4,36.8
14.23,104.207,331.5,1.1,1,2016-02-22,06:20,A,84,5.0       ,308,17.4
14.582,106.54,322.5,1,1,2016-02-22,06:20,A,50,5.0       ,307.5,9.4
14.129,103.426,328.4,1.2,1.1,2016-02-22,06:20,A,81,5.0       ,308.5,13.5
14.752,107.623,345.2,1.1,1,2016-02-22,06:20,A,93,5.0       ,307.8,50.5
14.75,107.613,324,1.1,1,2016-02-22,06:20,A,54,5.0       ,307.2,12.4
14.763,107.641,346.6,1.1,1,2016-02-22,06:20,A,93,5.0       ,304.3,58
14.574,106.288,348.8,1,1,2016-02-22,06:20,A,95,5.0       ,306.7,52.5
14.573,106.278,325.8,1,1,2016-02-22,06:20,A,49,5.0       ,305.9,14.7
14.496,105.68,334.5,1,1,2016-02-22,06:20,A,86,5.0       ,313.4,15.3
14.412,105.046,317.7,1,1,2016-02-22,06:20,A,12,5.0       ,302,9.9
13.909,101.762,330.7,1.5,1.2,2016-02-22,06:20,A,83,5.0       ,301.8,40.1
13.907,101.748,345.1,1.6,1.2,2016-02-22,06:20,A,93,5.0       ,302.4,90.3
14.317,104.301,326.4,1.1,1,2016-02-22,06:20,A,57,5.0       ,308.9,9.3
13.91,101.757,342.5,1.5,1.2,2016-02-22,06:20,A,91,5.0       ,302.2,79.2
13.908,101.743,330.2,1.6,1.2,2016-02-22,06:20,A,83,5.0       ,302.1,40.5
14.879,108.169,310.9,1.1,1.1,2016-02-22,06:20,A,17,5.0       ,298.5,10.2
14.877,108.158,311.4,1.1,1.1,2016-02-22,06:20,A,33,5.0       ,297.1,10.7
14.748,107.138,337,1,1,2016-02-22,06:20,A,88,5.0       ,308.9,31.6
14.331,104.206,324.8,1.1,1,2016-02-22,06:20,A,42,5.0       ,307.7,10.2
14.574,105.719,328.4,1,1,2016-02-22,06:20,A,75,5.0       ,310.2,11.5
14.295,103.844,340.5,1.1,1.1,2016-02-22,06:20,A,90,5.0       ,309.3,40.2
14.294,103.833,327.2,1.1,1.1,2016-02-22,06:20,A,48,5.0       ,309,14.6
14.921,108.131,320,1.1,1.1,2016-02-22,06:20,A,72,5.0       ,298.4,21.6
14.589,105.754,329.7,1,1,2016-02-22,06:20,A,62,5.0       ,311.5,11.9
13.96,101.646,325.3,1.6,1.2,2016-02-22,06:20,A,65,5.0       ,301.5,28.3
13.577,99.349,330.5,2.4,1.5,2016-02-22,06:20,A,83,5.0       ,302.3,87.1
14.957,108.319,310.5,1.1,1.1,2016-02-22,06:20,A,38,5.0       ,298.8,7.1
14.768,106.886,330.6,1,1,2016-02-22,06:20,A,39,5.0       ,311.4,13
13.573,99.343,327,2.4,1.5,2016-02-22,06:20,A,68,5.0       ,301.8,67.1
14.339,103.776,322.7,1.1,1.1,2016-02-22,06:20,A,61,5.0       ,305.5,13.4
14.319,103.649,331.3,1.2,1.1,2016-02-22,06:20,A,84,5.0       ,308.7,18.7
15.002,105.511,310.1,1.1,1,2016-02-22,18:35,A,69,5.0       ,294.3,13.2
13.661,106.395,307.2,1,1,2016-02-22,18:35,A,52,5.0       ,294.7,8.6
13.752,105.242,310.8,1.1,1,2016-02-22,18:35,A,72,5.0       ,295.1,14.3
13.413,106.199,314.6,1,1,2016-02-22,18:35,A,86,5.0       ,291.8,16.8
13.405,106.189,322.6,1,1,2016-02-22,18:35,A,100,5.0       ,292.1,26.8
13.404,106.198,347.9,1,1,2016-02-22,18:35,A,100,5.0       ,297,68.6
13.402,106.207,317,1,1,2016-02-22,18:35,A,92,5.0       ,295.2,19.3
13.362,106.297,306.1,1,1,2016-02-22,18:35,A,41,5.0       ,293.7,8.2
13.286,106.501,314.6,1,1,2016-02-22,18:35,A,86,5.0       ,295.2,16.8
12.591,106.403,311.6,1,1,2016-02-22,18:35,A,75,5.0       ,295,13
12.582,106.402,307.7,1,1,2016-02-22,18:35,A,56,5.0       ,294.9,9.8
12.677,105.619,314.5,1,1,2016-02-22,18:35,A,85,5.0       ,295.6,17.1
12.584,105.751,311.9,1,1,2016-02-22,18:35,A,77,5.0       ,295,14.5
12.583,105.76,309,1,1,2016-02-22,18:35,A,64,5.0       ,295,11.5
12.281,106.691,317.5,1,1,2016-02-22,18:35,A,93,5.0       ,294.1,19.8
12.279,106.7,327.6,1,1,2016-02-22,18:35,A,100,5.0       ,294.9,32.5
12.262,106.753,306.8,1,1,2016-02-22,18:35,A,49,5.0       ,293.5,10