latitude,longitude,brightness,scan,track,acq_date,acq_time,satellite,confidence,version,bright_t31,frp
-11.922,135.803,322.4,1.4,1.2,2016-10-08,04:50,A,53,5.0       ,302.5,17.5
-6.06,147.499,323,1.3,1.1,2016-10-08,00:20,T,67,5.0       ,299.8,14.9
-6.061,147.51,323.5,1.3,1.1,2016-10-08,00:20,T,76,5.0       ,299.4,15.3
-6.144,155.198,316.2,1,1,2016-10-08,03:15,A,34,5.0       ,295.8,11.7
-6.135,155.197,316.9,1,1,2016-10-08,03:15,A,42,5.0       ,292.7,12.9
2.062,100.904,320.6,1.1,1,2016-10-08,03:40,T,47,5.0       ,299.4,12.8
2.061,100.914,323,1.1,1,2016-10-08,03:40,T,66,5.0       ,301,17.1
1.778,100.826,319.9,1.1,1,2016-10-08,03:40,T,63,5.0       ,290,12.6
1.055,102.309,320.6,1,1,2016-10-08,03:40,T,28,5.0       ,301.1,13.1
30.839,113.149,311.5,1.3,1.1,2016-10-08,03:30,T,49,5.0       ,297.6,10.4
30.803,113.237,312.6,1.3,1.1,2016-10-08,03:30,T,53,5.0       ,298.4,9.9
30.726,113.43,310.7,1.3,1.1,2016-10-08,03:30,T,42,5.0       ,296.9,9.9
30.356,112.729,312.1,1.2,1.1,2016-10-08,03:30,T,53,5.0       ,298.3,10.7
29.503,110.789,314,1.1,1,2016-10-08,03:30,T,54,5.0       ,297.3,11.5
25.084,108.236,311.1,1,1,2016-10-08,03:30,T,46,5.0       ,296.8,7.6
25.082,108.246,312.9,1,1,2016-10-08,03:30,T,56,5.0       ,296.9,9.5
24.391,109.38,317.6,1.1,1,2016-10-08,03:30,T,36,5.0       ,298.3,9.3
23.977,109.893,326.6,1.1,1.1,2016-10-08,03:30,T,80,5.0       ,294.7,29.3
23.595,108.075,313.4,1,1,2016-10-08,03:30,T,58,5.0       ,297.8,8.7
23.568,108.131,313,1,1,2016-10-08,03:30,T,57,5.0       ,298.6,8.4
23.462,107.98,332.7,1,1,2016-10-08,03:30,T,85,5.0       ,298.6,33.1
23.422,108.063,317.8,1,1,2016-10-08,03:30,T,68,5.0       ,297.9,14.5
23.16,109.342,319.1,1.1,1,2016-10-08,03:30,T,71,5.0       ,298.3,13.7
23.064,109.065,310.1,1.1,1,2016-10-08,03:30,T,25,5.0       ,296.2,6.8
23.022,109.103,312.2,1.1,1,2016-10-08,03:30,T,53,5.0       ,296.7,9.2
22.777,110.387,314.2,1.2,1.1,2016-10-08,03:30,T,60,5.0       ,297.8,10
22.775,110.398,318.8,1.2,1.1,2016-10-08,03:30,T,70,5.0       ,297.1,16.5
22.3,110.532,311.6,1.3,1.1,2016-10-08,03:30,T,50,5.0       ,296.1,9.7
22.662,107.902,314.8,1,1,2016-10-08,03:30,T,54,5.0       ,299.5,7.2
22.433,108.551,330,1,1,2016-10-08,03:30,T,83,5.0       ,299,30.5
22.41,108.639,315.4,1,1,2016-10-08,03:30,T,63,5.0       ,299.8,9.8
22.384,108.394,321.2,1,1,2016-10-08,03:30,T,74,5.0       ,299.2,16.9
22.268,109.076,314.6,1.1,1,2016-10-08,03:30,T,62,5.0       ,299.8,9.1
22.075,110.276,312.6,1.2,1.1,2016-10-08,03:30,T,55,5.0       ,298.7,9.1
21.97,110.538,312.6,1.3,1.1,2016-10-08,03:30,T,55,5.0       ,298.1,9.4
21.763,109.624,319.8,1.1,1.1,2016-10-08,03:30,T,72,5.0       ,301.9,15.3
21.761,109.635,333.9,1.1,1.1,2016-10-08,03:30,T,86,5.0       ,302.2,39.4
21.841,108.979,319.1,1.1,1,2016-10-08,03:30,T,71,5.0       ,300.9,15.3
21.839,108.989,321.2,1.1,1,2016-10-08,03:30,T,74,5.0       ,300.7,18.2
21.68,109.865,316.5,1.2,1.1,2016-10-08,03:30,T,66,5.0       ,300.6,12.6
21.688,108.412,319.7,1,1,2016-10-08,03:30,T,30,5.0       ,303.8,11.7
-2.585,121.382,324.9,1.8,1.3,2016-10-08,02:00,T,78,5.0       ,285.3,57.2
-8.005,131.309,314,2,1.4,2016-10-08,02:00,T,0,5.0       ,297.8,26.3
-7.882,129.655,313.8,1.5,1.2,2016-10-08,02:00,T,56,5.0       ,297.6,13.5
-8.177,127.905,323.9,1.2,1.1,2016-10-08,02:00,T,74,5.0       ,303.2,15.2
-8.492,124.082,334.9,1,1,2016-10-08,02:00,T,78,5.0       ,305.1,27.4
-9.353,124.164,318.3,1,1,2016-10-08,02:00,T,55,5.0       ,302,8.8
-9.459,124.132,333,1,1,2016-10-08,02:00,T,85,5.0       ,303,26.3
-9.468,124.131,322.9,1,1,2016-10-08,02:00,T,72,5.0       ,302.1,12.6
-9.469,124.14,328.6,1,1,2016-10-08,02:00,T,82,5.0       ,301.3,21.5
-9.657,124.1,329,1,1,2016-10-08,02:00,T,82,5.0       ,303.7,22.2
21.024,109.922,321.3,1.2,1.1,2016-10-08,03:30,T,74,5.0       ,299.8,21
21.022,109.933,313.9,1.2,1.1,2016-10-08,03:30,T,59,5.0       ,299.2,8.9
0.765,99.935,311.3,1.6,1.2,2016-10-08,06:35,A,36,5.0       ,286.9,18.7
1.343,100.428,331.1,1.4,1.2,2016-10-08,06:35,A,84,5.0       ,299.3,41.9
1.341,100.415,333.9,1.4,1.2,2016-10-08,06:35,A,86,5.0       ,300.8,50.4
1.308,99.959,329,1.6,1.2,2016-10-08,06:35,A,25,5.0       ,299.2,34.8
1.306,99.945,332.3,1.6,1.2,2016-10-08,06:35,A,61,5.0       ,299.4,43.9
1.42,100.584,319.1,1.4,1.2,2016-10-08,06:35,A,51,5.0       ,299.3,13.3
1.418,100.571,318.8,1.4,1.2,2016-10-08,06:35,A,58,5.0       ,299.6,12.3
1.424,100.578,320.4,1.4,1.2,2016-10-08,06:35,A,63,5.0       ,298.8,17.2
1.324,99.909,328.7,1.6,1.2,2016-10-08,06:35,A,50,5.0       ,303.9,34.9
1.423,100.424,327.5,1.4,1.2,2016-10-08,06:35,A,81,5.0       ,300.6,33.5
1.556,101.257,315.2,1.3,1.1,2016-10-08,06:35,A,53,5.0       ,292.2,11.5
2.092,99.831,317.4,1.5,1.2,2016-10-08,06:35,A,31,5.0       ,298.9,17.9
18.321,100.154,314.7,1,1,2016-10-08,06:40,A,48,5.0       ,299.8,7.7
22.646,106.174,324.4,2.1,1.4,2016-10-08,06:40,A,75,5.0       ,293,58.6
22.65,106.187,315.9,2.1,1.4,2016-10-08,06:40,A,65,5.0       ,291.3,30.5
22.176,99.169,317.2,1,1,2016-10-08,06:40,A,48,5.0       ,300.9,11.4
-9.671,124.057,319.3,2.6,1.5,2016-10-08,04:55,A,60,5.0       ,296.8,51.7
-9.68,124.053,320.8,2.6,1.5,2016-10-08,04:55,A,66,5.0       ,296.6,59.2
-9.425,124.361,323.6,2.4,1.5,2016-10-08,04:55,A,51,5.0       ,297,54.7
-9.415,124.375,322,2.4,1.5,2016-10-08,04:55,A,48,5.0       ,299.5,44.2
30.478,113.711,318.3,2.7,1.6,2016-10-08,05:05,A,69,5.0       ,294,65.8
30.472,113.684,316.4,2.7,1.6,2016-10-08,05:05,A,66,5.0       ,294.5,57.9
30.482,113.705,321.5,2.7,1.6,2016-10-08,05:05,A,74,5.0       ,293.8,81.4
30.476,113.679,311.9,2.7,1.6,2016-10-08,05:05,A,51,5.0       ,294.5,37.6
-0.976,101.619,316.8,1.3,1.1,2016-10-08,06:35,A,58,5.0       ,293,13.5
-0.854,101.677,316.7,1.3,1.1,2016-10-08,06:35,A,47,5.0       ,291.1,11.8
-0.58,102.237,310.7,1.2,1.1,2016-10-08,06:35,A,40,5.0       ,289.9,7.2
-0.716,101.288,311.5,1.3,1.1,2016-10-08,06:35,A,43,5.0       ,277.5,16.6
-0.296,102.504,318.4,1.1,1.1,2016-10-08,06:35,A,61,5.0       ,296.3,14.9
-0.157,100.633,313.4,1.5,1.2,2016-10-08,06:35,A,50,5.0       ,290.1,14.1
0.187,100.766,344.6,1.4,1.2,2016-10-08,06:35,A,92,5.0       ,290.5,89.2
0.185,100.753,314.5,1.4,1.2,2016-10-08,06:35,A,61,5.0       ,289,14.8
0.412,100.493,314.9,1.5,1.2,2016-10-08,06:35,A,46,5.0       ,285.7,18.9
0.565,100.059,312.5,1.6,1.2,2016-10-08,06:35,A,35,5.0       ,289.1,16.4
-9.417,124.356,321.6,2.4,1.5,2016-10-08,04:55,A,53,5.0       ,296.6,42.5
-9.414,124.05,321.7,2.6,1.5,2016-10-08,04:55,A,73,5.0       ,297.7,57.7
-9.408,124.042,319.2,2.6,1.5,2016-10-08,04:55,A,51,5.0       ,297.6,38.2
-7.994,131.31,327.2,1,1,2016-10-08,04:55,A,66,5.0       ,304.3,16.4
-7.916,129.65,320.1,1.1,1,2016-10-08,04:55,A,72,5.0       ,298.8,15.7
-7.878,129.53,331.9,1.1,1,2016-10-08,04:55,A,60,5.0       ,307.6,24.9
0.836,127.697,312.6,1.1,1,2016-10-08,04:55,A,42,5.0       ,293.5,10.1
4.193,126.848,310.8,1.1,1,2016-10-08,04:55,A,0,5.0       ,293.7,9
6.074,125.618,332.3,1.2,1.1,2016-10-08,04:55,A,85,5.0       ,294.4,43.5
7.797,125.028,314,1.2,1.1,2016-10-08,04:55,A,52,5.0       ,295.2,7.7
-6.129,155.208,339,2.7,1.6,2016-10-08,12:40,T,100,5.0       ,285.2,231.6
-6.133,155.185,358.2,2.7,1.6,2016-10-08,12:40,T,100,5.0       ,285.3,407.7
-6.14,155.201,329.2,2.7,1.6,2016-10-08,12:40,T,100,5.0       ,285.3,166.1
-6.142,155.182,323.8,2.7,1.6,2016-10-08,12:40,T,100,5.0       ,280.8,133.4
-6.125,155.202,336.1,2.7,1.6,2016-10-08,12:40,T,100,5.0       ,283.9,212.2
-6.128,155.18,336.6,2.7,1.6,2016-10-08,12:40,T,100,5.0       ,282,214.3
-5.62,146.311,310.1,1,1,2016-10-08,12:40,T,69,5.0       ,289.1,13.2
4.599,114.374,308,2.2,1.4,2016-10-08,14:25,T,58,5.0       ,277.8,41.4
0.274,100.494,305.8,1.4,1.2,2016-10-08,16:00,T,18,5.0       ,273.1,21.2
0.284,100.492,308.4,1.4,1.2,2016-10-08,16:00,T,50,5.0       ,272,25.4
0.47,100.656,308.9,1.4,1.2,2016-10-08,16:00,T,63,5.0       ,288.6,18.5
0.634,100.443,310.1,1.4,1.2,2016-10-08,16:00,T,69,5.0       ,285.6,21.9
1.321,99.955,311,1.3,1.1,2016-10-08,16:00,T,73,5.0       ,292.5,16.3
1.52,99.493,308.6,1.2,1.1,2016-10-08,16:00,T,62,5.0       ,290.7,14.8
2.103,100.443,308.2,1.4,1.2,2016-10-08,16:00,T,59,5.0       ,290.6,19
-6.125,155.206,315.7,2.9,1.6,2016-10-08,15:40,A,89,5.0       ,284.1,98.9
-6.136,155.181,319.8,2.9,1.6,2016-10-08,15:40,A,99,5.0       ,288.3,114.5
-6.139,155.199,368.3,2.9,1.6,2016-10-08,15:40,A,100,5.0       ,288.3,581.6
0.892,100.071,309.9,1,1,2016-10-08,18:55,A,68,5.0       ,281.7,13.7
0.89,100.08,313.8,1,1,2016-10-08,18:55,A,83,5.0       ,283.9,17.1
0.877,100.106,318,1,1,2016-10-08,18:55,A,95,5.0       ,284.6,22.8