latitude,longitude,brightness,scan,track,acq_date,acq_time,satellite,confidence,version,bright_t31,frp
19.407,95.567,324.7,1.5,1.2,2016-03-04,04:35,T,78,5.0       ,307.9,24.2
19.45,95.064,324,1.4,1.2,2016-03-04,04:35,T,77,5.0       ,311.5,16.3
19.329,95.698,319.6,1.5,1.2,2016-03-04,04:35,T,57,5.0       ,307.5,14.2
19.335,95.707,323.5,1.5,1.2,2016-03-04,04:35,T,76,5.0       ,307.2,24.4
19.315,95.08,320.6,1.4,1.2,2016-03-04,04:35,T,61,5.0       ,309.2,13
19.313,95.093,323.9,1.4,1.2,2016-03-04,04:35,T,74,5.0       ,309.1,19.1
19.116,95.712,331.5,1.5,1.2,2016-03-04,04:35,T,84,5.0       ,304.1,51.3
19.225,95.003,325.4,1.4,1.2,2016-03-04,04:35,T,78,5.0       ,310.5,20.6
19.621,94.851,320,1.3,1.1,2016-03-04,04:35,T,48,5.0       ,306,13.1
19.583,95.014,327.7,1.4,1.2,2016-03-04,04:35,T,81,5.0       ,311.1,21.9
19.636,94.575,317.2,1.3,1.1,2016-03-04,04:35,T,50,5.0       ,304.4,10.1
26.068,112.138,312.3,1.7,1.3,2016-03-04,02:55,T,53,5.0       ,289.1,29.2
26.065,112.171,312.5,1.7,1.3,2016-03-04,02:55,T,54,5.0       ,290.1,28.5
25.597,114.527,323.7,1.2,1.1,2016-03-04,02:55,T,77,5.0       ,294.3,32.8
25.595,114.538,346,1.2,1.1,2016-03-04,02:55,T,93,5.0       ,294.9,80
25.51,114.339,320,1.2,1.1,2016-03-04,02:55,T,72,5.0       ,292.2,29.4
25.411,114.073,317.9,1.2,1.1,2016-03-04,02:55,T,68,5.0       ,280.5,28.5
25.355,114.193,332.8,1.2,1.1,2016-03-04,02:55,T,85,5.0       ,285.2,56.9
25.353,114.205,320.3,1.2,1.1,2016-03-04,02:55,T,72,5.0       ,283.5,33.5
25.296,114.342,332.3,1.2,1.1,2016-03-04,02:55,T,85,5.0       ,289.3,51.6
25.294,114.106,311.2,1.2,1.1,2016-03-04,02:55,T,47,5.0       ,287.5,22
25.261,114.366,326.9,1.2,1.1,2016-03-04,02:55,T,80,5.0       ,292.8,40.1
25.25,114.294,314.8,1.2,1.1,2016-03-04,02:55,T,62,5.0       ,290.9,22.8
25.15,114.691,313.6,1.2,1.1,2016-03-04,02:55,T,59,5.0       ,288.2,19.3
25.254,113.089,311.3,1.4,1.2,2016-03-04,02:55,T,48,5.0       ,284.7,22.2
25.249,113.082,310.1,1.4,1.2,2016-03-04,02:55,T,29,5.0       ,284.4,20.5
25.276,111.454,310.6,1.8,1.3,2016-03-04,02:55,T,41,5.0       ,292.6,24
24.803,115.309,312.3,1.1,1,2016-03-04,02:55,T,53,5.0       ,277.7,20.5
24.581,113.544,310.6,1.3,1.1,2016-03-04,02:55,T,41,5.0       ,290.5,15.6
24.37,112.522,314.9,1.5,1.2,2016-03-04,02:55,T,46,5.0       ,287.7,25.3
24.246,112.514,310.9,1.5,1.2,2016-03-04,02:55,T,42,5.0       ,289.2,20.2
23.817,112.557,327.2,1.5,1.2,2016-03-04,02:55,T,80,5.0       ,291.6,52.2
13.233,120.834,319,2.1,1.4,2016-03-04,02:55,T,70,5.0       ,296.8,53.2
12.575,121.133,315.2,2.3,1.5,2016-03-04,02:55,T,49,5.0       ,299,36.1
14.139,107.658,329,2.4,1.5,2016-03-04,02:55,T,82,5.0       ,299.3,105.5
-7.081,114.056,311.9,1.4,1.2,2016-03-04,03:05,T,0,5.0       ,292.1,11.2
-6.714,111.144,317.1,1,1,2016-03-04,03:05,T,67,5.0       ,297.3,8.9
-7.39,109.361,319.4,1,1,2016-03-04,03:05,T,63,5.0       ,297.4,10.2
-7.392,109.371,318.7,1,1,2016-03-04,03:05,T,27,5.0       ,297.3,9.6
13.89,107.212,319.4,2.6,1.5,2016-03-04,03:00,T,62,5.0       ,300.2,39.4
13.895,107.23,325.2,2.6,1.5,2016-03-04,03:00,T,78,5.0       ,301.3,69
11.694,119.986,312.6,2,1.4,2016-03-04,03:00,T,42,5.0       ,298.7,25
13.705,105.134,319,3.7,1.8,2016-03-04,03:00,T,58,5.0       ,297.8,43.2
12.175,106.581,329.5,2.7,1.6,2016-03-04,03:00,T,82,5.0       ,302.7,71.4
12.171,106.575,324.6,2.7,1.6,2016-03-04,03:00,T,77,5.0       ,302.2,45.8
12.168,106.6,323,2.7,1.6,2016-03-04,03:00,T,68,5.0       ,302.5,36.1
12.041,107.275,321.8,2.4,1.5,2016-03-04,03:00,T,38,5.0       ,304.4,41.3
12.085,106.565,326.1,2.7,1.6,2016-03-04,03:00,T,62,5.0       ,300.7,71.4
12.082,106.557,326.4,2.7,1.6,2016-03-04,03:00,T,66,5.0       ,301.5,74.3
10.034,105.254,313,3.2,1.7,2016-03-04,03:00,T,47,5.0       ,296.6,36.2
5.503,115.704,314.3,1.2,1.1,2016-03-04,03:00,T,43,5.0       ,297.9,11.1
5.477,115.745,354.4,1.2,1.1,2016-03-04,03:00,T,97,5.0       ,295.3,102.3
5.475,115.756,320.7,1.2,1.1,2016-03-04,03:00,T,67,5.0       ,293.2,19.6
4.136,117.647,313.1,1.8,1.3,2016-03-04,03:00,T,0,5.0       ,295.1,23.1
0.36,116.947,312.1,1.8,1.3,2016-03-04,03:00,T,38,5.0       ,292.4,18.7
0.311,116.82,317.2,1.8,1.3,2016-03-04,03:00,T,49,5.0       ,293.5,27.8
0.211,117.253,312.1,1.9,1.3,2016-03-04,03:00,T,53,5.0       ,294.4,23.3
-2.02,113.54,311.2,1.2,1.1,2016-03-04,03:00,T,47,5.0       ,292.4,8.2
-2.589,115.378,315.4,1.5,1.2,2016-03-04,03:00,T,49,5.0       ,296.5,16.2
-2.592,115.385,313.8,1.5,1.2,2016-03-04,03:00,T,54,5.0       ,296,14.1
-4.108,145.061,316.8,1.9,1.4,2016-03-04,04:20,A,0,5.0       ,294.9,28.2
22.632,93.556,335.6,1.1,1,2016-03-04,04:35,T,87,5.0       ,301,42.6
22.631,93.566,323.8,1.1,1,2016-03-04,04:35,T,77,5.0       ,298.6,23.2
22.014,97.19,310.8,1.7,1.3,2016-03-04,04:35,T,44,5.0       ,297.8,19.2
21.963,96.96,313.4,1.7,1.3,2016-03-04,04:35,T,58,5.0       ,299.2,16.9
22.314,94.035,321.8,1.1,1.1,2016-03-04,04:35,T,74,5.0       ,306.4,13
22.298,93.982,316.5,1.1,1.1,2016-03-04,04:35,T,66,5.0       ,304.2,7.3
21.873,96.545,317.9,1.6,1.2,2016-03-04,04:35,T,54,5.0       ,304.1,17.7
21.722,96.618,320.7,1.6,1.2,2016-03-04,04:35,T,73,5.0       ,301.3,30.1
22.152,93.895,320.6,1.1,1,2016-03-04,04:35,T,47,5.0       ,304.1,11.2
22.15,93.905,322.4,1.1,1,2016-03-04,04:35,T,53,5.0       ,305,13
21.639,96.889,316.8,1.7,1.3,2016-03-04,04:35,T,60,5.0       ,301.5,17.2
22.342,92.079,322.9,1,1,2016-03-04,04:35,T,76,5.0       ,301.5,18.1
22.34,92.088,314.6,1,1,2016-03-04,04:35,T,51,5.0       ,301.9,7.8
21.444,97.138,312.5,1.8,1.3,2016-03-04,04:35,T,54,5.0       ,300.6,18.5
21.441,97.155,318.4,1.8,1.3,2016-03-04,04:35,T,70,5.0       ,299.7,33.7
21.421,97.202,316.2,1.8,1.3,2016-03-04,04:35,T,65,5.0       ,298.5,30
21.95,93.998,319.6,1.1,1.1,2016-03-04,04:35,T,71,5.0       ,304.6,12.2
21.964,93.755,324.6,1.1,1,2016-03-04,04:35,T,78,5.0       ,302,25.4
21.35,97.216,311.1,1.8,1.3,2016-03-04,04:35,T,46,5.0       ,299.3,17
21.852,93.974,319.1,1.1,1.1,2016-03-04,04:35,T,59,5.0       ,304.4,11.6
21.85,93.985,324.1,1.1,1.1,2016-03-04,04:35,T,77,5.0       ,305,19.3
21.314,96.504,312.4,1.6,1.2,2016-03-04,04:35,T,45,5.0       ,298.4,17.9
21.194,97.051,329,1.8,1.3,2016-03-04,04:35,T,82,5.0       ,303,56.2
21.183,96.979,315.2,1.7,1.3,2016-03-04,04:35,T,33,5.0       ,302.1,17.9
21.106,96.958,321.9,1.7,1.3,2016-03-04,04:35,T,75,5.0       ,306.4,27.2
21.074,97.071,332.2,1.8,1.3,2016-03-04,04:35,T,78,5.0       ,307,55.4
21.071,97.088,327.5,1.8,1.3,2016-03-04,04:35,T,62,5.0       ,308.5,38.1
21.058,96.965,318.9,1.7,1.3,2016-03-04,04:35,T,57,5.0       ,305.4,16.1
21.061,96.96,318.9,1.7,1.3,2016-03-04,04:35,T,41,5.0       ,304.9,14.8
21.468,93.728,332.5,1.1,1,2016-03-04,04:35,T,85,5.0       ,298.3,40.3
21.459,93.726,399.1,1.1,1,2016-03-04,04:35,T,100,5.0       ,304.2,289.1
21.457,93.737,319.9,1.1,1,2016-03-04,04:35,T,72,5.0       ,296.9,21.1
21.39,94.091,318.4,1.1,1.1,2016-03-04,04:35,T,69,5.0       ,304.3,11.2
21.256,94.289,318.8,1.2,1.1,2016-03-04,04:35,T,70,5.0       ,303.8,12
21.451,92.782,312.2,1,1,2016-03-04,04:35,T,53,5.0       ,294.1,9
20.768,94.059,314,1.2,1.1,2016-03-04,04:35,T,36,5.0       ,303.3,8.9
20.402,94.415,322.5,1.2,1.1,2016-03-04,04:35,T,75,5.0       ,307,14.2
20.452,93.91,319.5,1.2,1.1,2016-03-04,04:35,T,71,5.0       ,302,21.2
20.213,94.561,322.2,1.3,1.1,2016-03-04,04:35,T,71,5.0       ,307.9,10.7
20.207,94.535,331,1.3,1.1,2016-03-04,04:35,T,84,5.0       ,309,27.4
19.989,95.691,319.8,1.5,1.2,2016-03-04,04:35,T,68,5.0       ,306,12.4
19.75,95.657,338.4,1.5,1.2,2016-03-04,04:35,T,89,5.0       ,311.1,54.2
19.748,95.671,331.9,1.5,1.2,2016-03-04,04:35,T,84,5.0       ,309.2,35.7
19.804,94.796,333.4,1.3,1.1,2016-03-04,04:35,T,85,5.0       ,310.3,33.2
19.748,94.703,330.1,1.3,1.1,2016-03-04,04:35,T,83,5.0       ,309.1,25.5
19.705,94.835,323.4,1.3,1.1,2016-03-04,04:35,T,72,5.0       ,307.1,15.2
19.703,94.847,325.9,1.3,1.1,2016-03-04,04:35,T,79,5.0       ,307.3,20.1
19.528,95.596,328.4,1.5,1.2,2016-03-04,04:35,T,81,5.0       ,309.6,29.3
19.641,94.854,325.3,1.3,1.1,2016-03-04,04:35,T,78,5.0       ,304.6,22.9
19.637,94.88,318,1.3,1.1,2016-03-04,04:35,T,63,5.0       ,305,9.9
19.631,94.853,342.1,1.3,1.1,2016-03-04,04:35,T,91,5.0       ,305.3,64.6
19.629,94.865,332.6,1.3,1.1,2016-03-04,04:35,T,85,5.0       ,304.8,39.1
-3.237,139.085,311.4,1.3,1.1,2016-03-04,01:25,T,29,5.0       ,290.7,13.7
13.077,103.498,320.6,2.6,1.6,2016-03-04,06:00,A,73,5.0       ,300.1,54.4
13.073,103.474,328.8,2.7,1.6,2016-03-04,06:00,A,82,5.0       ,299.7,100.4
13.437,105.528,364.1,1.8,1.3,2016-03-04,06:00,A,100,5.0       ,302.2,239.9
13.434,105.512,361.8,1.8,1.3,2016-03-04,06:00,A,100,5.0       ,301,224.5
13.644,106.729,328.6,1.5,1.2,2016-03-04,06:00,A,65,5.0       ,307.4,23.4
13.654,106.727,343.1,1.5,1.2,2016-03-04,06:00,A,92,5.0       ,307.8,67.8
13.12,103.458,318,2.7,1.6,2016-03-04,06:00,A,57,5.0       ,299.3,37.7
13.496,105.545,313.8,1.8,1.3,2016-03-04,06:00,A,59,5.0       ,299.1,18
30.425,117.516,315.7,1,1,2016-03-04,02:55,T,64,5.0       ,286.4,20.5
30.423,117.526,321.3,1,1,2016-03-04,02:55,T,74,5.0       ,287.3,26.2
29.793,117.089,310.1,1,1,2016-03-04,02:55,T,21,5.0       ,292.2,11
29.586,117.256,343.8,1,1,2016-03-04,02:55,T,92,5.0       ,294.7,60.3
29.577,117.254,331.4,1,1,2016-03-04,02:55,T,84,5.0       ,295.5,37.8
29.594,112.691,317.2,1.7,1.3,2016-03-04,02:55,T,67,5.0       ,289.1,40.5
28.42,117.625,313.6,1,1,2016-03-04,02:55,T,59,5.0       ,295.7,11.7
27.609,118.059,312.5,1,1,2016-03-04,02:55,T,54,5.0       ,289.7,13.8
27.204,118.542,321.2,1,1,2016-03-04,02:55,T,74,5.0       ,293.6,24.1
27.216,117.024,332.7,1,1,2016-03-04,02:55,T,85,5.0       ,293.9,38.9
27.215,117.034,320.5,1,1,2016-03-04,02:55,T,73,5.0       ,293.5,22.1
26.936,118.422,326.9,1,1,2016-03-04,02:55,T,80,5.0       ,293.1,30.4
27.077,116.77,316.4,1,1,2016-03-04,02:55,T,51,5.0       ,292.9,16.7
27.167,115.492,322.6,1.1,1.1,2016-03-04,02:55,T,75,5.0       ,293.6,27.6
26.985,116.097,322,1.1,1,2016-03-04,02:55,T,75,5.0       ,291.9,25.7
26.891,115.418,318.9,1.1,1.1,2016-03-04,02:55,T,70,5.0       ,294.5,21.4
26.596,117.363,321,1,1,2016-03-04,02:55,T,73,5.0       ,289.4,24.5
26.464,118.245,317.1,1,1,2016-03-04,02:55,T,67,5.0       ,290.1,20.1
26.463,118.255,314.4,1,1,2016-03-04,02:55,T,61,5.0       ,290.5,16.9
26.461,118.265,328.8,1,1,2016-03-04,02:55,T,82,5.0       ,291.8,34.3
27.005,113.931,338.9,1.3,1.1,2016-03-04,02:55,T,89,5.0       ,294.8,71.5
27.003,113.944,330.8,1.3,1.1,2016-03-04,02:55,T,83,5.0       ,294,51.3
26.442,114.294,313.5,1.2,1.1,2016-03-04,02:55,T,58,5.0       ,293.7,18.7
26.521,113.565,327.3,1.4,1.2,2016-03-04,02:55,T,80,5.0       ,294,46.9
26.436,113.043,313,1.5,1.2,2016-03-04,02:55,T,57,5.0       ,294.1,20
26.433,113.036,314.6,1.5,1.2,2016-03-04,02:55,T,62,5.0       ,294.1,23.7
26.239,113.714,317.2,1.3,1.1,2016-03-04,02:55,T,51,5.0       ,289.3,27.9
26.057,112.75,313.2,1.5,1.2,2016-03-04,02:55,T,57,5.0       ,296,19.1
19.22,94.607,315.3,1.3,1.1,2016-03-04,04:35,T,63,5.0       ,303.6,13
18.669,97.505,324.5,2.1,1.4,2016-03-04,04:35,T,78,5.0       ,303.8,46.2
18.934,95.696,324.3,1.6,1.2,2016-03-04,04:35,T,77,5.0       ,309.3,21.2
18.438,98.399,319.2,2.5,1.5,2016-03-04,04:35,T,71,5.0       ,299.8,44.7
18.875,95.775,320.4,1.6,1.2,2016-03-04,04:35,T,73,5.0       ,304.8,21.5
18.999,94.823,317.9,1.4,1.2,2016-03-04,04:35,T,69,5.0       ,305.9,12.6
18.856,95.543,321.3,1.5,1.2,2016-03-04,04:35,T,74,5.0       ,307.8,13.6
18.777,95.676,322.9,1.6,1.2,2016-03-04,04:35,T,76,5.0       ,308.8,13.3
18.612,96.696,315.1,1.9,1.3,2016-03-04,04:35,T,36,5.0       ,301.9,19.7
18.776,95.669,321.1,1.6,1.2,2016-03-04,04:35,T,73,5.0       ,308.1,9.4
18.859,95.113,330.9,1.4,1.2,2016-03-04,04:35,T,83,5.0       ,309.8,34.4
18.856,95.126,325.6,1.4,1.2,2016-03-04,04:35,T,79,5.0       ,309.5,23
18.803,95.185,320.5,1.4,1.2,2016-03-04,04:35,T,36,5.0       ,308,15.5
18.576,95.961,312.8,1.6,1.3,2016-03-04,04:35,T,56,5.0       ,302.2,15.2
18.643,95.297,322.9,1.5,1.2,2016-03-04,04:35,T,52,5.0       ,310,13.1
18.529,95,321.2,1.4,1.2,2016-03-04,04:35,T,54,5.0       ,306.6,13.6
18.508,94.996,326.8,1.4,1.2,2016-03-04,04:35,T,80,5.0       ,306.6,28.1
18.267,96.076,310.9,1.7,1.3,2016-03-04,04:35,T,44,5.0       ,298.8,12.5
18.419,94.851,319.5,1.4,1.2,2016-03-04,04:35,T,71,5.0       ,302.6,21.4
18.202,95.853,313.9,1.6,1.3,2016-03-04,04:35,T,35,5.0       ,288.7,17.5
18.307,95.029,319.3,1.4,1.2,2016-03-04,04:35,T,59,5.0       ,307.2,11.6
17.051,101.628,311.2,4.7,2,2016-03-04,04:35,T,38,5.0       ,293,68.7
17.682,95.719,315.7,1.6,1.3,2016-03-04,04:35,T,40,5.0       ,297.4,17.8
17.556,94.968,320.7,1.5,1.2,2016-03-04,04:35,T,72,5.0       ,305.9,20.2
17.554,94.981,323.6,1.5,1.2,2016-03-04,04:35,T,77,5.0       ,307.4,26.9
15.378,99.23,314.1,3.4,1.7,2016-03-04,04:35,T,41,5.0       ,298.3,54.3
20.468,103.881,318.1,1.8,1.3,2016-03-04,06:05,A,69,5.0       ,287.1,44.9
20.377,103.245,325.7,2,1.4,2016-03-04,06:05,A,79,5.0       ,285.9,79.6
20.679,103.686,322.4,1.8,1.3,2016-03-04,06:05,A,46,5.0       ,284.3,49.4
20.955,103.369,315.5,1.9,1.3,2016-03-04,06:05,A,64,5.0       ,285.6,43.8
22.319,112.026,312,1.2,1.1,2016-03-04,06:05,A,49,5.0       ,285.2,18.8
21.066,103.47,312.8,1.8,1.3,2016-03-04,06:05,A,56,5.0       ,293.9,26.3
21.078,103.466,312.3,1.8,1.3,2016-03-04,06:05,A,51,5.0       ,293.1,24.6
21.292,102.847,310.7,2,1.4,2016-03-04,06:05,A,42,5.0       ,293.6,30.4
21.289,102.829,327,2,1.4,2016-03-04,06:05,A,80,5.0       ,293.5,84.8
21.295,102.84,322.3,2,1.4,2016-03-04,06:05,A,75,5.0       ,294,65.5
21.292,102.822,316.7,2,1.4,2016-03-04,06:05,A,66,5.0       ,293,47.7
22.701,110.788,341,1.1,1,2016-03-04,06:05,A,90,5.0       ,295.1,56.6
21.765,103.348,310.2,1.8,1.3,2016-03-04,06:05,A,32,5.0       ,292.4,20.1
21.583,102.27,334.3,2.2,1.4,2016-03-04,06:05,A,86,5.0       ,293.2,128.5
21.579,102.247,328.6,2.2,1.4,2016-03-04,06:05,A,82,5.0       ,294,100.2
21.759,103.341,314.9,1.8,1.3,2016-03-04,06:05,A,62,5.0       ,293,30.6
21.582,102.263,343.7,2.2,1.4,2016-03-04,06:05,A,92,5.0       ,294.2,182.3
21.965,104.156,320.8,1.6,1.2,2016-03-04,06:05,A,69,5.0       ,291.8,41.9
21.962,104.138,324.1,1.6,1.2,2016-03-04,06:05,A,67,5.0       ,292.9,49.4
21.973,104.138,333.4,1.6,1.2,2016-03-04,06:05,A,84,5.0       ,291.6,73.7
23.017,110.949,315.7,1.1,1.1,2016-03-04,06:05,A,47,5.0       ,296,14.4
23.763,114.93,316.7,2,1.4,2016-03-04,06:05,A,60,5.0       ,291.3,45.2
23.795,115.122,323.3,2.1,1.4,2016-03-04,06:05,A,76,5.0       ,293.2,68.9
23.8,115.133,316.7,2.1,1.4,2016-03-04,06:05,A,66,5.0       ,293.8,46.9
23.798,115.115,314.2,2.1,1.4,2016-03-04,06:05,A,60,5.0       ,292.4,38.1
23.464,111.974,311.7,1.3,1.1,2016-03-04,06:05,A,47,5.0       ,291.4,13.1
23.96,116.242,317.7,2.5,1.5,2016-03-04,06:05,A,68,5.0       ,287.6,73.8
24.192,115.297,314.2,2.2,1.4,2016-03-04,06:05,A,40,5.0       ,286.5,36
24.037,113.586,328.2,1.6,1.3,2016-03-04,06:05,A,81,5.0       ,295.1,57.9
24.036,113.57,312,1.6,1.3,2016-03-04,06:05,A,47,5.0       ,293.2,18.4
24.068,113.247,311.3,1.5,1.2,2016-03-04,06:05,A,45,5.0       ,293.4,18.2
24.104,113.474,311.7,1.6,1.2,2016-03-04,06:05,A,51,5.0       ,294,20.2
24.274,114.61,312.4,1.9,1.4,2016-03-04,06:05,A,35,5.0       ,290,29.6
22.648,102.669,311.4,2,1.4,2016-03-04,06:05,A,48,5.0       ,291.5,32.5
23.94,110.434,325.3,1.1,1,2016-03-04,06:05,A,59,5.0       ,291.7,27.6
24.162,111.86,311.5,1.3,1.1,2016-03-04,06:05,A,30,5.0       ,292.2,13.3
25.052,117.838,312.9,3.4,1.7,2016-03-04,06:05,A,48,5.0       ,284,84.3
25.061,117.832,317,3.4,1.7,2016-03-04,06:05,A,67,5.0       ,283.8,113.5
23.516,103.633,317,1.6,1.2,2016-03-04,06:05,A,67,5.0       ,297.6,30.6
24.828,112.416,315.4,1.4,1.2,2016-03-04,06:05,A,64,5.0       ,296.8,19.5
23.673,104.338,312.9,1.4,1.2,2016-03-04,06:05,A,56,5.0       ,296.5,13.7
23.996,105.095,331.8,1.3,1.1,2016-03-04,06:05,A,84,5.0       ,299,47.8
24.006,105.093,314,1.3,1.1,2016-03-04,06:05,A,52,5.0       ,298.4,14.9
23.852,104.115,314.9,1.5,1.2,2016-03-04,06:05,A,62,5.0       ,298.8,17.4
23.845,104.111,317.2,1.5,1.2,2016-03-04,06:05,A,67,5.0       ,299.7,22
24.044,105.08,315.9,1.3,1.1,2016-03-04,06:05,A,65,5.0       ,297.8,15.6
23.931,104.353,319.5,1.4,1.2,2016-03-04,06:05,A,65,5.0       ,293.9,27.8
23.928,104.34,317.3,1.4,1.2,2016-03-04,06:05,A,56,5.0       ,296.7,23.5
23.88,104.06,311.9,1.5,1.2,2016-03-04,06:05,A,40,5.0       ,298.4,12.8
23.877,104.046,340.4,1.5,1.2,2016-03-04,06:05,A,90,5.0       ,301.3,83
23.9,104.115,312.7,1.5,1.2,2016-03-04,06:05,A,51,5.0       ,295.2,15.3
24.051,104.872,327.4,1.3,1.1,2016-03-04,06:05,A,80,5.0       ,296.1,41.3
24.039,104.676,318.2,1.4,1.2,2016-03-04,06:05,A,69,5.0       ,297.7,21.8
24.087,104.845,323.6,1.3,1.1,2016-03-04,06:05,A,63,5.0       ,294,32.7
23.946,103.907,315,1.5,1.2,2016-03-04,06:05,A,62,5.0       ,298.2,19.4
23.943,103.892,318.3,1.5,1.2,2016-03-04,06:05,A,69,5.0       ,299.3,25.8
24.032,104.339,322.6,1.4,1.2,2016-03-04,06:05,A,75,5.0       ,298.7,31.8
23.922,103.709,312.6,1.6,1.2,2016-03-04,06:05,A,55,5.0       ,300.3,13.6
25.426,114.087,312.1,1.8,1.3,2016-03-04,06:05,A,53,5.0       ,294.9,28.2
25.419,114.082,313.6,1.8,1.3,2016-03-04,06:05,A,59,5.0       ,294.5,32.2
24.021,103.685,311.3,1.6,1.2,2016-03-04,06:05,A,45,5.0       ,297.5,14.1
23.987,103.231,324.9,1.7,1.3,2016-03-04,06:05,A,78,5.0       ,297.7,51.8
23.984,103.214,316.9,1.7,1.3,2016-03-04,06:05,A,40,5.0       ,298.6,28.8
24.175,103.762,310.1,1.5,1.2,2016-03-04,06:05,A,23,5.0       ,298.3,12.3
25.538,112.66,312.4,1.5,1.2,2016-03-04,06:05,A,50,5.0       ,295.2,12.3
25.531,112.654,316.7,1.5,1.2,2016-03-04,06:05,A,66,5.0       ,297.3,20.5
25.535,112.394,337.1,1.4,1.2,2016-03-04,06:05,A,88,5.0       ,299.2,67.2
25.58,112.693,314.4,1.5,1.2,2016-03-04,06:05,A,41,5.0       ,297.9,16.8
24.406,104.235,310.8,1.4,1.2,2016-03-04,06:05,A,43,5.0       ,298.5,12.9
24.864,106.779,311.9,1.1,1,2016-03-04,06:05,A,0,5.0       ,289.2,11.3
25.673,112.528,320.2,1.5,1.2,2016-03-04,06:05,A,70,5.0       ,296,26.5
25.786,112.804,315.9,1.5,1.2,2016-03-04,06:05,A,65,5.0       ,298,21
24.866,106.02,310.2,1.1,1.1,2016-03-04,06:05,A,32,5.0       ,292.1,10.8
25.802,112.44,321.5,1.4,1.2,2016-03-04,06:05,A,70,5.0       ,296.9,30.6
24.872,105.612,319.6,1.2,1.1,2016-03-04,06:05,A,71,5.0       ,292.7,21.9
24.871,105.6,316.7,1.2,1.1,2016-03-04,06:05,A,66,5.0       ,294,17.5
26.021,112.883,315.8,1.5,1.2,2016-03-04,06:05,A,34,5.0       ,298.8,17.2
26.035,112.407,315.1,1.4,1.2,2016-03-04,06:05,A,55,5.0       ,296.2,20
26.033,112.393,318.6,1.4,1.2,2016-03-04,06:05,A,61,5.0       ,293.2,27.2
26.236,113.702,318.2,1.8,1.3,2016-03-04,06:05,A,59,5.0       ,292.7,39.9
26.138,111.296,330.1,1.2,1.1,2016-03-04,06:05,A,83,5.0       ,293.3,40.9
26.136,111.283,330.1,1.2,1.1,2016-03-04,06:05,A,83,5.0       ,291.6,41.1
25.416,105.421,312.8,1.2,1.1,2016-03-04,06:05,A,56,5.0       ,297.6,12.9
25.136,103.769,310.3,1.5,1.2,2016-03-04,06:05,A,29,5.0       ,296.2,10.8
26.517,113.563,338.3,1.7,1.3,2016-03-04,06:05,A,77,5.0       ,296,100.9
26.545,113.72,314.2,1.8,1.3,2016-03-04,06:05,A,60,5.0       ,289.6,29.5
26.856,116.448,313.6,2.8,1.6,2016-03-04,06:05,A,59,5.0       ,293.8,53.2
25.582,105.932,314.6,1.1,1.1,2016-03-04,06:05,A,54,5.0       ,294.5,15
26.658,114.034,310.6,1.9,1.3,2016-03-04,06:05,A,39,5.0       ,296.7,22.7
26.656,114.016,313,1.9,1.3,2016-03-04,06:05,A,56,5.0       ,298.5,27.5
26.485,112.157,321.3,1.4,1.2,2016-03-04,06:05,A,58,5.0       ,290.1,28.2
26.489,112.15,317,1.4,1.2,2016-03-04,06:05,A,38,5.0       ,289.5,20.8
27.318,115.363,312.5,2.4,1.5,2016-03-04,06:05,A,54,5.0       ,295.4,32.4
27.648,116.765,310.8,3,1.7,2016-03-04,06:05,A,41,5.0       ,291.2,50.6
27.647,116.761,311.7,3,1.7,2016-03-04,06:05,A,51,5.0       ,291.5,55.9
26.958,105.815,314,1.1,1,2016-03-04,06:05,A,56,5.0       ,295.9,14.1
28.658,116.441,325.7,3,1.6,2016-03-04,06:05,A,74,5.0       ,291.9,129.7
27.72,102.214,314.4,1.7,1.3,2016-03-04,06:05,A,60,5.0       ,301.1,19.4
29.32,112.068,319.9,1.5,1.2,2016-03-04,06:05,A,72,5.0       ,297.8,34.2
29.544,111.946,318.4,1.5,1.2,2016-03-04,06:05,A,70,5.0       ,298.4,29.3
29.693,112.947,312.3,1.8,1.3,2016-03-04,06:05,A,35,5.0       ,299.2,21.6
30.689,114.457,311.4,2.3,1.5,2016-03-04,06:05,A,48,5.0       ,291.2,34.7
25.339,97.058,311.2,1.5,1.2,2016-03-04,04:35,T,47,5.0       ,295.3,15.6
25.723,94.167,312.9,1.1,1,2016-03-04,04:35,T,56,5.0       ,295.1,11.9
26.123,90.528,311.5,1.1,1.1,2016-03-04,04:35,T,49,5.0       ,295.8,8.2
25.511,94.338,314.4,1.1,1,2016-03-04,04:35,T,44,5.0       ,297.2,14.6
24.771,97.311,313.6,1.6,1.2,2016-03-04,04:35,T,48,5.0       ,298.6,18
25.153,94.503,313.6,1.1,1,2016-03-04,04:35,T,49,5.0       ,294,16.1
25.058,94.971,313,1.1,1.1,2016-03-04,04:35,T,56,5.0       ,296.2,14.3
24.037,96.56,317.1,1.4,1.2,2016-03-04,04:35,T,55,5.0       ,299.6,18
24.034,96.574,316.4,1.4,1.2,2016-03-04,04:35,T,42,5.0       ,298.5,19.1
24.482,92.876,313.7,1,1,2016-03-04,04:35,T,59,5.0       ,295.4,12
24.471,92.763,318.1,1,1,2016-03-04,04:35,T,69,5.0       ,296.7,15.6
24.27,93.654,323.8,1,1,2016-03-04,04:35,T,77,5.0       ,300.9,23.9
24.236,93.638,343.8,1,1,2016-03-04,04:35,T,92,5.0       ,300.3,56.7
24.234,93.648,317,1,1,2016-03-04,04:35,T,67,5.0       ,299.1,14.4
23.618,95.833,318.3,1.3,1.1,2016-03-04,04:35,T,69,5.0       ,300.8,13.2
23.522,96.388,316.5,1.4,1.2,2016-03-04,04:35,T,66,5.0       ,300.2,14.3
23.644,95.555,314.9,1.3,1.1,2016-03-04,04:35,T,49,5.0       ,300.9,8.9
23.936,93.72,319.4,1.1,1,2016-03-04,04:35,T,71,5.0       ,293.8,19
23.934,93.73,312,1.1,1,2016-03-04,04:35,T,52,5.0       ,293,10
23.892,93.769,338.9,1.1,1,2016-03-04,04:35,T,89,5.0       ,298.1,49.2
23.935,93.311,312.8,1,1,2016-03-04,04:35,T,16,5.0       ,298.9,12.9
23.901,92.876,315.6,1,1,2016-03-04,04:35,T,64,5.0       ,295.2,14.2
23.755,93.759,313.2,1.1,1,2016-03-04,04:35,T,56,5.0       ,297.4,11.1
23.725,93.824,328,1.1,1,2016-03-04,04:35,T,81,5.0       ,292.2,36.9
23.724,93.835,321.6,1.1,1,2016-03-04,04:35,T,74,5.0       ,291.7,27.7
23.716,93.822,328.4,1.1,1,2016-03-04,04:35,T,81,5.0       ,290.2,36.1
23.714,93.833,311.5,1.1,1,2016-03-04,04:35,T,27,5.0       ,291,14.4
23.658,93.786,311.3,1.1,1,2016-03-04,04:35,T,43,5.0       ,299,12.3
23.656,93.796,332.3,1.1,1,2016-03-04,04:35,T,85,5.0       ,298.6,42.1
23.303,95.804,325.8,1.3,1.1,2016-03-04,04:35,T,79,5.0       ,303.8,24.5
23.296,95.797,318.2,1.3,1.1,2016-03-04,04:35,T,62,5.0       ,302.9,10.6
23.293,95.81,326.3,1.3,1.1,2016-03-04,04:35,T,79,5.0       ,303.4,25.5
23.413,92.742,316,1,1,2016-03-04,04:35,T,65,5.0       ,295.2,15.8
23.243,93.43,328.9,1,1,2016-03-04,04:35,T,82,5.0       ,294.6,33.2
23.241,93.44,326.6,1,1,2016-03-04,04:35,T,80,5.0       ,293.5,30.5
22.598,97.222,312.2,1.7,1.3,2016-03-04,04:35,T,53,5.0       ,297.3,16.9
23.289,92.895,314,1,1,2016-03-04,04:35,T,60,5.0       ,296.4,12.8
22.788,96.001,314.3,1.4,1.2,2016-03-04,04:35,T,51,5.0       ,295.3,12.6
22.518,96.117,321.6,1.4,1.2,2016-03-04,04:35,T,72,5.0       ,302.6,21.7
22.516,96.13,328.1,1.4,1.2,2016-03-04,04:35,T,81,5.0       ,300.7,38.5
22.355,96.905,332.7,1.6,1.3,2016-03-04,04:35,T,85,5.0       ,304.8,51.8
22.355,96.899,328,1.6,1.3,2016-03-04,04:35,T,81,5.0       ,305.4,39.6
22.352,96.914,319.3,1.6,1.3,2016-03-04,04:35,T,69,5.0       ,303.2,15.8
22.861,93.096,328.6,1,1,2016-03-04,04:35,T,82,5.0       ,296.8,30.8
22.852,93.095,321.6,1,1,2016-03-04,04:35,T,74,5.0       ,297.2,21.4
22.225,96.848,319.3,1.6,1.3,2016-03-04,04:35,T,68,5.0       ,304.1,20.5
22.223,96.863,322.1,1.6,1.3,2016-03-04,04:35,T,75,5.0       ,302.5,28.3
22.294,95.684,322.2,1.4,1.2,2016-03-04,04:35,T,75,5.0       ,304.9,17.6
17.588,94.959,318.7,3.7,1.8,2016-03-04,07:40,A,41,5.0       ,296.3,79.4
17.76,95.037,321.6,3.8,1.8,2016-03-04,07:40,A,56,5.0       ,305.8,73.2
17.766,95.031,320,3.8,1.8,2016-03-04,07:40,A,43,5.0       ,305.5,60.3
15.923,95.597,331.9,1.7,1.3,2016-03-04,04:35,T,84,5.0       ,304.8,61.9
15.926,95.592,332,1.7,1.3,2016-03-04,04:35,T,84,5.0       ,305,60.9
15.901,95.603,320.8,1.7,1.3,2016-03-04,04:35,T,39,5.0       ,303.3,24.1
15.039,97.998,314.8,2.7,1.6,2016-03-04,04:35,T,62,5.0       ,296.1,53.2
15.036,97.991,310.7,2.7,1.6,2016-03-04,04:35,T,42,5.0       ,295.8,34.9
13.422,105.993,333.1,1.7,1.3,2016-03-04,06:00,A,85,5.0       ,301.2,49.4
13.583,106.855,337.9,1.5,1.2,2016-03-04,06:00,A,88,5.0       ,309.8,43.9
13.589,106.862,327,1.4,1.2,2016-03-04,06:00,A,20,5.0       ,310,16
13.587,106.849,329.6,1.5,1.2,2016-03-04,06:00,A,65,5.0       ,309.9,20.7
13.476,105.835,321.5,1.7,1.3,2016-03-04,06:00,A,71,5.0       ,300.6,16.4
13.422,105.514,316.5,1.8,1.3,2016-03-04,06:00,A,66,5.0       ,299.3,24.3
13.635,106.31,329.1,1.6,1.2,2016-03-04,06:00,A,80,5.0       ,309.9,26.5
13.826,107.179,324.8,1.4,1.2,2016-03-04,06:00,A,34,5.0       ,307.8,19.9
13.717,106.522,325.8,1.5,1.2,2016-03-04,06:00,A,39,5.0       ,306.5,29.3
14.037,108.379,325.6,1.2,1.1,2016-03-04,06:00,A,79,5.0       ,308.4,16.9
13.796,106.868,331,1.4,1.2,2016-03-04,06:00,A,72,5.0       ,306.9,31
13.652,105.998,322.8,1.7,1.3,2016-03-04,06:00,A,33,5.0       ,305.1,16.1
13.629,105.86,325.8,1.7,1.3,2016-03-04,06:00,A,71,5.0       ,304.9,24.3
13.858,107.186,326.2,1.4,1.2,2016-03-04,06:00,A,69,5.0       ,307.2,24.8
13.594,105.437,342.4,1.8,1.3,2016-03-04,06:00,A,91,5.0       ,307,92.9
14.078,108.264,318.7,1.2,1.1,2016-03-04,06:00,A,40,5.0       ,302.7,9.3
13.936,107.274,331.4,1.3,1.1,2016-03-04,06:00,A,84,5.0       ,305.4,31.5
13.872,106.767,328.9,1.5,1.2,2016-03-04,06:00,A,78,5.0       ,308.8,28.1
13.332,103.456,328.2,2.6,1.6,2016-03-04,06:00,A,81,5.0       ,300.6,90.1
13.328,103.432,333.4,2.6,1.6,2016-03-04,06:00,A,85,5.0       ,301.3,122.3
13.758,105.653,320.9,1.8,1.3,2016-03-04,06:00,A,36,5.0       ,303.7,16.9
14.04,107.35,322.6,1.3,1.1,2016-03-04,06:00,A,28,5.0       ,306.1,21.4
13.367,103.219,317.4,2.7,1.6,2016-03-04,06:00,A,27,5.0       ,297.3,35.5
13.713,105.122,330.2,1.9,1.4,2016-03-04,06:00,A,74,5.0       ,308.7,32.9
14.14,107.668,321.5,1.3,1.1,2016-03-04,06:00,A,63,5.0       ,299.8,20.6
14.138,107.656,349.3,1.3,1.1,2016-03-04,06:00,A,95,5.0       ,304.5,86
14.107,107.137,330.7,1.4,1.2,2016-03-04,06:00,A,83,5.0       ,300.4,40.3
13.661,104.353,323.3,2.2,1.4,2016-03-04,06:00,A,56,5.0       ,302.9,36.3
14.247,107.821,327.2,1.2,1.1,2016-03-04,06:00,A,35,5.0       ,308,24.3
14.257,107.819,341,1.2,1.1,2016-03-04,06:00,A,79,5.0       ,305.8,51.2
14.372,108.435,315.9,1.1,1.1,2016-03-04,06:00,A,62,5.0       ,300.6,14.1
13.65,103.902,333.2,2.4,1.5,2016-03-04,06:00,A,85,5.0       ,305.1,74.3
13.663,103.9,333.3,2.4,1.5,2016-03-04,06:00,A,85,5.0       ,305.8,75
13.662,103.917,324.5,2.4,1.5,2016-03-04,06:00,A,54,5.0       ,305.4,37.6
13.658,103.896,340.1,2.4,1.5,2016-03-04,06:00,A,90,5.0       ,305.8,120.1
14.518,108.247,322,1.2,1.1,2016-03-04,06:00,A,52,5.0       ,306.4,12.3
14.176,105.823,320,1.7,1.3,2016-03-04,06:00,A,64,5.0       ,305.6,19.6
14.702,108.984,311,1.1,1,2016-03-04,06:00,A,45,5.0       ,296.4,9.3
14.622,108.269,318.7,1.2,1.1,2016-03-04,06:00,A,53,5.0       ,300,16.9
14.333,106.066,315.5,1.6,1.2,2016-03-04,06:00,A,64,5.0       ,301.9,17.9
14.331,106.051,312.2,1.6,1.2,2016-03-04,06:00,A,53,5.0       ,301.8,11.7
14.044,104.361,324.3,2.2,1.4,2016-03-04,06:00,A,57,5.0       ,304.4,24.6
14.037,104.091,330.8,2.3,1.5,2016-03-04,06:00,A,76,5.0       ,304.6,77
14.012,103.944,331.9,2.3,1.5,2016-03-04,06:00,A,84,5.0       ,305.7,67.4
14.008,103.923,330,2.3,1.5,2016-03-04,06:00,A,83,5.0       ,304.1,56.3
14.65,107.717,337.7,1.2,1.1,2016-03-04,06:00,A,88,5.0       ,308.4,45.4
14.648,107.706,321.7,1.2,1.1,2016-03-04,06:00,A,46,5.0       ,306.5,14.3
14.652,107.723,322.4,1.2,1.1,2016-03-04,06:00,A,39,5.0       ,307.3,11.7
14.65,107.712,329.6,1.2,1.1,2016-03-04,06:00,A,82,5.0       ,308.5,26.6
14.034,104.087,328.6,2.3,1.5,2016-03-04,06:00,A,68,5.0       ,304.5,67.6
14.008,103.94,330.4,2.3,1.5,2016-03-04,06:00,A,83,5.0       ,304.8,58.4
14.004,103.919,323.6,2.3,1.5,2016-03-04,06:00,A,44,5.0       ,303.8,23.9
14.019,103.849,323.4,2.4,1.5,2016-03-04,06:00,A,75,5.0       ,305,26.5
14.83,108.549,317.8,1.1,1.1,2016-03-04,06:00,A,57,5.0       ,299.3,13.3
14.35,105.473,321.1,1.8,1.3,2016-03-04,06:00,A,60,5.0       ,305.7,18.8
14.347,105.457,327.5,1.8,1.3,2016-03-04,06:00,A,81,5.0       ,307.2,37.9
14.253,104.823,332.6,2,1.4,2016-03-04,06:00,A,85,5.0       ,311.2,37
14.881,108.524,313.3,1.1,1.1,2016-03-04,06:00,A,52,5.0       ,300.3,8.7
14.737,107.608,324.8,1.3,1.1,2016-03-04,06:00,A,78,5.0       ,306.1,17.5
14.76,107.628,330.6,1.2,1.1,2016-03-04,06:00,A,27,5.0       ,307.5,30.8
14.753,107.582,322,1.3,1.1,2016-03-04,06:00,A,33,5.0       ,304.7,19.9
14.751,107.571,321.9,1.3,1.1,2016-03-04,06:00,A,63,5.0       ,301,22.6
14.514,105.977,311.7,1.6,1.2,2016-03-04,06:00,A,51,5.0       ,300.1,15.7
14.788,107.48,318.2,1.3,1.1,2016-03-04,06:00,A,69,5.0       ,303.3,18.6
14.472,105.51,328.6,1.7,1.3,2016-03-04,06:00,A,66,5.0       ,303.3,47.8
15,108.805,315.4,1.1,1,2016-03-04,06:00,A,64,5.0       ,297.7,12.7
14.48,105.504,320.2,1.7,1.3,2016-03-04,06:00,A,38,5.0       ,301.8,27
14.907,107.726,329.9,1.2,1.1,2016-03-04,06:00,A,62,5.0       ,307.7,30.3
14.911,107.545,319.6,1.3,1.1,2016-03-04,06:00,A,28,5.0       ,302.9,20
14.953,107.746,351.9,1.2,1.1,2016-03-04,06:00,A,96,5.0       ,306.5,86.8
14.32,103.752,323.9,2.4,1.5,2016-03-04,06:00,A,12,5.0       ,305.5,32.9
14.859,106.83,337.8,1.4,1.2,2016-03-04,06:00,A,88,5.0       ,310.1,48.3
14.857,106.818,331.5,1.4,1.2,2016-03-04,06:00,A,84,5.0       ,311.9,31.8
14.905,106.541,314.8,1.5,1.2,2016-03-04,06:00,A,62,5.0       ,300.3,20.4
14.902,106.528,314.8,1.5,1.2,2016-03-04,06:00,A,62,5.0       ,301,21.1
14.061,101.217,324.3,3.8,1.8,2016-03-04,06:00,A,61,5.0       ,299.7,79.8
14.932,105.998,324.2,1.6,1.2,2016-03-04,06:00,A,71,5.0       ,302.2,33.3
14.93,105.983,330.7,1.6,1.2,2016-03-04,06:00,A,83,5.0       ,302.7,48.2
14.932,105.992,333.3,1.6,1.2,2016-03-04,06:00,A,85,5.0       ,302.7,59.1
14.93,105.978,321.6,1.6,1.2,2016-03-04,06:00,A,70,5.0       ,302.3,23.6
14.067,101.21,322.1,3.8,1.8,2016-03-04,06:00,A,59,5.0       ,298.9,59.4
15.028,106.37,311.1,1.5,1.2,2016-03-04,06:00,A,37,5.0       ,297.9,10.5
15.233,106.991,319,1.3,1.1,2016-03-04,06:00,A,70,5.0       ,302.5,21.3
15.243,106.989,320.8,1.3,1.1,2016-03-04,06:00,A,73,5.0       ,300.7,24.9
15.025,105.648,326.2,1.7,1.3,2016-03-04,06:00,A,39,5.0       ,308.1,18.8
15.38,106.757,328.7,1.4,1.2,2016-03-04,06:00,A,80,5.0       ,308.2,22.6
15.094,104.959,327.6,1.9,1.3,2016-03-04,06:00,A,81,5.0       ,309.2,29
15.414,106.841,328,1.4,1.2,2016-03-04,06:00,A,67,5.0       ,304.6,32
15.412,106.828,339,1.4,1.2,2016-03-04,06:00,A,89,5.0       ,308,56.6
15.382,106.638,333.7,1.4,1.2,2016-03-04,06:00,A,86,5.0       ,304.4,46.3
14.915,103.759,327.8,2.3,1.5,2016-03-04,06:00,A,67,5.0       ,308.5,36.9
14.924,103.753,330.3,2.3,1.5,2016-03-04,06:00,A,83,5.0       ,308.4,46.3
15.355,105.908,326.6,1.6,1.2,2016-03-04,06:00,A,68,5.0       ,308.7,19.5
15.279,105.386,324.3,1.7,1.3,2016-03-04,06:00,A,41,5.0       ,308.1,22.2
15.241,104.955,323.3,1.9,1.3,2016-03-04,06:00,A,76,5.0       ,303.2,28.9
15.238,104.938,323,1.9,1.3,2016-03-04,06:00,A,74,5.0       ,304.6,28.1
15.485,105.917,336,1.6,1.2,2016-03-04,06:00,A,87,5.0       ,306.9,52.3
15.482,105.903,326.7,1.6,1.2,2016-03-04,06:00,A,80,5.0       ,307.2,24.4
15.549,106.167,343.9,1.5,1.2,2016-03-04,06:00,A,92,5.0       ,306.3,81.9
15.547,106.153,327.4,1.5,1.2,2016-03-04,06:00,A,80,5.0       ,305.3,29.9
15.591,106.354,325.2,1.5,1.2,2016-03-04,06:00,A,54,5.0       ,308.1,19.2
15.588,106.341,326.8,1.5,1.2,2016-03-04,06:00,A,56,5.0       ,310,23.7
15.541,106.054,331.9,1.5,1.2,2016-03-04,06:00,A,84,5.0       ,305.7,40.1
15.539,106.04,322.4,1.5,1.2,2016-03-04,06:00,A,47,5.0       ,304.5,15.7
15.652,106.665,333,1.4,1.2,2016-03-04,06:00,A,78,5.0       ,306,43.4
15.557,106.08,331.9,1.5,1.2,2016-03-04,06:00,A,84,5.0       ,305.1,41
15.543,105.995,325.5,1.5,1.2,2016-03-04,06:00,A,68,5.0       ,304.6,25.1
15.938,108.265,322.2,1.1,1.1,2016-03-04,06:00,A,66,5.0       ,304,17.7
15.855,107.486,317.2,1.2,1.1,2016-03-04,06:00,A,67,5.0       ,295.2,20.2
15.853,107.474,312.5,1.2,1.1,2016-03-04,06:00,A,45,5.0       ,296.7,13.8
15.598,105.904,326,1.6,1.2,2016-03-04,06:00,A,73,5.0       ,306.4,20.3
15.724,106.606,318.9,1.4,1.2,2016-03-04,06:00,A,47,5.0       ,303.5,17.9
16.002,108.179,318.3,1.1,1.1,2016-03-04,06:00,A,31,5.0       ,302.4,11.8
15.59,103.404,328.3,2.4,1.5,2016-03-04,06:00,A,81,5.0       ,308.5,41.6
15.585,103.4,326.1,2.4,1.5,2016-03-04,06:00,A,79,5.0       ,308.6,30.6
15.833,104.571,323.2,1.9,1.4,2016-03-04,06:00,A,76,5.0       ,306.3,21
15.005,99.724,322.9,4.7,2,2016-03-04,06:00,A,76,5.0       ,303.3,76.6
16.138,105.888,328.8,1.5,1.2,2016-03-04,06:00,A,62,5.0       ,306.5,35.7
16.346,107.031,316.1,1.3,1.1,2016-03-04,06:00,A,58,5.0       ,300.2,15.7
16.345,107.019,328.5,1.3,1.1,2016-03-04,06:00,A,81,5.0       ,300.7,38.6
15.921,104.474,322.2,2,1.4,2016-03-04,06:00,A,75,5.0       ,306,20.6
16.405,106.954,320.2,1.3,1.1,2016-03-04,06:00,A,72,5.0       ,298.4,25.1
16.397,106.643,313.3,1.4,1.2,2016-03-04,06:00,A,58,5.0       ,300.3,16.2
16.32,105.53,325,1.6,1.2,2016-03-04,06:05,A,78,5.0       ,310.9,20.4
16.466,106.36,321.1,1.4,1.2,2016-03-04,06:05,A,71,5.0       ,302.9,19
16.464,106.347,325.6,1.4,1.2,2016-03-04,06:05,A,79,5.0       ,302.2,29.3
16.083,104.048,324.9,2.1,1.4,2016-03-04,06:05,A,63,5.0       ,306.2,34.8
16.46,106.355,324.9,1.4,1.2,2016-03-04,06:05,A,78,5.0       ,303.3,28
16.336,105.491,322.5,1.6,1.3,2016-03-04,06:05,A,64,5.0       ,305.6,15.4
16.168,104.521,324.8,1.9,1.4,2016-03-04,06:05,A,78,5.0       ,306.8,25.8
16.084,104.043,324.7,2.1,1.4,2016-03-04,06:05,A,76,5.0       ,306.4,35.1
16.097,103.9,325.1,2.1,1.4,2016-03-04,06:05,A,78,5.0       ,307.5,35.8
16.386,105.513,325.8,1.6,1.2,2016-03-04,06:05,A,79,5.0       ,304.7,21.8
16.38,105.273,323.9,1.7,1.3,2016-03-04,06:05,A,53,5.0       ,307.7,20.3
16.136,103.741,333.1,2.2,1.4,2016-03-04,06:05,A,85,5.0       ,307.6,61.9
16.647,106.605,319.5,1.3,1.2,2016-03-04,06:05,A,65,5.0       ,300,22.3
15.674,100.252,320.7,4.1,1.9,2016-03-04,06:05,A,55,5.0       ,292.3,83.5
16.611,105.407,330.1,1.6,1.3,2016-03-04,06:05,A,83,5.0       ,312.4,25.5
16.765,105.905,315.9,1.5,1.2,2016-03-04,06:05,A,56,5.0       ,300.2,18.4
16.365,103.194,331.1,2.4,1.5,2016-03-04,06:05,A,76,5.0       ,307,54.9
16.743,104.821,327.2,1.8,1.3,2016-03-04,06:05,A,80,5.0       ,307.2,30.1
16.565,103.634,322.2,2.2,1.4,2016-03-04,06:05,A,70,5.0       ,302.7,22.9
16.882,104.9,323.1,1.7,1.3,2016-03-04,06:05,A,33,5.0       ,305.8,20.8
16.987,105.172,322.6,1.7,1.3,2016-03-04,06:05,A,45,5.0       ,307.2,16.7
17.115,104.125,322.3,2,1.4,2016-03-04,06:05,A,75,5.0       ,304.1,23.7
17.263,104.479,327.3,1.8,1.3,2016-03-04,06:05,A,80,5.0       ,306.1,29.6
17.269,104.473,328.7,1.8,1.3,2016-03-04,06:05,A,82,5.0       ,307.4,35.5
17.39,103.903,321.2,2,1.4,2016-03-04,06:05,A,66,5.0       ,304.1,23.4
17.875,106.336,316.8,1.3,1.1,2016-03-04,06:05,A,67,5.0       ,294,23
17.873,106.323,312.9,1.3,1.1,2016-03-04,06:05,A,56,5.0       ,292.9,17
17.51,103.61,326.7,2.1,1.4,2016-03-04,06:05,A,80,5.0       ,303.3,39.9
17.506,103.591,326.7,2.1,1.4,2016-03-04,06:05,A,80,5.0       ,304.6,39.4
17.398,102.992,320.8,2.4,1.5,2016-03-04,06:05,A,73,5.0       ,303,26.2
17.894,105.345,312.3,1.6,1.2,2016-03-04,06:05,A,48,5.0       ,295.3,17.8
17.547,102.647,334,2.5,1.5,2016-03-04,06:05,A,86,5.0       ,301.9,104.9
17.823,104.089,319.4,1.9,1.4,2016-03-04,06:05,A,54,5.0       ,298,24.8
18.166,104.186,342.2,1.9,1.3,2016-03-04,06:05,A,91,5.0       ,299.8,109.7
18.163,104.169,325.2,1.9,1.3,2016-03-04,06:05,A,56,5.0       ,298.8,46.8
18.612,104.954,310.3,1.6,1.2,2016-03-04,06:05,A,35,5.0       ,286.7,20.8
18.565,104.677,313.1,1.7,1.3,2016-03-04,06:05,A,57,5.0       ,292.1,25.9
18.574,104.67,317.1,1.7,1.3,2016-03-04,06:05,A,67,5.0       ,294.5,31.3
18.616,104.644,314.6,1.7,1.3,2016-03-04,06:05,A,52,5.0       ,297.4,23.2
18.613,104.629,313.9,1.7,1.3,2016-03-04,06:05,A,58,5.0       ,297.4,20.4
18.812,104.039,336.1,1.9,1.3,2016-03-04,06:05,A,87,5.0       ,294.1,107.2
19.221,103.637,312.8,2,1.4,2016-03-04,06:05,A,49,5.0       ,280,38.5
19.859,103.544,326,1.9,1.4,2016-03-04,06:05,A,56,5.0       ,289.6,67.5
19.871,103.542,345.9,1.9,1.4,2016-03-04,06:05,A,88,5.0       ,294,154.2
19.863,103.538,337,1.9,1.4,2016-03-04,06:05,A,81,5.0       ,295.2,110
19.875,103.536,318.6,1.9,1.4,2016-03-04,06:05,A,49,5.0       ,288.9,44.9
20.285,103.798,315.6,1.8,1.3,2016-03-04,06:05,A,49,5.0       ,292.1,37.2
20.28,103.795,316.2,1.8,1.3,2016-03-04,06:05,A,65,5.0       ,291.1,40.9
20.321,103.889,316.3,1.8,1.3,2016-03-04,06:05,A,57,5.0       ,290.8,37.9
20.461,103.887,334.9,1.8,1.3,2016-03-04,06:05,A,82,5.0       ,289.3,94.5
20.458,103.871,333.5,1.8,1.3,2016-03-04,06:05,A,85,5.0       ,289.9,90.1
20.374,103.251,328.7,2,1.4,2016-03-04,06:05,A,82,5.0       ,286.9,89.3
20.371,103.233,314.4,2,1.4,2016-03-04,06:05,A,61,5.0       ,284.1,42.1
18.477,95.774,321.1,4.4,1.9,2016-03-04,07:40,A,73,5.0       ,300.5,81.1
18.484,95.807,318,4.4,1.9,2016-03-04,07:40,A,46,5.0       ,300.9,61.2
18.639,95.738,327.5,4.4,1.9,2016-03-04,07:40,A,53,5.0       ,301,178.1
18.787,95.432,326.7,4.2,1.9,2016-03-04,07:40,A,80,5.0       ,308.2,108.5
18.775,95.426,328.4,4.2,1.9,2016-03-04,07:40,A,81,5.0       ,308.5,129.6
19.011,94.93,313.4,3.9,1.8,2016-03-04,07:40,A,53,5.0       ,286.9,53.4
19.016,94.924,313.5,3.9,1.8,2016-03-04,07:40,A,57,5.0       ,288.1,56.2
19.121,95.535,328.5,4.3,1.9,2016-03-04,07:40,A,81,5.0       ,301.6,167.4
23.061,93.752,313.2,3.6,1.8,2016-03-04,07:45,A,55,5.0       ,295.2,74.6
23.053,93.75,315.1,3.6,1.8,2016-03-04,07:45,A,63,5.0       ,296.5,87.9
23.168,93.107,311.1,3.2,1.7,2016-03-04,07:45,A,46,5.0       ,297.8,42.5
23.164,93.104,313.4,3.2,1.7,2016-03-04,07:45,A,58,5.0       ,298,55.7
23.299,92.903,318.3,3.1,1.7,2016-03-04,07:45,A,69,5.0       ,294.4,78.1
23.454,92.956,312.7,3.2,1.7,2016-03-04,07:45,A,53,5.0       ,295,57.8
23.864,93.553,312.3,3.5,1.8,2016-03-04,07:45,A,49,5.0       ,291.5,65.7
23.922,93.303,350.8,3.4,1.7,2016-03-04,07:45,A,96,5.0       ,297.1,397.6
23.932,93.298,367,3.4,1.7,2016-03-04,07:45,A,87,5.0       ,294.2,668.1
23.928,93.26,322.7,3.4,1.7,2016-03-04,07:45,A,69,5.0       ,294,122
24.082,93.442,316.9,3.5,1.8,2016-03-04,07:45,A,60,5.0       ,294.5,93.8
24.046,93.022,312.6,3.2,1.7,2016-03-04,07:45,A,44,5.0       ,292.5,60
24.091,93.437,318,3.5,1.8,2016-03-04,07:45,A,47,5.0       ,294.1,94
24.32,93.554,338.5,3.6,1.8,2016-03-04,07:45,A,84,5.0       ,294.2,289.3
24.328,93.547,334.5,3.6,1.8,2016-03-04,07:45,A,86,5.0       ,295.1,250
24.692,93.605,313.7,3.6,1.8,2016-03-04,07:45,A,59,5.0       ,290.2,76.6
24.707,93.601,319.6,3.6,1.8,2016-03-04,07:45,A,71,5.0       ,293,120
24.975,92.979,311.6,3.3,1.7,2016-03-04,07:45,A,35,5.0       ,292.9,47.1
24.985,92.972,317.8,3.3,1.7,2016-03-04,07:45,A,69,5.0       ,292.5,94.2
25.059,93.507,353.9,3.6,1.8,2016-03-04,07:45,A,91,5.0       ,290.4,511.8
25.935,93.946,315.1,4,1.9,2016-03-04,07:45,A,63,5.0       ,294.3,92.5
25.942,93.979,311.9,4,1.9,2016-03-04,07:45,A,47,5.0       ,293,74.5
-8.23,123.647,311.9,2.9,1.6,2016-03-04,05:55,A,0,5.0       ,296.3,33.6
-8.514,119.041,323.1,1.3,1.1,2016-03-04,05:55,A,0,5.0       ,305.1,18.6
-8.749,115.17,321.8,1,1,2016-03-04,05:55,A,0,5.0       ,300.6,13.9
-2.584,121.374,327.7,2.5,1.5,2016-03-04,05:55,A,76,5.0       ,293.8,93.3
-2.589,121.368,324.3,2.5,1.5,2016-03-04,05:55,A,77,5.0       ,293.4,77.2
-2.792,115.265,320.7,1,1,2016-03-04,05:55,A,71,5.0       ,301,10.2
-2.591,115.382,320.5,1,1,2016-03-04,05:55,A,57,5.0       ,299.3,11.9
-2.426,115.253,319.9,1,1,2016-03-04,05:55,A,45,5.0       ,300.8,10.6
-2.349,114.377,322.2,1,1,2016-03-04,05:55,A,56,5.0       ,301.6,14.4
-1.755,110.131,315.6,1.5,1.2,2016-03-04,06:00,A,29,5.0       ,296,14.9
5.483,115.746,327.8,1.3,1.1,2016-03-04,06:00,A,81,5.0       ,298,31.3
5.497,115.704,323,1.3,1.1,2016-03-04,06:00,A,50,5.0       ,298.1,20.5
5.476,115.549,322.3,1.2,1.1,2016-03-04,06:00,A,44,5.0       ,300.2,14.4
5.584,115.89,325.5,1.3,1.1,2016-03-04,06:00,A,61,5.0       ,300.3,20.8
5.582,115.878,335.1,1.3,1.1,2016-03-04,06:00,A,0,5.0       ,299.7,41.2
9.648,105.515,315.1,2.1,1.4,2016-03-04,06:00,A,50,5.0       ,292.6,30.7
10.125,105.298,318.7,2.2,1.4,2016-03-04,06:00,A,51,5.0       ,298,32.8
10.154,105.393,316.6,2.1,1.4,2016-03-04,06:00,A,64,5.0       ,297.3,26.9
10.64,107.479,319.1,1.5,1.2,2016-03-04,06:00,A,58,5.0       ,303.1,12.4
10.415,106.047,317.8,1.9,1.3,2016-03-04,06:00,A,68,5.0       ,298.5,23.9
10.42,106.04,320.6,1.9,1.3,2016-03-04,06:00,A,73,5.0       ,298.8,32.1
10.369,105.102,322.8,2.2,1.4,2016-03-04,06:00,A,75,5.0       ,298.7,51.9
10.37,105.117,313.4,2.2,1.4,2016-03-04,06:00,A,24,5.0       ,298.2,22.1
10.441,105.146,319.3,2.2,1.4,2016-03-04,06:00,A,62,5.0       ,297.8,36.5
10.476,105.281,318.1,2.2,1.4,2016-03-04,06:00,A,45,5.0       ,298.4,32.5
10.44,105.139,320.3,2.2,1.4,2016-03-04,06:00,A,53,5.0       ,299.2,36.6
10.911,107.849,323.8,1.4,1.2,2016-03-04,06:00,A,49,5.0       ,306.7,14.9
10.59,105.334,331.5,2.1,1.4,2016-03-04,06:00,A,84,5.0       ,300.6,83.1
10.593,105.348,322,2.1,1.4,2016-03-04,06:00,A,48,5.0       ,299.7,38.9
10.59,105.329,325.8,2.1,1.4,2016-03-04,06:00,A,68,5.0       ,300.1,57.1
10.634,105.514,318.9,2.1,1.4,2016-03-04,06:00,A,46,5.0       ,299.7,24.8
10.63,105.496,320.6,2.1,1.4,2016-03-04,06:00,A,64,5.0       ,300,29.9
10.624,105.458,325.5,2.1,1.4,2016-03-04,06:00,A,70,5.0       ,299.2,49.5
10.694,105.401,317.4,2.1,1.4,2016-03-04,06:00,A,45,5.0       ,299,26.1
10.73,105.072,318.3,2.2,1.4,2016-03-04,06:00,A,40,5.0       ,299.3,33.9
11.444,108.643,320.8,1.2,1.1,2016-03-04,06:00,A,43,5.0       ,305.5,12.9
11.148,106.328,322.5,1.7,1.3,2016-03-04,06:00,A,68,5.0       ,304,27.9
11.231,105.076,318.6,2.2,1.4,2016-03-04,06:00,A,42,5.0       ,299.8,24.8
11.153,104.364,327.4,2.5,1.5,2016-03-04,06:00,A,78,5.0       ,304,43.4
11.147,104.36,328.3,2.5,1.5,2016-03-04,06:00,A,81,5.0       ,303.8,46
11.842,108.498,313.1,1.2,1.1,2016-03-04,06:00,A,40,5.0       ,299.6,9.6
11.135,103.596,316.8,2.8,1.6,2016-03-04,06:00,A,22,5.0       ,297.5,33.1
11.487,105.197,318.5,2.1,1.4,2016-03-04,06:00,A,0,5.0       ,299.9,23.7
11.936,107.99,326.3,1.3,1.1,2016-03-04,06:00,A,69,5.0       ,303.3,30.4
11.953,107.902,317.1,1.3,1.1,2016-03-04,06:00,A,59,5.0       ,303,9.7
11.469,104.771,325.3,2.3,1.5,2016-03-04,06:00,A,78,5.0       ,303.2,29.5
12.133,108.589,327.8,1.2,1.1,2016-03-04,06:00,A,81,5.0       ,296.8,35.3
12.121,107.863,323.3,1.3,1.1,2016-03-04,06:00,A,45,5.0       ,302.7,21.4
12.077,107.583,338.5,1.4,1.2,2016-03-04,06:00,A,89,5.0       ,308.3,51.3
12.205,107.67,320.5,1.3,1.2,2016-03-04,06:00,A,25,5.0       ,304.6,19.8
11.924,105.521,329.7,1.9,1.4,2016-03-04,06:00,A,65,5.0       ,305.9,35.6
12.079,106.237,332.6,1.7,1.3,2016-03-04,06:00,A,82,5.0       ,303.5,45.8
12.326,107.657,318.5,1.3,1.1,2016-03-04,06:00,A,57,5.0       ,298.8,18
12.167,106.576,330.2,1.6,1.2,2016-03-04,06:00,A,77,5.0       ,300,39.1
12.287,107.297,327.8,1.4,1.2,2016-03-04,06:00,A,40,5.0       ,305.1,35.2
12.17,106.583,327.8,1.6,1.2,2016-03-04,06:00,A,38,5.0       ,301.4,32.7
12.351,107.494,317.3,1.4,1.2,2016-03-04,06:00,A,55,5.0       ,296.9,20.1
12.253,106.746,328.8,1.6,1.2,2016-03-04,06:00,A,68,5.0       ,308.1,31.1
12.319,107.088,317,1.5,1.2,2016-03-04,06:00,A,43,5.0       ,303.3,16.7
12.363,107.231,324.7,1.4,1.2,2016-03-04,06:00,A,73,5.0       ,302.1,23.5
12.361,107.217,351.7,1.4,1.2,2016-03-04,06:00,A,96,5.0       ,304.9,104.1
11.779,103.627,312.4,2.7,1.6,2016-03-04,06:00,A,46,5.0       ,293.2,38.7
12.356,107.227,329,1.4,1.2,2016-03-04,06:00,A,82,5.0       ,303.4,32.8
12.354,107.213,326.6,1.4,1.2,2016-03-04,06:00,A,75,5.0       ,301.9,26.5
12.367,107.225,331.5,1.4,1.2,2016-03-04,06:00,A,81,5.0       ,301.6,36.1
12.365,107.212,330.3,1.4,1.2,2016-03-04,06:00,A,77,5.0       ,302.6,31.7
11.768,103.625,320.3,2.7,1.6,2016-03-04,06:00,A,72,5.0       ,295.4,79
11.764,103.601,315.4,2.8,1.6,2016-03-04,06:00,A,64,5.0       ,295.9,55.8
11.789,103.496,324.2,2.8,1.6,2016-03-04,06:00,A,77,5.0       ,293.1,108.9
12.464,107.43,320.8,1.4,1.2,2016-03-04,06:00,A,56,5.0       ,302.8,19.9
12.473,107.24,325.8,1.4,1.2,2016-03-04,06:00,A,43,5.0       ,307.8,22
12.471,107.227,327.1,1.4,1.2,2016-03-04,06:00,A,63,5.0       ,308.7,21.9
12.347,105.774,334.3,1.8,1.3,2016-03-04,06:00,A,86,5.0       ,303.8,63.4
12.445,106.006,333.2,1.7,1.3,2016-03-04,06:00,A,74,5.0       ,305.3,51.2
12.443,105.99,328.6,1.8,1.3,2016-03-04,06:00,A,80,5.0       ,307.3,38.1
12.442,105.999,338.3,1.7,1.3,2016-03-04,06:00,A,84,5.0       ,306.1,71.3
12.416,105.772,333.6,1.8,1.3,2016-03-04,06:00,A,81,5.0       ,304.3,64.2
12.413,105.756,326.5,1.8,1.3,2016-03-04,06:00,A,69,5.0       ,302.5,40.3
12.81,107.739,328.7,1.3,1.1,2016-03-04,06:00,A,68,5.0       ,305,22.1
12.477,105.371,323.1,1.9,1.4,2016-03-04,06:00,A,65,5.0       ,300.9,32.8
12.18,103.097,315.1,3,1.6,2016-03-04,06:00,A,46,5.0       ,292.5,54.3
12.593,105.362,345.6,1.9,1.4,2016-03-04,06:00,A,88,5.0       ,299.4,135.7
12.6,105.374,332.4,1.9,1.4,2016-03-04,06:00,A,85,5.0       ,298.3,71.8
12.87,106.642,326.2,1.5,1.2,2016-03-04,06:00,A,67,5.0       ,306.1,21.3
13.141,108.164,322.1,1.2,1.1,2016-03-04,06:00,A,74,5.0       ,305.5,12
12.816,106.094,328.8,1.7,1.3,2016-03-04,06:00,A,73,5.0       ,305.9,26.8
12.817,106.103,327.9,1.7,1.3,2016-03-04,06:00,A,49,5.0       ,306.3,22.7
12.991,106.951,326.7,1.5,1.2,2016-03-04,06:00,A,75,5.0       ,310.4,17.1
12.989,106.938,335.6,1.5,1.2,2016-03-04,06:00,A,87,5.0       ,311.3,41.6
13.29,108.788,321.2,1.1,1.1,2016-03-04,06:00,A,47,5.0       ,299,15.1
13.229,108.39,327.8,1.2,1.1,2016-03-04,06:00,A,81,5.0       ,301.4,26.7
12.811,105.419,317.7,1.9,1.3,2016-03-04,06:00,A,56,5.0       ,296.9,27.7
13.06,106.81,337.1,1.5,1.2,2016-03-04,06:00,A,86,5.0       ,308.6,48.2
13.07,106.809,334.6,1.5,1.2,2016-03-04,06:00,A,84,5.0       ,308.6,39.8
13.372,108.253,330.7,1.2,1.1,2016-03-04,06:00,A,65,5.0       ,311.7,17.7
12.995,105.458,318.8,1.9,1.3,2016-03-04,06:00,A,22,5.0       ,299.4,27.8
13.544,108.516,327,1.2,1.1,2016-03-04,06:00,A,73,5.0       ,303.2,26
13.267,106.748,336,1.5,1.2,2016-03-04,06:00,A,87,5.0       ,312.3,34.2
13.576,108.662,328.3,1.1,1.1,2016-03-04,06:00,A,81,5.0       ,303,33.3
13.504,107.526,323.5,1.3,1.1,2016-03-04,06:00,A,58,5.0       ,306.9,12.8
13.776,109.144,320.1,1.1,1,2016-03-04,06:00,A,18,5.0       ,304.2,14.8
12.99,104.285,322.1,2.3,1.5,2016-03-04,06:00,A,0,5.0       ,301.6,31.1
13.335,106.17,337,1.6,1.3,2016-03-04,06:00,A,80,5.0       ,302,64.9
13.332,106.155,339.2,1.6,1.3,2016-03-04,06:00,A,88,5.0       ,302.7,71.1
13.36,106.181,324.3,1.6,1.3,2016-03-04,06:00,A,36,5.0       ,304,27.7
13.561,107.234,329.5,1.4,1.2,2016-03-04,06:00,A,82,5.0       ,309.8,16
13.883,109.11,316.6,1.1,1,2016-03-04,06:00,A,58,5.0       ,301.6,12.9
13.743,108.201,327.3,1.2,1.1,2016-03-04,06:00,A,80,5.0       ,308.6,12.9
13.519,106.728,339.6,1.5,1.2,2016-03-04,06:00,A,90,5.0       ,313.1,45.5
13.407,106.043,324.3,1.7,1.3,2016-03-04,06:00,A,64,5.0       ,303.9,19.3
13.786,108.35,327.5,1.2,1.1,2016-03-04,06:00,A,51,5.0       ,305.9,22.9
13.424,106.008,328.6,1.7,1.3,2016-03-04,06:00,A,76,5.0       ,303,34.3
17.853,104.046,323.7,1.9,1.4,2016-03-04,06:05,A,77,5.0       ,300.4,35.5
17.427,101.421,315.2,3.1,1.7,2016-03-04,06:05,A,56,5.0       ,292.3,57.4
22.229,92.884,318.1,3,1.6,2016-03-04,07:45,A,69,5.0       ,297.2,76.5
22.228,92.878,315,3,1.6,2016-03-04,07:45,A,49,5.0       ,297,53.8
22.333,93.378,320.7,3.3,1.7,2016-03-04,07:45,A,73,5.0       ,301.9,94.2
22.718,92.972,326.2,3.1,1.7,2016-03-04,07:45,A,79,5.0       ,298.8,122.3
22.721,92.997,311.4,3.1,1.7,2016-03-04,07:45,A,48,5.0       ,298,34
22.718,92.965,322.1,3.1,1.7,2016-03-04,07:45,A,75,5.0       ,299.2,95.6
25.939,93.941,313,4,1.9,2016-03-04,07:45,A,55,5.0       ,294.1,77
25.934,91.915,310.4,2.8,1.6,2016-03-04,07:45,A,37,5.0       ,290.2,41.2
26.805,115.525,315.4,3.2,1.7,2016-03-04,13:50,T,88,5.0       ,285.4,123.4
26.803,115.518,319,3.2,1.7,2016-03-04,13:50,T,97,5.0       ,284.9,146.8
28.686,117.868,307.8,2,1.4,2016-03-04,13:50,T,56,5.0       ,285.7,43
0.714,102.485,307.1,1.4,1.2,2016-03-04,15:25,T,36,5.0       ,289.8,13.6
0.712,102.473,344,1.4,1.2,2016-03-04,15:25,T,100,5.0       ,289.1,94.3
0.724,102.483,317,1.4,1.2,2016-03-04,15:25,T,92,5.0       ,292,27.6
0.723,102.471,324.3,1.4,1.2,2016-03-04,15:25,T,100,5.0       ,291.3,41.9
0.735,102.482,323.9,1.4,1.2,2016-03-04,15:25,T,100,5.0       ,292.8,40
0.733,102.47,319.4,1.4,1.2,2016-03-04,15:25,T,98,5.0       ,292.7,31.3
0.812,101.886,330.4,1.5,1.2,2016-03-04,15:25,T,100,5.0       ,292.2,65.7
0.81,101.873,318.6,1.5,1.2,2016-03-04,15:25,T,96,5.0       ,292.1,37.4
1.171,101.984,327.9,1.5,1.2,2016-03-04,15:25,T,100,5.0       ,290.7,57.4
1.17,101.971,314.5,1.5,1.2,2016-03-04,15:25,T,85,5.0       ,287.9,29.1
16.346,100.989,306.7,1.1,1,2016-03-04,15:25,T,48,5.0       ,295.1,8.5
16.43,101.37,305.3,1,1,2016-03-04,15:25,T,14,5.0       ,295.2,7.7
16.529,101.357,308.9,1,1,2016-03-04,15:25,T,63,5.0       ,295.5,10.4
16.528,101.348,308.3,1,1,2016-03-04,15:25,T,60,5.0       ,295.4,9.7
16.828,102.837,308,1,1,2016-03-04,15:25,T,58,5.0       ,294,11.1
16.826,102.828,314.4,1,1,2016-03-04,15:25,T,85,5.0       ,293.3,17.4
16.653,99.892,314.4,1.2,1.1,2016-03-04,15:30,T,85,5.0       ,292.1,22.7
16.98,101.104,321.1,1.1,1,2016-03-04,15:30,T,100,5.0       ,291.6,29
17.143,101.891,312.9,1,1,2016-03-04,15:30,T,80,5.0       ,291.6,16.7
17.187,101.691,308.3,1,1,2016-03-04,15:30,T,60,5.0       ,294,12.4
17.242,101.686,312.9,1,1,2016-03-04,15:30,T,80,5.0       ,292.4,17
17.357,102.423,308.8,1,1,2016-03-04,15:30,T,63,5.0       ,294.7,11
17.308,100.229,309.7,1.1,1.1,2016-03-04,15:30,T,67,5.0       ,295.8,13.7
17.307,100.219,307.8,1.1,1.1,2016-03-04,15:30,T,56,5.0       ,294.1,11.4
18.091,99.396,305.8,1.2,1.1,2016-03-04,15:30,T,37,5.0       ,293,10
18.901,100.204,306.7,1.1,1,2016-03-04,15:30,T,48,5.0       ,294.2,10.2
19.097,95.759,305.3,2.1,1.4,2016-03-04,15:30,T,25,5.0       ,285.6,33.6
19.569,97.767,309,1.4,1.2,2016-03-04,15:30,T,64,5.0       ,293.3,20.1
19.567,97.753,328.3,1.5,1.2,2016-03-04,15:30,T,100,5.0       ,294.7,58.6
24.052,103.692,305.7,1.2,1.1,2016-03-04,15:30,T,36,5.0       ,283.8,18.4
26.617,101.596,314.6,1,1,2016-03-04,15:30,T,86,5.0       ,288.1,21.9
26.626,101.595,306.4,1,1,2016-03-04,15:30,T,45,5.0       ,286.5,14.1
1.598,101.451,371.1,1.6,1.2,2016-03-04,15:25,T,100,5.0       ,284.7,253.8
1.596,101.437,326,1.6,1.2,2016-03-04,15:25,T,50,5.0       ,272.6,58.4
1.609,101.45,328.2,1.6,1.2,2016-03-04,15:25,T,80,5.0       ,275.2,66.2
1.601,101.46,340.8,1.6,1.2,2016-03-04,15:25,T,96,5.0       ,280.7,100.9
1.599,101.446,358.8,1.6,1.2,2016-03-04,15:25,T,100,5.0       ,282.1,184.4
1.612,101.458,317.2,1.6,1.2,2016-03-04,15:25,T,61,5.0       ,273.8,40.8
11.473,106.725,322.2,1.2,1.1,2016-03-04,15:25,T,100,5.0       ,295.1,32.8
11.793,107.376,305.6,1.4,1.2,2016-03-04,15:25,T,33,5.0       ,292.1,13.5
11.701,106.219,310.4,1.2,1.1,2016-03-04,15:25,T,71,5.0       ,294.8,14.2
11.7,106.208,310.6,1.2,1.1,2016-03-04,15:25,T,71,5.0       ,294.8,14.5
12.061,106.629,305,1.2,1.1,2016-03-04,15:25,T,9,5.0       ,294.6,8.4
11.979,105.763,306.6,1.1,1.1,2016-03-04,15:25,T,47,5.0       ,296,8.3
12.202,106.92,338.6,1.3,1.1,2016-03-04,15:25,T,100,5.0       ,295.4,71.2
12.2,106.909,323.2,1.3,1.1,2016-03-04,15:25,T,100,5.0       ,294.2,37.3
12.402,106.431,306.5,1.2,1.1,2016-03-04,15:25,T,34,5.0       ,296.1,7.9
12.412,106.43,308.2,1.2,1.1,2016-03-04,15:25,T,59,5.0       ,295.8,10.2
12.417,106.395,315.6,1.2,1.1,2016-03-04,15:25,T,89,5.0       ,296.4,20.1
12.415,106.384,306.4,1.2,1.1,2016-03-04,15:25,T,45,5.0       ,295.9,8.3
12.406,105.782,309.8,1.1,1.1,2016-03-04,15:25,T,68,5.0       ,295.8,11.6
12.512,105.887,313.7,1.1,1.1,2016-03-04,15:25,T,83,5.0       ,295.9,16.6
12.638,106.674,307.8,1.3,1.1,2016-03-04,15:25,T,57,5.0       ,296.2,10.5
12.636,106.663,308.7,1.3,1.1,2016-03-04,15:25,T,62,5.0       ,296.4,11.4
12.647,106.667,306.7,1.3,1.1,2016-03-04,15:25,T,21,5.0       ,296,8.5
12.223,103.089,306.2,1,1,2016-03-04,15:25,T,43,5.0       ,293.8,8.2
12.232,103.088,311.8,1,1,2016-03-04,15:25,T,76,5.0       ,294,13.4
12.716,105.713,313.8,1.1,1.1,2016-03-04,15:25,T,83,5.0       ,296.8,17.5
12.715,105.703,318,1.1,1.1,2016-03-04,15:25,T,95,5.0       ,296.4,22.8
12.725,105.712,316.9,1.1,1.1,2016-03-04,15:25,T,92,5.0       ,295.4,21.7
12.724,105.701,312.4,1.1,1.1,2016-03-04,15:25,T,79,5.0       ,296.2,15.5
12.467,103.505,307.7,1,1,2016-03-04,15:25,T,56,5.0       ,296.5,7.2
12.765,105.389,313.1,1.1,1,2016-03-04,15:25,T,81,5.0       ,295.4,16.6
12.801,105.303,306.4,1.1,1,2016-03-04,15:25,T,44,5.0       ,295.4,8.7
13.063,106.813,327,1.3,1.1,2016-03-04,15:25,T,100,5.0       ,297.1,43.4
13.062,106.801,320.4,1.3,1.1,2016-03-04,15:25,T,100,5.0       ,296.8,30.4
12.951,103.671,313.7,1,1,2016-03-04,15:25,T,83,5.0       ,294.1,16
13.179,105.173,308.4,1.1,1,2016-03-04,15:25,T,61,5.0       ,295.1,11.5
12.374,99.059,306.1,1.6,1.2,2016-03-04,15:25,T,41,5.0       ,292.4,14.3
13.091,103.489,305.8,1,1,2016-03-04,15:25,T,37,5.0       ,294.6,7.8
13.089,103.48,312.7,1,1,2016-03-04,15:25,T,79,5.0       ,294.6,14.4
13.704,107.533,306.6,1.5,1.2,2016-03-04,15:25,T,46,5.0       ,294,15.9
13.936,107.278,306.1,1.4,1.2,2016-03-04,15:25,T,41,5.0       ,293.8,15.3
13.706,105.275,310,1.1,1,2016-03-04,15:25,T,69,5.0       ,295.8,12.6
14.007,107.242,306.8,1.4,1.2,2016-03-04,15:25,T,49,5.0       ,293.8,15.4
14.005,107.229,306.3,1.4,1.2,2016-03-04,15:25,T,43,5.0       ,293.9,14.5
14.011,107.236,313.1,1.4,1.2,2016-03-04,15:25,T,81,5.0       ,294.2,25.9
13.549,102.265,319,1,1,2016-03-04,15:25,T,97,5.0       ,295.9,20.3
13.224,99.54,306.1,1.4,1.2,2016-03-04,15:25,T,41,5.0       ,294,13.3
14.096,104.903,311.1,1.1,1,2016-03-04,15:25,T,74,5.0       ,295.2,13.6
14.052,104.377,328.7,1,1,2016-03-04,15:25,T,100,5.0       ,296.3,34.9
14.051,104.367,311.8,1,1,2016-03-04,15:25,T,76,5.0       ,295.1,13.6
14.297,105.177,309,1.1,1,2016-03-04,15:25,T,64,5.0       ,296.4,11.8
14.278,104.615,305.4,1.1,1,2016-03-04,15:25,T,29,5.0       ,294.4,8.1
14.357,104.449,316.2,1,1,2016-03-04,15:25,T,90,5.0       ,295.6,18.6
14.355,104.439,310.2,1,1,2016-03-04,15:25,T,70,5.0       ,296.2,12
13.776,99.022,305.7,1.5,1.2,2016-03-04,15:25,T,36,5.0       ,294.3,12.8
14.936,103.981,309.8,1,1,2016-03-04,15:25,T,68,5.0       ,294,13.9
15.036,101.176,311.1,1.1,1,2016-03-04,15:25,T,73,5.0       ,290.9,14.3
15.032,100.834,305.9,1.1,1.1,2016-03-04,15:25,T,39,5.0       ,295.9,7.3
15.263,101.46,310.2,1.1,1,2016-03-04,15:25,T,70,5.0       ,294.5,13.4
15.831,105.155,307.1,1.1,1.1,2016-03-04,15:25,T,52,5.0       ,293.5,12.8
15.841,105.153,314.8,1.1,1.1,2016-03-04,15:25,T,86,5.0       ,293.2,21.6
15.602,101.321,311.5,1.1,1,2016-03-04,15:25,T,70,5.0       ,296.5,12.4
15.3,99.122,306.1,1.4,1.2,2016-03-04,15:25,T,42,5.0       ,293.6,12.7
15.388,99.23,306.7,1.4,1.2,2016-03-04,15:25,T,47,5.0       ,288.5,14.6
15.905,101.373,306.4,1.1,1,2016-03-04,15:25,T,37,5.0       ,295,8.8
15.913,101.362,319.6,1.1,1,2016-03-04,15:25,T,99,5.0       ,293.9,22.4
15.911,101.352,310.8,1.1,1,2016-03-04,15:25,T,70,5.0       ,294.2,12.5
16.463,104.675,305.6,1.1,1,2016-03-04,15:25,T,33,5.0       ,293.4,10.7
16.052,101.247,307,1.1,1,2016-03-04,15:25,T,43,5.0       ,294.6,9.2
16.136,101.686,309.6,1,1,2016-03-04,15:25,T,67,5.0       ,294.8,11.9
16.673,105.502,307.3,1.2,1.1,2016-03-04,15:25,T,53,5.0       ,292.7,14.8
16.757,104.814,308.1,1.1,1.1,2016-03-04,15:25,T,59,5.0       ,293.6,13.8
16.48,102.151,305.1,1,1,2016-03-04,15:25,T,20,5.0       ,291.6,9.7
16.902,105.146,321.8,1.2,1.1,2016-03-04,15:25,T,100,5.0       ,293.9,32.4
16.912,105.144,334.7,1.2,1.1,2016-03-04,15:25,T,100,5.0       ,294.2,55.8
16.557,102.557,308.8,1,1,2016-03-04,15:25,T,63,5.0       ,294.1,11
16.388,101.394,315.8,1,1,2016-03-04,15:25,T,89,5.0       ,290.9,19.8
16.398,101.402,312.7,1,1,2016-03-04,15:25,T,51,5.0       ,289.9,15.9
16.406,101.391,309.2,1,1,2016-03-04,15:25,T,44,5.0       ,292,11.8
16.396,101.322,305,1,1,2016-03-04,15:25,T,10,5.0       ,293.1,7.5
16.391,101.293,306.5,1.1,1,2016-03-04,15:25,T,46,5.0       ,295.6,8.8
16.39,101.283,308.3,1.1,1,2016-03-04,15:25,T,60,5.0       ,296.7,10.5
16.347,100.999,305.3,1.1,1,2016-03-04,15:25,T,28,5.0       ,295.3,7.1
24.269,116.4,318.6,1.2,1.1,2016-03-04,18:15,A,96,5.0       ,285.8,32.6
24.222,115.323,305.7,1.1,1,2016-03-04,18:15,A,35,5.0       ,286.5,14
23.209,111.383,326.3,1.1,1.1,2016-03-04,18:15,A,100,5.0       ,287.3,41.7
13.38,106.328,305.2,1.7,1.3,2016-03-04,18:15,A,24,5.0       ,294.1,16.5
13.066,106.812,316.1,1.6,1.2,2016-03-04,18:15,A,90,5.0       ,294.7,34.2
12.725,105.717,324.7,1.8,1.3,2016-03-04,18:15,A,100,5.0       ,294.5,68.5
12.718,105.711,314.3,1.8,1.3,2016-03-04,18:15,A,85,5.0       ,294.2,37.7
1.614,101.447,320.7,2.7,1.6,2016-03-04,18:20,A,92,5.0       ,289.9,100.9
1.61,101.471,336.4,2.6,1.6,2016-03-04,18:20,A,100,5.0       ,282.4,200
1.608,101.441,315.5,2.7,1.6,2016-03-04,18:20,A,68,5.0       ,289.9,76
1.604,101.465,319.7,2.6,1.6,2016-03-04,18:20,A,99,5.0       ,284.5,97.5
29.302,115.556,318.1,1,1,2016-03-04,18:10,A,95,5.0       ,285.4,27
29.301,115.566,307.8,1,1,2016-03-04,18:10,A,56,5.0       ,284.9,16.4
27.839,117.436,317.1,1.2,1.1,2016-03-04,18:10,A,93,5.0       ,277.7,33.9
27.838,117.447,325.7,1.2,1.1,2016-03-04,18:10,A,100,5.0       ,281.4,47.3
25.563,113.77,348.9,1,1,2016-03-04,18:10,A,100,5.0       ,286.7,76.6
25.562,113.78,316.1,1,1,2016-03-04,18:10,A,90,5.0       ,285.2,24.3