latitude,longitude,brightness,scan,track,acq_date,acq_time,satellite,confidence,version,bright_t31,frp
-2.93,132.305,313.5,1,1,2016-05-05,01:35,T,0,5.0       ,296.7,8.3
-8.88,120.743,310.8,4.6,2,2016-05-05,01:40,T,0,5.0       ,293.4,61.2
-9.459,160.195,317.2,1.1,1,2016-05-05,02:50,A,67,5.0       ,300.3,12.8
-9.449,159.917,313.8,1.1,1.1,2016-05-05,02:50,A,53,5.0       ,295.5,13.7
22.856,114.526,315.4,1,1,2016-05-05,03:10,T,57,5.0       ,296.8,9
22.919,113.804,321.4,1,1,2016-05-05,03:10,T,27,5.0       ,299.9,11.2
22.888,113.828,319.7,1,1,2016-05-05,03:10,T,71,5.0       ,297.7,12
23.041,112.523,317.9,1,1,2016-05-05,03:10,T,47,5.0       ,298.9,11.5
22.87,112.944,322,1,1,2016-05-05,03:10,T,43,5.0       ,299.8,15.1
22.803,112.517,314,1,1,2016-05-05,03:10,T,60,5.0       ,297.1,8.4
22.636,113.353,317,1,1,2016-05-05,03:10,T,31,5.0       ,298.1,9
22.48,113.285,322.7,1,1,2016-05-05,03:10,T,58,5.0       ,300.2,12.5
22.479,113.295,322.5,1,1,2016-05-05,03:10,T,68,5.0       ,300.2,12.6
22.434,113.094,316.2,1,1,2016-05-05,03:10,T,35,5.0       ,298.3,8
22.253,108.233,313.7,1.7,1.3,2016-05-05,03:10,T,33,5.0       ,296,14.6
22.251,108.249,315.8,1.7,1.3,2016-05-05,03:10,T,64,5.0       ,294.8,19.1
19.639,104.546,313.7,2.9,1.6,2016-05-05,03:10,T,59,5.0       ,295.3,47.6
18.969,108.668,322.7,1.4,1.2,2016-05-05,03:10,T,0,5.0       ,304.1,12
15.947,120.168,321.5,2.9,1.6,2016-05-05,03:10,T,55,5.0       ,300.9,53.6
15.946,120.162,322.5,2.9,1.6,2016-05-05,03:10,T,68,5.0       ,300.7,61.8
14.495,121.02,312.6,3.6,1.8,2016-05-05,03:10,T,31,5.0       ,289.7,57.4
16.307,107.619,311.2,1.5,1.2,2016-05-05,03:10,T,45,5.0       ,287.1,14.1
15.5,108.02,312.3,1.4,1.2,2016-05-05,03:10,T,42,5.0       ,292.4,12.4
14.171,107.671,319.5,1.4,1.2,2016-05-05,03:10,T,71,5.0       ,298.7,16.4
13.861,107.404,325.8,1.4,1.2,2016-05-05,03:10,T,60,5.0       ,301.8,23
13.748,105.228,324.9,2.1,1.4,2016-05-05,03:10,T,71,5.0       ,296.1,39.4
13.745,105.247,323,2.1,1.4,2016-05-05,03:10,T,37,5.0       ,296.7,27.3
13.287,106.188,322.8,1.7,1.3,2016-05-05,03:10,T,68,5.0       ,299.1,25.7
12.972,105.947,324,1.8,1.3,2016-05-05,03:10,T,13,5.0       ,300.1,26.3
12.974,105.958,324.9,1.8,1.3,2016-05-05,03:10,T,68,5.0       ,299.8,34.1
12.965,104.388,321.5,2.4,1.5,2016-05-05,03:10,T,0,5.0       ,294.4,33.3
13.035,103.572,319.5,2.7,1.6,2016-05-05,03:10,T,65,5.0       ,285.5,52.7
13.032,103.597,316.3,2.7,1.6,2016-05-05,03:10,T,45,5.0       ,283.6,38.5
12.762,105.716,318.4,1.9,1.3,2016-05-05,03:10,T,69,5.0       ,299.1,22
12.637,105.895,336.1,1.8,1.3,2016-05-05,03:10,T,87,5.0       ,302.1,55
12.564,105.746,333.4,1.8,1.3,2016-05-05,03:10,T,85,5.0       ,304.2,34.5
12.198,107.944,321.6,1.3,1.1,2016-05-05,03:10,T,57,5.0       ,305.9,16.9
12.218,106.936,320.4,1.5,1.2,2016-05-05,03:10,T,59,5.0       ,301.9,17.3
12.063,106.615,319.4,1.6,1.2,2016-05-05,03:10,T,60,5.0       ,300,18.2
11.926,106.704,327.5,1.5,1.2,2016-05-05,03:10,T,62,5.0       ,304.1,26
11.596,106.794,321.7,1.5,1.2,2016-05-05,03:10,T,74,5.0       ,302.4,19.4
6.717,117.472,315.4,2.7,1.6,2016-05-05,03:10,T,27,5.0       ,296.9,34.1
5.342,115.657,316.4,2.1,1.4,2016-05-05,03:10,T,65,5.0       ,299.5,28.5
5.011,115.507,315.4,2,1.4,2016-05-05,03:10,T,60,5.0       ,296.4,24.9
17.846,94.502,316.6,2.3,1.5,2016-05-05,04:50,T,0,5.0       ,300.7,33.6
16.833,94.708,326.5,2.5,1.5,2016-05-05,04:50,T,80,5.0       ,307.5,42
13.424,92.903,315.6,2.1,1.4,2016-05-05,04:50,T,51,5.0       ,297.8,21.9
13.987,104.271,325.7,1.3,1.1,2016-05-05,06:15,A,51,5.0       ,300,19.6
14.963,108.494,332.2,1,1,2016-05-05,06:15,A,77,5.0       ,297.5,31.8
14.697,104.225,328.3,1.3,1.1,2016-05-05,06:15,A,73,5.0       ,302.7,14.2
15.073,106.552,326.2,1,1,2016-05-05,06:15,A,79,5.0       ,278.5,25.1
15.422,105.99,335.9,1,1,2016-05-05,06:15,A,87,5.0       ,302.7,28.5
15.423,105.871,327.9,1.1,1,2016-05-05,06:15,A,51,5.0       ,301,16.3
15.452,106.004,327.4,1,1,2016-05-05,06:15,A,60,5.0       ,302.4,14.2
15.414,104.357,330.4,1.2,1.1,2016-05-05,06:15,A,45,5.0       ,303.4,22.6
15.792,104.144,323.1,1.3,1.1,2016-05-05,06:15,A,54,5.0       ,301.7,14.4
6.097,125.107,318.3,3.5,1.8,2016-05-05,04:35,A,25,5.0       ,289.6,74.2
8.583,125.661,312.1,2.9,1.6,2016-05-05,04:35,A,53,5.0       ,294.7,35.7
11.48,125.067,310.7,2.8,1.6,2016-05-05,04:35,A,38,5.0       ,289.1,29.6
11.483,125.06,312.9,2.8,1.6,2016-05-05,04:35,A,49,5.0       ,289.3,40
17.008,122.421,310.3,3.5,1.8,2016-05-05,04:35,A,21,5.0       ,293.1,43.3
17.001,122.389,311.1,3.5,1.8,2016-05-05,04:35,A,29,5.0       ,293.3,51.5
17.796,121.147,320,4.2,1.9,2016-05-05,04:35,A,62,5.0       ,284.3,155.5
17.791,121.119,311.2,4.2,1.9,2016-05-05,04:35,A,31,5.0       ,283.9,88
17.801,121.142,324.9,4.2,1.9,2016-05-05,04:35,A,78,5.0       ,285.1,215.3
16.986,106.849,319,1,1,2016-05-05,06:15,A,70,5.0       ,298.1,9.9
17.082,106.752,317.3,1,1,2016-05-05,06:15,A,65,5.0       ,300.4,6.9
17.08,106.743,332.1,1,1,2016-05-05,06:15,A,84,5.0       ,301.1,27
17.085,105.826,318.8,1,1,2016-05-05,06:15,A,68,5.0       ,300,8.4
17.222,106.45,322.3,1,1,2016-05-05,06:15,A,68,5.0       ,306.3,12.1
16.571,102.225,328.4,1.6,1.3,2016-05-05,06:15,A,74,5.0       ,304.9,29.8
16.571,102.218,326.3,1.6,1.3,2016-05-05,06:15,A,31,5.0       ,304.7,27.6
17.235,106.337,324.5,1,1,2016-05-05,06:15,A,78,5.0       ,299.9,18.1
16.213,98.058,326.9,3.4,1.7,2016-05-05,06:15,A,71,5.0       ,304,70.1
16.209,98.052,330,3.4,1.7,2016-05-05,06:15,A,83,5.0       ,304.1,96.1
17.863,105.913,315.3,1,1,2016-05-05,06:15,A,63,5.0       ,300.4,6.6
17.924,106.013,329.2,1,1,2016-05-05,06:15,A,82,5.0       ,300.8,23.7
17.923,106.003,316.7,1,1,2016-05-05,06:15,A,59,5.0       ,300.7,7
17.893,105.49,314,1,1,2016-05-05,06:15,A,51,5.0       ,297.3,8.5
16.992,99.974,331.5,2.3,1.5,2016-05-05,06:15,A,84,5.0       ,307.7,40.6
17.752,104.434,323.5,1.1,1.1,2016-05-05,06:15,A,75,5.0       ,299.4,16.8
26.395,95.693,310.3,1.8,1.3,2016-05-05,04:45,T,36,5.0       ,295.6,20.2
24.96,91.833,313.8,1.1,1.1,2016-05-05,04:45,T,23,5.0       ,293,7.4
24.824,91.685,312.8,1.1,1.1,2016-05-05,04:45,T,53,5.0       ,293.2,6
24.77,91.806,314.2,1.1,1.1,2016-05-05,04:45,T,61,5.0       ,293.7,8.2
24.607,91.728,313.9,1.1,1.1,2016-05-05,04:45,T,59,5.0       ,294.7,7.3
22.71,97.932,322.4,3.2,1.7,2016-05-05,04:45,T,71,5.0       ,293.3,86.3
19.911,94.045,319.8,1.9,1.3,2016-05-05,04:45,T,65,5.0       ,300.1,31
19.761,94.361,312.2,2,1.4,2016-05-05,04:45,T,53,5.0       ,296.2,25.1
18.865,94.13,324.6,2,1.4,2016-05-05,04:45,T,0,5.0       ,299.4,53.9
15.684,102.989,325.8,1.5,1.2,2016-05-05,06:15,A,72,5.0       ,302.3,14.4
16.001,103.977,328.9,1.3,1.1,2016-05-05,06:15,A,60,5.0       ,304.6,18.9
16.471,106.79,326.2,1,1,2016-05-05,06:15,A,79,5.0       ,303.9,13.4
16.503,106.823,343.7,1,1,2016-05-05,06:15,A,92,5.0       ,302.5,41.1
16.502,106.814,326.6,1,1,2016-05-05,06:15,A,80,5.0       ,305,12.5
16.649,106.873,355.8,1,1,2016-05-05,06:15,A,98,5.0       ,299.1,71.8
16.667,106.624,319,1,1,2016-05-05,06:15,A,33,5.0       ,300,10.9
16.28,103.274,325.6,1.4,1.2,2016-05-05,06:15,A,79,5.0       ,301.6,14.4
16.287,103.281,324.9,1.4,1.2,2016-05-05,06:15,A,78,5.0       ,301.3,12.5
30.725,114.369,314.8,1,1,2016-05-05,03:05,T,47,5.0       ,295.2,9.4
23.858,116.973,310.1,1.2,1.1,2016-05-05,03:05,T,30,5.0       ,285.9,11.1
23.509,116.348,318.2,1.2,1.1,2016-05-05,03:05,T,32,5.0       ,297.1,12.5
23.259,116.679,316.8,1.2,1.1,2016-05-05,03:05,T,67,5.0       ,296.8,11.6
4.595,114.339,314.6,1.7,1.3,2016-05-05,03:15,T,53,5.0       ,297.8,19
4.53,114.009,320.5,1.6,1.2,2016-05-05,03:15,T,37,5.0       ,299.1,22
4.51,114.064,318.1,1.6,1.3,2016-05-05,03:15,T,51,5.0       ,297.9,20.9
3.803,108.38,316.5,1,1,2016-05-05,03:15,T,43,5.0       ,293.6,8
3.709,108.267,317.4,1,1,2016-05-05,03:15,T,60,5.0       ,288.3,12.8
3.673,108.262,325.8,1,1,2016-05-05,03:15,T,55,5.0       ,291.6,18.9
2.238,111.975,314.8,1.3,1.1,2016-05-05,03:15,T,26,5.0       ,296.1,11.2
2.834,103.433,318.5,1.9,1.4,2016-05-05,03:15,T,58,5.0       ,294.4,24.9
0.683,102.836,313.8,2,1.4,2016-05-05,03:15,T,59,5.0       ,295,22.4
0.68,102.829,313.1,2,1.4,2016-05-05,03:15,T,57,5.0       ,294.4,21
0.351,102.853,318.8,2,1.4,2016-05-05,03:15,T,50,5.0       ,296.2,32.2
0.093,103.361,315.2,1.8,1.3,2016-05-05,03:15,T,60,5.0       ,294.7,17.8
-0.323,103.156,316.8,1.8,1.3,2016-05-05,03:15,T,67,5.0       ,295.3,24.5
-0.289,102.499,315.7,2,1.4,2016-05-05,03:15,T,44,5.0       ,293.7,28.3
-0.294,102.511,314.8,2,1.4,2016-05-05,03:15,T,59,5.0       ,293.2,27.9
-0.417,102.721,315.4,1.9,1.4,2016-05-05,03:15,T,37,5.0       ,293.5,23.7
-0.816,103.465,313.4,1.7,1.3,2016-05-05,03:15,T,31,5.0       ,292.1,16.3
-0.851,102.926,314.5,1.8,1.3,2016-05-05,03:15,T,35,5.0       ,291.9,21.6
-1.368,103.78,318.1,1.6,1.2,2016-05-05,03:15,T,50,5.0       ,292.7,23.1
-1.37,103.794,316.8,1.6,1.2,2016-05-05,03:15,T,25,5.0       ,291.8,20.3
-2.775,105.471,316,1.2,1.1,2016-05-05,03:15,T,35,5.0       ,290.7,10.3
-7.223,110.429,311.5,1.3,1.1,2016-05-05,03:15,T,49,5.0       ,291.4,10.8
-2.929,132.3,311.7,1.4,1.2,2016-05-05,04:30,A,0,5.0       ,294.7,14.2
-2.703,133.335,310.3,1.2,1.1,2016-05-05,04:30,A,24,5.0       ,295.4,10.9
9.417,105.716,327.2,1.2,1.1,2016-05-05,06:15,A,62,5.0       ,300.6,21
9.415,105.705,337,1.2,1.1,2016-05-05,06:15,A,88,5.0       ,299.6,43.3
9.772,105.977,321.7,1.2,1.1,2016-05-05,06:15,A,49,5.0       ,297.4,13.7
10.295,106.394,323.1,1.1,1.1,2016-05-05,06:15,A,72,5.0       ,302.7,13.3
10.484,106.363,325.5,1.1,1.1,2016-05-05,06:15,A,79,5.0       ,301.6,12.2
10.325,105.168,320.7,1.3,1.1,2016-05-05,06:15,A,73,5.0       ,298.2,13.4
10.45,105.909,321.3,1.2,1.1,2016-05-05,06:15,A,56,5.0       ,298,15.7
10.214,103.968,314.3,1.6,1.2,2016-05-05,06:15,A,0,5.0       ,296.6,22.9
10.357,104.775,329.8,1.4,1.2,2016-05-05,06:15,A,77,5.0       ,302.6,28.3
10.369,104.786,323.2,1.4,1.2,2016-05-05,06:15,A,70,5.0       ,301.3,14.2
10.367,104.773,323.4,1.4,1.2,2016-05-05,06:15,A,66,5.0       ,300.5,14.8
10.573,105.98,324,1.2,1.1,2016-05-05,06:15,A,77,5.0       ,292.4,18.8
10.571,105.969,319.3,1.2,1.1,2016-05-05,06:15,A,67,5.0       ,292.5,11.9
10.825,107.623,340.3,1,1,2016-05-05,06:15,A,90,5.0       ,306.4,27.8
10.824,107.614,334.3,1,1,2016-05-05,06:15,A,85,5.0       ,305.6,18.1
10.423,104.865,322,1.4,1.2,2016-05-05,06:15,A,56,5.0       ,300.3,16.6
10.555,105.666,327.7,1.2,1.1,2016-05-05,06:15,A,71,5.0       ,296.6,21.6
10.495,105.141,339.3,1.3,1.1,2016-05-05,06:15,A,89,5.0       ,300.6,55.3
10.435,104.757,325.1,1.4,1.2,2016-05-05,06:15,A,71,5.0       ,304.7,17.6
10.589,105.678,320.7,1.2,1.1,2016-05-05,06:15,A,68,5.0       ,297.9,9.9
10.515,105.137,331.1,1.3,1.1,2016-05-05,06:15,A,84,5.0       ,300.2,35
10.533,105.182,329.4,1.3,1.1,2016-05-05,06:15,A,82,5.0       ,300,29.5
10.475,104.813,324.6,1.4,1.2,2016-05-05,06:15,A,78,5.0       ,304.7,23.8
10.44,104.589,327,1.4,1.2,2016-05-05,06:15,A,69,5.0       ,296.2,31.2
10.686,105.86,316.3,1.2,1.1,2016-05-05,06:15,A,53,5.0       ,293.6,9.9
10.69,105.863,316.9,1.2,1.1,2016-05-05,06:15,A,34,5.0       ,294,11.2
10.624,105.302,323.2,1.3,1.1,2016-05-05,06:15,A,69,5.0       ,300.3,20.9
10.622,105.291,324.4,1.3,1.1,2016-05-05,06:15,A,78,5.0       ,300.1,22.1
10.619,105.138,321.1,1.3,1.1,2016-05-05,06:15,A,49,5.0       ,300.8,12.6
10.757,105.24,351.7,1.3,1.1,2016-05-05,06:15,A,96,5.0       ,301.4,87.5
10.755,105.229,331.5,1.3,1.1,2016-05-05,06:15,A,81,5.0       ,299.2,35
10.751,105.135,320.2,1.3,1.1,2016-05-05,06:15,A,55,5.0       ,298.5,10.5
10.912,105.586,317.6,1.2,1.1,2016-05-05,06:15,A,28,5.0       ,296.3,9.1
10.878,105.162,322.6,1.3,1.1,2016-05-05,06:15,A,74,5.0       ,303.8,18
11.15,106.333,325.9,1.1,1,2016-05-05,06:15,A,34,5.0       ,301.2,23.1
11.328,106.847,337,1.1,1,2016-05-05,06:15,A,88,5.0       ,303.3,32
11.073,105.165,328.3,1.3,1.1,2016-05-05,06:15,A,61,5.0       ,303.4,14.5
11.724,108.692,336.2,1,1,2016-05-05,06:15,A,77,5.0       ,308.6,16.1
11.295,105.211,328.3,1.3,1.1,2016-05-05,06:15,A,81,5.0       ,302.6,21.9
11.131,103.421,332.2,1.7,1.3,2016-05-05,06:15,A,76,5.0       ,300.9,47.7
11.132,103.431,326.9,1.7,1.3,2016-05-05,06:15,A,54,5.0       ,301.7,29.3
11.859,107.708,318.9,1,1,2016-05-05,06:15,A,48,5.0       ,302.6,9.9
11.508,105.192,326.2,1.2,1.1,2016-05-05,06:15,A,73,5.0       ,300.5,14
11.925,107.71,327.3,1,1,2016-05-05,06:15,A,80,5.0       ,303.6,16
11.924,107.701,326.3,1,1,2016-05-05,06:15,A,79,5.0       ,303.6,15
12.034,107.772,318.6,1,1,2016-05-05,06:15,A,37,5.0       ,299.9,7.8
12.124,107.556,322.4,1,1,2016-05-05,06:15,A,55,5.0       ,298,11.3
12.203,107.66,324.9,1,1,2016-05-05,06:15,A,74,5.0       ,301.4,14
12.201,107.651,321.3,1,1,2016-05-05,06:15,A,44,5.0       ,300.7,8.9
11.826,104.865,344.2,1.3,1.1,2016-05-05,06:15,A,92,5.0       ,300.3,61.3
11.827,104.87,354.5,1.3,1.1,2016-05-05,06:15,A,97,5.0       ,299,91.6
11.838,104.88,338.9,1.3,1.1,2016-05-05,06:15,A,79,5.0       ,302.3,42.3
11.837,104.869,354.6,1.3,1.1,2016-05-05,06:15,A,97,5.0       ,300.9,92.9
12.217,106.934,323.5,1,1,2016-05-05,06:15,A,17,5.0       ,303,17.3
12.493,108.599,320.1,1,1,2016-05-05,06:15,A,51,5.0       ,290.4,15.6
12.121,105.729,331.8,1.1,1.1,2016-05-05,06:15,A,44,5.0       ,307,25.3
12.352,107.232,325.1,1,1,2016-05-05,06:15,A,78,5.0       ,300.9,15.9
12.276,106.707,331.9,1,1,2016-05-05,06:15,A,65,5.0       ,308.4,14.4
12.19,106.062,328.9,1.1,1,2016-05-05,06:15,A,52,5.0       ,304.8,14.4
12.197,106.065,332.2,1.1,1,2016-05-05,06:15,A,54,5.0       ,305.9,20.4
12.243,105.643,330.6,1.2,1.1,2016-05-05,06:15,A,68,5.0       ,303.7,23.7
12.41,104.532,328.9,1.3,1.1,2016-05-05,06:15,A,76,5.0       ,304.2,17
12.506,104.895,337,1.3,1.1,2016-05-05,06:15,A,88,5.0       ,305.8,28.4
12.775,105.718,319.6,1.1,1.1,2016-05-05,06:15,A,62,5.0       ,296.8,13.1
12.671,104.702,325.6,1.3,1.1,2016-05-05,06:15,A,58,5.0       ,302.1,21.5
12.643,104.141,323.1,1.4,1.2,2016-05-05,06:15,A,50,5.0       ,279.5,21.8
12.654,104.139,386.6,1.4,1.2,2016-05-05,06:15,A,75,5.0       ,286.9,289.2
12.664,104.137,336,1.4,1.2,2016-05-05,06:15,A,47,5.0       ,285.7,47.8
12.714,104.116,335.4,1.4,1.2,2016-05-05,06:15,A,0,5.0       ,298.2,45.5
12.724,104.114,325.4,1.4,1.2,2016-05-05,06:15,A,46,5.0       ,296.5,17.1
12.721,104.122,326.4,1.4,1.2,2016-05-05,06:15,A,0,5.0       ,295.2,19.4
12.719,104.109,329.8,1.4,1.2,2016-05-05,06:15,A,72,5.0       ,297.9,25.4
12.778,104.008,326.9,1.4,1.2,2016-05-05,06:15,A,0,5.0       ,295.9,22.4
12.834,103.845,327.2,1.4,1.2,2016-05-05,06:15,A,23,5.0       ,296.1,21.5
13.046,105.141,325.1,1.2,1.1,2016-05-05,06:15,A,78,5.0       ,300.4,17.4
13.111,105.438,334.9,1.2,1.1,2016-05-05,06:15,A,86,5.0       ,302.3,37.8
13.109,105.427,326.4,1.2,1.1,2016-05-05,06:15,A,75,5.0       ,301.5,22.5
12.981,104.195,339.9,1.4,1.2,2016-05-05,06:15,A,80,5.0       ,290.8,54.8
12.979,104.183,325.2,1.4,1.2,2016-05-05,06:15,A,49,5.0       ,289.5,16.3
12.991,104.193,342.8,1.4,1.2,2016-05-05,06:15,A,86,5.0       ,289.5,66
13.335,106.146,333.9,1.1,1,2016-05-05,06:15,A,46,5.0       ,306.3,22.8
13.333,106.136,333.2,1.1,1,2016-05-05,06:15,A,46,5.0       ,305.7,20.1
13.139,104.807,321.7,1.2,1.1,2016-05-05,06:15,A,62,5.0       ,294.3,16.6
13.156,104.85,322.7,1.2,1.1,2016-05-05,06:15,A,57,5.0       ,298.4,15.2
13.579,107.117,328.3,1,1,2016-05-05,06:15,A,42,5.0       ,306.2,19.2
13.881,108.518,332.9,1,1,2016-05-05,06:15,A,54,5.0       ,307.6,15.2
13.242,103.651,320.2,1.5,1.2,2016-05-05,06:15,A,25,5.0       ,298.5,18.2
13.288,103.739,332.5,1.4,1.2,2016-05-05,06:15,A,72,5.0       ,297.5,48
13.274,103.646,352.3,1.5,1.2,2016-05-05,06:15,A,91,5.0       ,296.6,120
13.23,103.3,323.5,1.6,1.2,2016-05-05,06:15,A,30,5.0       ,299.6,33.9
13.431,104.449,353,1.3,1.1,2016-05-05,06:15,A,97,5.0       ,298.2,95.1
13.908,107.282,333,1,1,2016-05-05,06:15,A,67,5.0       ,308.7,16.4
13.095,101.819,316.3,2,1.4,2016-05-05,06:15,A,29,5.0       ,295.5,25.8
13.873,106.608,323.2,1,1,2016-05-05,06:15,A,30,5.0       ,303.5,15.3
13.508,104.161,336.3,1.3,1.2,2016-05-05,06:15,A,83,5.0       ,296.2,59.1
13.506,104.149,327.8,1.4,1.2,2016-05-05,06:15,A,70,5.0       ,292.1,39
14.108,107.65,331.7,1,1,2016-05-05,06:15,A,70,5.0       ,303.6,19
13.748,105.231,328.4,1.2,1.1,2016-05-05,06:15,A,36,5.0       ,300.8,18.4
13.587,104.141,316.3,1.3,1.2,2016-05-05,06:15,A,0,5.0       ,293.2,17.1
13.585,104.129,324.6,1.4,1.2,2016-05-05,06:15,A,47,5.0       ,293.6,30.7
13.569,104.028,328.6,1.4,1.2,2016-05-05,06:15,A,78,5.0       ,300.5,28.2
14.141,107.303,328.7,1,1,2016-05-05,06:15,A,71,5.0       ,305.2,18.6
14.14,107.294,336.5,1,1,2016-05-05,06:15,A,88,5.0       ,310.1,31.8
13.812,105.117,327.1,1.2,1.1,2016-05-05,06:15,A,28,5.0       ,301.6,17.2
14.201,107.341,326,1,1,2016-05-05,06:15,A,76,5.0       ,308.8,16.3
13.889,103.969,329.9,1.4,1.2,2016-05-05,06:15,A,74,5.0       ,303,21.2
13.887,103.957,330.3,1.4,1.2,2016-05-05,06:15,A,80,5.0       ,301.9,23.1
14.578,108.24,341.3,1,1,2016-05-05,06:15,A,91,5.0       ,297.2,44.4
17.757,104.438,320.6,1.1,1.1,2016-05-05,06:15,A,71,5.0       ,299.7,12.7
17.596,103.184,324.7,1.3,1.1,2016-05-05,06:15,A,78,5.0       ,302.5,13.1
17.943,105.215,341.8,1.1,1,2016-05-05,06:15,A,91,5.0       ,297.9,51
17.975,105.183,331.7,1.1,1,2016-05-05,06:15,A,84,5.0       ,298.9,31.1
17.981,105.161,325.5,1.1,1,2016-05-05,06:15,A,79,5.0       ,297.1,22.4
17.625,102.924,325.7,1.4,1.2,2016-05-05,06:15,A,79,5.0       ,300.6,18.6
18.157,106.03,315.7,1,1,2016-05-05,06:15,A,59,5.0       ,300.4,6.7
18.009,105.035,335.6,1.1,1,2016-05-05,06:15,A,87,5.0       ,298.9,38.7
17.904,104.352,316.6,1.1,1.1,2016-05-05,06:15,A,66,5.0       ,298.5,8.7
17.848,103.73,324.4,1.2,1.1,2016-05-05,06:15,A,77,5.0       ,302.8,13.2
23.821,101.284,314.3,1.4,1.2,2016-05-05,06:15,A,50,5.0       ,298.2,17.3
24.308,103.869,319.8,1,1,2016-05-05,06:15,A,50,5.0       ,304.1,9.5
24.51,104.293,319,1,1,2016-05-05,06:15,A,66,5.0       ,304.2,8.6
24.519,104.291,319.7,1,1,2016-05-05,06:15,A,67,5.0       ,304.5,8.7
24.973,106.256,319.5,1,1,2016-05-05,06:15,A,71,5.0       ,299.9,11.4
24.832,104.42,312.2,1,1,2016-05-05,06:15,A,38,5.0       ,291.7,9.4
18.073,105.099,319.5,1.1,1,2016-05-05,06:15,A,71,5.0       ,299.7,13.9
17.985,104.343,318.2,1.1,1.1,2016-05-05,06:15,A,68,5.0       ,299.5,9.9
18.12,105.102,316.1,1.1,1,2016-05-05,06:15,A,28,5.0       ,297.9,7.8
18.17,105.005,321.6,1.1,1,2016-05-05,06:15,A,41,5.0       ,301.7,13.5
18.341,105.9,323.9,1,1,2016-05-05,06:15,A,43,5.0       ,305.7,11.1
18.31,104.959,338.5,1.1,1,2016-05-05,06:15,A,89,5.0       ,298.6,44.6
18.308,104.949,328.4,1.1,1,2016-05-05,06:15,A,81,5.0       ,298.5,26.6
19.761,104.488,330,1.1,1,2016-05-05,06:15,A,75,5.0       ,300.1,28.7
19.68,103.964,348.9,1.1,1.1,2016-05-05,06:15,A,95,5.0       ,301.1,70.7
19.809,104.739,326.5,1.1,1,2016-05-05,06:15,A,80,5.0       ,300,23.9
19.807,104.729,341.2,1.1,1,2016-05-05,06:15,A,90,5.0       ,300.5,50
19.787,104.598,331.5,1.1,1,2016-05-05,06:15,A,84,5.0       ,301.8,30.6
19.786,104.587,325,1.1,1,2016-05-05,06:15,A,78,5.0       ,302.1,20.2
19.77,104.487,324.3,1.1,1,2016-05-05,06:15,A,76,5.0       ,300,20.1
19.827,104.797,330,1.1,1,2016-05-05,06:15,A,83,5.0       ,300.7,27.5
19.824,104.777,318.2,1.1,1,2016-05-05,06:15,A,67,5.0       ,301.1,12.4
19.819,104.747,319,1.1,1,2016-05-05,06:15,A,71,5.0       ,300.5,13.2
19.818,104.737,327.3,1.1,1,2016-05-05,06:15,A,80,5.0       ,301.4,24.8
19.816,104.618,320.7,1.1,1,2016-05-05,06:15,A,73,5.0       ,300.7,16
19.844,104.737,346,1.1,1,2016-05-05,06:15,A,93,5.0       ,300.4,60.2
19.866,104.825,324.1,1.1,1,2016-05-05,06:15,A,77,5.0       ,299.1,20.5
19.829,104.46,390.9,1.1,1,2016-05-05,06:15,A,100,5.0       ,302.3,227.6
19.828,104.45,337.7,1.1,1,2016-05-05,06:15,A,88,5.0       ,301.1,43.5
19.838,104.458,317.3,1.1,1,2016-05-05,06:15,A,62,5.0       ,301.5,11.8
19.904,104.828,320,1.1,1,2016-05-05,06:15,A,72,5.0       ,301.3,13.9
19.842,104.417,319.3,1.1,1,2016-05-05,06:15,A,71,5.0       ,300.8,15.4
19.876,104.515,324.2,1.1,1,2016-05-05,06:15,A,64,5.0       ,300.3,19.2
19.874,104.504,360.3,1.1,1,2016-05-05,06:15,A,100,5.0       ,302.2,97.7
19.473,101.985,324,1.5,1.2,2016-05-05,06:15,A,73,5.0       ,298.6,31.3
19.885,104.513,345.8,1.1,1,2016-05-05,06:15,A,93,5.0       ,300.7,56.8
19.883,104.503,359.9,1.1,1,2016-05-05,06:15,A,99,5.0       ,301.2,94.9
19.891,104.505,333,1.1,1,2016-05-05,06:15,A,76,5.0       ,301.5,33.8
19.9,104.504,329.4,1.1,1,2016-05-05,06:15,A,70,5.0       ,300.9,28.5
19.959,104.823,324.1,1.1,1,2016-05-05,06:15,A,77,5.0       ,297.3,19.9
19.515,102.012,351.5,1.5,1.2,2016-05-05,06:15,A,96,5.0       ,301.1,117.1
19.513,101.999,331.9,1.5,1.2,2016-05-05,06:15,A,84,5.0       ,301.4,49.1
20.039,105.23,329.4,1,1,2016-05-05,06:15,A,82,5.0       ,299.8,26
19.526,102.01,316.9,1.5,1.2,2016-05-05,06:15,A,67,5.0       ,300.4,16.9
19.973,104.48,322,1.1,1,2016-05-05,06:15,A,75,5.0       ,301.2,16.4
19.986,104.462,324.2,1.1,1,2016-05-05,06:15,A,68,5.0       ,299.7,18.9
19.984,104.453,344.4,1.1,1,2016-05-05,06:15,A,92,5.0       ,301.8,56.8
19.875,103.758,353.8,1.2,1.1,2016-05-05,06:15,A,91,5.0       ,303,91.3
19.993,104.451,333.9,1.1,1,2016-05-05,06:15,A,86,5.0       ,300.9,34.2
20.003,104.45,390.7,1.1,1,2016-05-05,06:15,A,100,5.0       ,306.6,223.7
20.013,104.458,318.4,1.1,1,2016-05-05,06:15,A,69,5.0       ,300.3,11.1
19.868,103.403,317.6,1.2,1.1,2016-05-05,06:15,A,41,5.0       ,302.8,16.1
20.044,104.472,316.4,1.1,1,2016-05-05,06:15,A,66,5.0       ,301.1,9.9
20.033,104.401,315.5,1.1,1,2016-05-05,06:15,A,64,5.0       ,300.8,10
20.086,104.683,326.9,1.1,1,2016-05-05,06:15,A,80,5.0       ,301.3,26.5
19.457,100.799,319.5,1.8,1.3,2016-05-05,06:15,A,71,5.0       ,302.5,29.3
19.941,103.678,390.3,1.2,1.1,2016-05-05,06:15,A,100,5.0       ,305,250.2
19.939,103.666,323.3,1.2,1.1,2016-05-05,06:15,A,76,5.0       ,299.3,21.6
19.946,103.681,363.7,1.2,1.1,2016-05-05,06:15,A,100,5.0       ,303.8,122.9
19.944,103.67,355.5,1.2,1.1,2016-05-05,06:15,A,98,5.0       ,303.9,95.4
19.981,103.842,328.8,1.1,1.1,2016-05-05,06:15,A,65,5.0       ,299.5,28.8
20.334,105.922,323.6,1,1,2016-05-05,06:15,A,77,5.0       ,304.1,14.6
19.557,101.045,332.6,1.7,1.3,2016-05-05,06:15,A,85,5.0       ,304.3,51.1
19.554,101.03,352.1,1.7,1.3,2016-05-05,06:15,A,96,5.0       ,306.6,138.6
19.568,101.043,323,1.7,1.3,2016-05-05,06:15,A,63,5.0       ,305.4,19.9
19.565,101.027,335.7,1.7,1.3,2016-05-05,06:15,A,87,5.0       ,307,64.5
20.038,103.832,327.8,1.1,1.1,2016-05-05,06:15,A,70,5.0       ,300.5,26.7
20.036,103.821,346.8,1.2,1.1,2016-05-05,06:15,A,94,5.0       ,300.8,67.4
20.058,103.897,353.2,1.1,1.1,2016-05-05,06:15,A,97,5.0       ,300.4,85.1
20.056,103.886,336.4,1.1,1.1,2016-05-05,06:15,A,88,5.0       ,298.5,44.6
20.035,103.686,322.6,1.2,1.1,2016-05-05,06:15,A,61,5.0       ,302,17.5
19.599,101.099,326.7,1.7,1.3,2016-05-05,06:15,A,80,5.0       ,305.3,31.7
20.07,103.822,387.5,1.1,1.1,2016-05-05,06:15,A,100,5.0       ,302.8,226.5
20.083,103.842,332.1,1.1,1.1,2016-05-05,06:15,A,84,5.0       ,297.5,36.4
20.03,103.513,337.5,1.2,1.1,2016-05-05,06:15,A,88,5.0       ,299.9,50.9
20.05,103.576,347.4,1.2,1.1,2016-05-05,06:15,A,94,5.0       ,303,71.6
20.048,103.565,360,1.2,1.1,2016-05-05,06:15,A,99,5.0       ,304.5,110.3
20.208,104.526,320.5,1.1,1,2016-05-05,06:15,A,73,5.0       ,298.5,16.8
20.182,104.354,322.6,1.1,1,2016-05-05,06:15,A,75,5.0       ,302.7,18.2
20.18,104.343,316.1,1.1,1,2016-05-05,06:15,A,15,5.0       ,301,9.6
20.091,103.772,324.9,1.2,1.1,2016-05-05,06:15,A,78,5.0       ,301.2,23.2
20.105,103.737,352,1.2,1.1,2016-05-05,06:15,A,96,5.0       ,303.2,79.1
20.103,103.725,321.4,1.2,1.1,2016-05-05,06:15,A,58,5.0       ,303.3,13.2
20.248,104.601,317.2,1.1,1,2016-05-05,06:15,A,41,5.0       ,300.6,10.4
20.118,103.757,326,1.2,1.1,2016-05-05,06:15,A,79,5.0       ,300.7,23.1
20.116,103.746,378,1.2,1.1,2016-05-05,06:15,A,100,5.0       ,305.2,176.7
20.115,103.735,398.2,1.2,1.1,2016-05-05,06:15,A,100,5.0       ,310.6,292.5
20.256,104.589,336,1.1,1,2016-05-05,06:15,A,87,5.0       ,301.3,37.6
20.254,104.579,324.4,1.1,1,2016-05-05,06:15,A,77,5.0       ,301.7,18.2
20.086,103.492,314,1.2,1.1,2016-05-05,06:15,A,40,5.0       ,300,9.6
20.085,103.481,317.3,1.2,1.1,2016-05-05,06:15,A,57,5.0       ,300.4,13.5
20.059,103.32,323,1.2,1.1,2016-05-05,06:15,A,64,5.0       ,298.6,26.1
20.272,104.579,314.7,1.1,1,2016-05-05,06:15,A,62,5.0       ,300.7,7.9
20.275,104.538,318.2,1.1,1,2016-05-05,06:15,A,69,5.0       ,300.2,12.2
20.244,104.336,322.4,1.1,1,2016-05-05,06:15,A,64,5.0       ,304.1,17.2
20.242,104.326,333.9,1.1,1,2016-05-05,06:15,A,86,5.0       ,303.9,35.4
20.24,104.315,339.1,1.1,1,2016-05-05,06:15,A,89,5.0       ,301.5,45
20.147,103.723,372,1.2,1.1,2016-05-05,06:15,A,100,5.0       ,303.7,150.9
20.145,103.712,323.1,1.2,1.1,2016-05-05,06:15,A,50,5.0       ,301.8,17.2
20.25,104.314,359.6,1.1,1,2016-05-05,06:15,A,99,5.0       ,303.6,96.5
20.153,103.699,391.2,1.2,1.1,2016-05-05,06:15,A,100,5.0       ,309.2,246.7
20.168,103.73,361.3,1.2,1.1,2016-05-05,06:15,A,94,5.0       ,301.2,109
20.166,103.72,420.8,1.2,1.1,2016-05-05,06:15,A,94,5.0       ,309.9,479.3
20.164,103.709,361,1.2,1.1,2016-05-05,06:15,A,100,5.0       ,303.2,104
19.66,100.722,321.9,1.8,1.3,2016-05-05,06:15,A,56,5.0       ,300.6,31.3
19.642,100.617,330.8,1.9,1.3,2016-05-05,06:15,A,71,5.0       ,303.2,58
20.172,103.697,365.5,1.2,1.1,2016-05-05,06:15,A,100,5.0       ,304.5,121.9
20.17,103.686,356.8,1.2,1.1,2016-05-05,06:15,A,89,5.0       ,304.4,93.1
20.307,104.501,323.4,1.1,1,2016-05-05,06:15,A,58,5.0       ,298.6,19.7
20.299,104.451,344.1,1.1,1,2016-05-05,06:15,A,92,5.0       ,299.4,58.4
20.298,104.441,325.4,1.1,1,2016-05-05,06:15,A,79,5.0       ,298.1,24.6
20.328,104.456,327.7,1.1,1,2016-05-05,06:15,A,62,5.0       ,298.6,25.7
20.212,103.7,358.2,1.2,1.1,2016-05-05,06:15,A,99,5.0       ,300,101.5
20.23,103.754,321.5,1.2,1.1,2016-05-05,06:15,A,74,5.0       ,298.6,23.1
20.228,103.743,317.1,1.2,1.1,2016-05-05,06:15,A,46,5.0       ,298,15.5
20.545,105.538,325.4,1,1,2016-05-05,06:15,A,79,5.0       ,303.2,17.7
20.543,105.528,327.3,1,1,2016-05-05,06:15,A,80,5.0       ,303,20
20.1,102.622,357.6,1.3,1.1,2016-05-05,06:15,A,99,5.0       ,302.5,121.8
20.098,102.609,334.7,1.3,1.1,2016-05-05,06:15,A,86,5.0       ,301.2,50.3
20.163,102.939,320.2,1.3,1.1,2016-05-05,06:15,A,62,5.0       ,294.9,18.4
20.139,102.792,319.3,1.3,1.1,2016-05-05,06:15,A,34,5.0       ,301.1,13.6
20.11,102.619,368.7,1.3,1.1,2016-05-05,06:15,A,100,5.0       ,298.2,170.3
20.108,102.607,346.9,1.3,1.1,2016-05-05,06:15,A,94,5.0       ,301.9,84.1
20.075,102.401,315.6,1.4,1.2,2016-05-05,06:15,A,56,5.0       ,302.4,11.9
20.057,102.297,325.4,1.4,1.2,2016-05-05,06:15,A,79,5.0       ,302.2,29.2
20.055,102.285,333.5,1.4,1.2,2016-05-05,06:15,A,85,5.0       ,303,48.1
20.197,103.09,327.4,1.2,1.1,2016-05-05,06:15,A,80,5.0       ,302.3,28.7
20.171,102.927,398.8,1.3,1.1,2016-05-05,06:15,A,100,5.0       ,306.3,346.5
20.167,102.901,327.9,1.3,1.1,2016-05-05,06:15,A,81,5.0       ,299.2,32
20.165,102.889,325,1.3,1.1,2016-05-05,06:15,A,71,5.0       ,299.8,25.2
20.159,102.851,324.8,1.3,1.1,2016-05-05,06:15,A,78,5.0       ,301.5,25
20.127,102.654,322.2,1.3,1.1,2016-05-05,06:15,A,63,5.0       ,302.8,19.9
20.306,102.557,400.9,1.3,1.1,2016-05-05,06:15,A,100,5.0       ,310.8,383.5
20.304,102.545,343.5,1.3,1.1,2016-05-05,06:15,A,92,5.0       ,303.1,68.5
20.302,102.532,328.6,1.3,1.1,2016-05-05,06:15,A,78,5.0       ,301.8,32.1
20.602,104.379,343.6,1.1,1,2016-05-05,06:15,A,92,5.0       ,301.8,51.2
20.601,104.369,338.7,1.1,1,2016-05-05,06:15,A,88,5.0       ,301.3,39.9
20.362,102.838,326.2,1.3,1.1,2016-05-05,06:15,A,79,5.0       ,301.1,28.2
20.324,102.606,326.8,1.3,1.1,2016-05-05,06:15,A,80,5.0       ,296.5,32.7
20.322,102.594,380.7,1.3,1.1,2016-05-05,06:15,A,100,5.0       ,300.3,236
20.316,102.556,335.5,1.3,1.1,2016-05-05,06:15,A,87,5.0       ,299.9,48.9
20.314,102.544,346.5,1.3,1.1,2016-05-05,06:15,A,93,5.0       ,301.9,79.4
20.312,102.53,340.8,1.3,1.1,2016-05-05,06:15,A,90,5.0       ,302.8,63.8
20.654,104.663,319.1,1.1,1,2016-05-05,06:15,A,67,5.0       ,303.5,14.1
20.61,104.381,320.9,1.1,1,2016-05-05,06:15,A,73,5.0       ,299.7,14
20.609,104.371,328.4,1.1,1,2016-05-05,06:15,A,81,5.0       ,302.5,25
20.363,102.844,324.8,1.3,1.1,2016-05-05,06:15,A,78,5.0       ,301.6,24.2
20.361,102.832,317,1.3,1.1,2016-05-05,06:15,A,49,5.0       ,301,11.8
20.322,102.6,362.4,1.3,1.1,2016-05-05,06:15,A,100,5.0       ,297.9,143.5
20.32,102.588,342.4,1.3,1.1,2016-05-05,06:15,A,91,5.0       ,299.3,71.6
20.316,102.563,338.5,1.3,1.1,2016-05-05,06:15,A,89,5.0       ,301.4,60.1
20.314,102.55,336.1,1.3,1.1,2016-05-05,06:15,A,87,5.0       ,301.2,52.6
20.312,102.537,343.1,1.3,1.1,2016-05-05,06:15,A,92,5.0       ,303.4,72.4
20.309,102.523,316.8,1.3,1.1,2016-05-05,06:15,A,53,5.0       ,302.6,11.8
20.842,105.869,318.2,1,1,2016-05-05,06:15,A,61,5.0       ,302.4,7.5
20.677,104.751,317.8,1,1,2016-05-05,06:15,A,64,5.0       ,302.1,11
20.645,104.543,325.7,1.1,1,2016-05-05,06:15,A,79,5.0       ,300.2,21.6
20.468,103.424,313.5,1.2,1.1,2016-05-05,06:15,A,43,5.0       ,298.9,9.9
20.209,103.1,325.6,1.2,1.1,2016-05-05,06:15,A,79,5.0       ,300.6,25.3
20.175,102.887,354.2,1.3,1.1,2016-05-05,06:15,A,97,5.0       ,301.2,100.8
20.169,102.849,344.6,1.3,1.1,2016-05-05,06:15,A,92,5.0       ,301.7,71.4
20.153,102.752,321.3,1.3,1.1,2016-05-05,06:15,A,28,5.0       ,297,17
20.151,102.739,334.3,1.3,1.1,2016-05-05,06:15,A,86,5.0       ,301.4,45
20.139,102.665,336.3,1.3,1.1,2016-05-05,06:15,A,87,5.0       ,299.3,48.7
20.137,102.652,376.1,1.3,1.1,2016-05-05,06:15,A,100,5.0       ,302.2,205.2
20.056,102.161,324.3,1.4,1.2,2016-05-05,06:15,A,77,5.0       ,298.8,28.4
20.054,102.149,359.6,1.4,1.2,2016-05-05,06:15,A,99,5.0       ,296.8,145
20.646,105.921,322.9,1,1,2016-05-05,06:15,A,50,5.0       ,305.3,12.6
20.409,104.321,357.4,1.1,1,2016-05-05,06:15,A,85,5.0       ,302,85.4
20.221,103.11,388.4,1.2,1.1,2016-05-05,06:15,A,100,5.0       ,301.5,258.7
20.219,103.098,387.4,1.2,1.1,2016-05-05,06:15,A,100,5.0       ,302.7,250.3
20.217,103.087,327.4,1.2,1.1,2016-05-05,06:15,A,31,5.0       ,299,26
20.207,103.027,314,1.3,1.1,2016-05-05,06:15,A,28,5.0       ,297.1,9.6
20.205,103.015,357.6,1.3,1.1,2016-05-05,06:15,A,99,5.0       ,300.1,114.1
20.204,103.004,326,1.3,1.1,2016-05-05,06:15,A,76,5.0       ,299.2,29.9
20.171,102.799,328.2,1.3,1.1,2016-05-05,06:15,A,78,5.0       ,297.4,30.5
20.169,102.787,345.2,1.3,1.1,2016-05-05,06:15,A,93,5.0       ,299.8,71.9
20.161,102.738,348,1.3,1.1,2016-05-05,06:15,A,94,5.0       ,301.7,79.1
20.657,105.922,320.5,1,1,2016-05-05,06:15,A,68,5.0       ,304.3,10.9
20.418,104.334,325.4,1.1,1,2016-05-05,06:15,A,79,5.0       ,300.2,21.9
20.221,103.103,373.1,1.2,1.1,2016-05-05,06:15,A,100,5.0       ,303.4,174
20.219,103.091,337.1,1.2,1.1,2016-05-05,06:15,A,74,5.0       ,300.3,46.3
20.207,103.021,334.9,1.3,1.1,2016-05-05,06:15,A,86,5.0       ,298.1,47.7
20.206,103.009,339.9,1.3,1.1,2016-05-05,06:15,A,90,5.0       ,300.4,59.2
20.17,102.792,342.5,1.3,1.1,2016-05-05,06:15,A,91,5.0       ,299.6,66.6
20.168,102.781,323.2,1.3,1.1,2016-05-05,06:15,A,46,5.0       ,299.9,19.9
20.162,102.744,347.8,1.3,1.1,2016-05-05,06:15,A,94,5.0       ,300.7,76
20.062,102.154,325.5,1.4,1.2,2016-05-05,06:15,A,79,5.0       ,296.5,31.1
20.666,105.92,320.1,1,1,2016-05-05,06:15,A,60,5.0       ,304.4,10.6
20.424,104.312,327.8,1.1,1,2016-05-05,06:15,A,81,5.0       ,300.5,26.6
20.423,104.302,339.4,1.1,1,2016-05-05,06:15,A,89,5.0       ,300.7,47.7
20.231,103.101,327.3,1.2,1.1,2016-05-05,06:15,A,66,5.0       ,300.5,30
20.225,103.066,322.9,1.3,1.1,2016-05-05,06:15,A,75,5.0       ,299.3,21.5
20.212,102.984,321.4,1.3,1.1,2016-05-05,06:15,A,74,5.0       ,296.7,23.2
20.21,102.974,345.5,1.3,1.1,2016-05-05,06:15,A,93,5.0       ,298.9,77.8
20.192,102.863,326.5,1.3,1.1,2016-05-05,06:15,A,75,5.0       ,299.4,27.2
20.174,102.755,334.9,1.3,1.1,2016-05-05,06:15,A,73,5.0       ,300.2,42.1
20.17,102.73,347.3,1.3,1.1,2016-05-05,06:15,A,94,5.0       ,301.6,73.4
20.167,102.717,345.5,1.3,1.1,2016-05-05,06:15,A,93,5.0       ,303.2,66.8
20.165,102.704,341.9,1.3,1.1,2016-05-05,06:15,A,86,5.0       ,303.8,56.7
20.241,103.099,356.1,1.2,1.1,2016-05-05,06:15,A,98,5.0       ,298.9,104.3
20.239,103.088,337.6,1.2,1.1,2016-05-05,06:15,A,88,5.0       ,300.6,48.4
20.202,102.862,451.6,1.3,1.1,2016-05-05,06:15,A,87,5.0       ,310.3,1032.7
20.2,102.85,369.3,1.3,1.1,2016-05-05,06:15,A,100,5.0       ,302.3,163.2
20.192,102.801,337.3,1.3,1.1,2016-05-05,06:15,A,88,5.0       ,294.7,53.9
20.19,102.789,326.8,1.3,1.1,2016-05-05,06:15,A,79,5.0       ,298.7,30
20.184,102.752,333.2,1.3,1.1,2016-05-05,06:15,A,71,5.0       ,301.1,38.2
20.182,102.74,350.8,1.3,1.1,2016-05-05,06:15,A,95,5.0       ,303.7,88
20.177,102.714,324.9,1.3,1.1,2016-05-05,06:15,A,13,5.0       ,301.9,18.7
20.175,102.702,338.6,1.3,1.1,2016-05-05,06:15,A,85,5.0       ,303,48.8
20.171,102.677,331.4,1.3,1.1,2016-05-05,06:15,A,84,5.0       ,304,36.8
19.882,100.992,332.5,1.7,1.3,2016-05-05,06:15,A,85,5.0       ,302.5,60.1
19.878,100.975,320.4,1.7,1.3,2016-05-05,06:15,A,36,5.0       ,302.1,21.8
20.502,104.692,315.2,1.1,1,2016-05-05,06:15,A,61,5.0       ,301.5,6.3
20.5,104.682,316.7,1.1,1,2016-05-05,06:15,A,66,5.0       ,301,7.9
20.339,103.644,318,1.2,1.1,2016-05-05,06:15,A,57,5.0       ,296.8,16.1
20.21,102.849,378.7,1.3,1.1,2016-05-05,06:15,A,100,5.0       ,301.9,212.8
20.208,102.837,343.1,1.3,1.1,2016-05-05,06:15,A,92,5.0       ,298.7,68.7
20.206,102.825,362.9,1.3,1.1,2016-05-05,06:15,A,100,5.0       ,298.5,137.9
20.198,102.776,326.7,1.3,1.1,2016-05-05,06:15,A,72,5.0       ,300.4,29.5
20.187,102.713,330.4,1.3,1.1,2016-05-05,06:15,A,52,5.0       ,301.4,30.9
20.185,102.701,354.1,1.3,1.1,2016-05-05,06:15,A,97,5.0       ,303.7,99.8
20.183,102.688,340.8,1.3,1.1,2016-05-05,06:15,A,90,5.0       ,303.7,61.3
20.181,102.675,322.8,1.3,1.1,2016-05-05,06:15,A,63,5.0       ,302.3,22.2
19.893,100.989,323.8,1.7,1.3,2016-05-05,06:15,A,77,5.0       ,302.3,34.5
20.502,104.63,318.8,1.1,1,2016-05-05,06:15,A,70,5.0       ,302.2,8.8
20.262,103.108,318.9,1.2,1.1,2016-05-05,06:15,A,16,5.0       ,299.7,16.9
20.238,102.956,327.6,1.3,1.1,2016-05-05,06:15,A,81,5.0       ,298.7,33
20.236,102.944,412.6,1.3,1.1,2016-05-05,06:15,A,100,5.0       ,305.2,469.5
20.234,102.931,325.2,1.3,1.1,2016-05-05,06:15,A,78,5.0       ,300.3,28.9
20.216,102.823,315.7,1.3,1.1,2016-05-05,06:15,A,57,5.0       ,297.4,12.2
20.194,102.687,343,1.3,1.1,2016-05-05,06:15,A,92,5.0       ,301.7,69.3
20.191,102.674,334.3,1.3,1.1,2016-05-05,06:15,A,86,5.0       ,301.3,48.6
20.272,103.106,335.4,1.2,1.1,2016-05-05,06:15,A,87,5.0       ,300.5,46.9
20.27,103.094,325.8,1.2,1.1,2016-05-05,06:15,A,59,5.0       ,300.3,25
20.246,102.942,313.8,1.3,1.1,2016-05-05,06:15,A,54,5.0       ,296.6,10
20.216,102.759,320.2,1.3,1.1,2016-05-05,06:15,A,35,5.0       ,300,17
20.214,102.746,389.2,1.3,1.1,2016-05-05,06:15,A,100,5.0       ,305.1,282.1
20.212,102.733,397.1,1.3,1.1,2016-05-05,06:15,A,100,5.0       ,306.7,339
20.21,102.721,346.9,1.3,1.1,2016-05-05,06:15,A,94,5.0       ,301.7,78.2
20.185,102.572,323.5,1.3,1.1,2016-05-05,06:15,A,59,5.0       ,298.4,22.7
20.179,102.535,392.4,1.3,1.1,2016-05-05,06:15,A,100,5.0       ,307.1,321.1
20.177,102.523,329.3,1.3,1.2,2016-05-05,06:15,A,82,5.0       ,303.4,36.6
20.226,102.757,353.5,1.3,1.1,2016-05-05,06:15,A,97,5.0       ,300.2,102.4
20.224,102.744,412.2,1.3,1.1,2016-05-05,06:15,A,100,5.0       ,305.6,479
20.222,102.732,419.3,1.3,1.1,2016-05-05,06:15,A,100,5.0       ,307,557.4
20.22,102.721,343.1,1.3,1.1,2016-05-05,06:15,A,92,5.0       ,300.6,67.7
20.191,102.546,348.9,1.3,1.1,2016-05-05,06:15,A,95,5.0       ,297.6,88.6
20.189,102.533,434.5,1.3,1.1,2016-05-05,06:15,A,100,5.0       ,315.1,797.4
20.187,102.521,330.7,1.3,1.2,2016-05-05,06:15,A,83,5.0       ,303.6,41.5
20.543,104.715,322.5,1.1,1,2016-05-05,06:15,A,75,5.0       ,303,14.1
20.541,104.705,328.1,1.1,1,2016-05-05,06:15,A,81,5.0       ,302.7,21.9
20.4,103.787,313.9,1.1,1.1,2016-05-05,06:15,A,44,5.0       ,299.7,9.4
20.288,103.078,318.2,1.2,1.1,2016-05-05,06:15,A,64,5.0       ,301.8,13.2
20.286,103.067,325.9,1.2,1.1,2016-05-05,06:15,A,79,5.0       ,302.4,25.8
20.236,102.754,327.2,1.3,1.1,2016-05-05,06:15,A,77,5.0       ,297.6,31.8
20.234,102.742,340.9,1.3,1.1,2016-05-05,06:15,A,90,5.0       ,300.2,63.9
20.232,102.73,321.7,1.3,1.1,2016-05-05,06:15,A,54,5.0       ,298.6,19.2
20.411,103.797,329.2,1.1,1.1,2016-05-05,06:15,A,82,5.0       ,299.1,32.5
20.41,103.786,327.7,1.1,1.1,2016-05-05,06:15,A,81,5.0       ,299.3,29.3
20.226,102.63,351,1.3,1.1,2016-05-05,06:15,A,96,5.0       ,298,100.1
20.224,102.617,402.4,1.3,1.1,2016-05-05,06:15,A,100,5.0       ,306.2,401
20.234,102.616,336.9,1.3,1.1,2016-05-05,06:15,A,88,5.0       ,301.8,55.8
20.572,104.736,315.3,1,1,2016-05-05,06:15,A,53,5.0       ,300.9,7.9
20.566,104.696,325.7,1.1,1,2016-05-05,06:15,A,79,5.0       ,302.3,21.9
20.564,104.686,327.9,1.1,1,2016-05-05,06:15,A,81,5.0       ,302.2,24.7
20.5,104.272,324.8,1.1,1,2016-05-05,06:15,A,78,5.0       ,300.1,21
20.499,104.261,325.7,1.1,1,2016-05-05,06:15,A,70,5.0       ,300.7,22.2
20.231,102.611,364.5,1.3,1.1,2016-05-05,06:15,A,100,5.0       ,305,151.2
20.51,104.27,318,1.1,1,2016-05-05,06:15,A,30,5.0       ,299.4,11.2
20.508,104.26,329.4,1.1,1,2016-05-05,06:15,A,82,5.0       ,300.6,28
20.576,104.642,338.5,1.1,1,2016-05-05,06:15,A,89,5.0       ,303.1,42
20.429,103.699,316.4,1.2,1.1,2016-05-05,06:15,A,61,5.0       ,300.9,11.9
20.426,103.676,328.7,1.2,1.1,2016-05-05,06:15,A,82,5.0       ,302.6,30.3
20.542,104.359,367.6,1.1,1,2016-05-05,06:15,A,100,5.0       ,301.5,121.3
20.541,104.349,358.5,1.1,1,2016-05-05,06:15,A,99,5.0       ,299.8,92
20.253,102.49,316.4,1.4,1.2,2016-05-05,06:15,A,66,5.0       ,299.6,16.7
20.602,104.628,318.2,1.1,1,2016-05-05,06:15,A,37,5.0       ,299.9,11.4
20.458,103.693,317.9,1.2,1.1,2016-05-05,06:15,A,45,5.0       ,300.9,12.4
20.401,103.339,314.1,1.2,1.1,2016-05-05,06:15,A,35,5.0       ,300.9,10.8
20.273,102.551,390.6,1.3,1.1,2016-05-05,06:15,A,100,5.0       ,303.9,305.4
20.271,102.539,382.8,1.3,1.1,2016-05-05,06:15,A,100,5.0       ,304.2,253.9
20.306,102.686,325.2,1.3,1.1,2016-05-05,06:15,A,78,5.0       ,301,28.7
20.304,102.674,320.5,1.3,1.1,2016-05-05,06:15,A,73,5.0       ,301.1,20.9
20.298,102.638,315.7,1.3,1.1,2016-05-05,06:15,A,27,5.0       ,299.5,11.7
20.296,102.625,330.3,1.3,1.1,2016-05-05,06:15,A,83,5.0       ,300.9,38.7
20.294,102.612,349.1,1.3,1.1,2016-05-05,06:15,A,95,5.0       ,301.3,89.6
20.292,102.599,336.9,1.3,1.1,2016-05-05,06:15,A,88,5.0       ,301.2,53.9
20.284,102.548,325.3,1.3,1.1,2016-05-05,06:15,A,72,5.0       ,301.4,27.4
20.495,103.809,328.4,1.1,1.1,2016-05-05,06:15,A,81,5.0       ,302.8,29.9
20.494,103.798,321.4,1.1,1.1,2016-05-05,06:15,A,74,5.0       ,302.3,18.6
20.316,102.684,359.4,1.3,1.1,2016-05-05,06:15,A,99,5.0       ,300.3,127.2
20.314,102.672,352.2,1.3,1.1,2016-05-05,06:15,A,96,5.0       ,300.9,101.4
20.294,102.546,356.8,1.3,1.1,2016-05-05,06:15,A,98,5.0       ,302,116.9
20.292,102.534,330.4,1.3,1.1,2016-05-05,06:15,A,83,5.0       ,301.7,38.1
20.636,104.663,323.6,1.1,1,2016-05-05,06:15,A,66,5.0       ,301.7,17.5
20.592,104.371,343.7,1.1,1,2016-05-05,06:15,A,92,5.0       ,300.3,51.1
20.59,104.36,415.4,1.1,1,2016-05-05,06:15,A,100,5.0       ,307.5,388
20.483,103.666,380.7,1.2,1.1,2016-05-05,06:15,A,100,5.0       ,305.1,193.6
20.481,103.656,367.1,1.2,1.1,2016-05-05,06:15,A,100,5.0       ,305,134.1
20.33,102.707,383.6,1.3,1.1,2016-05-05,06:15,A,100,5.0       ,296.9,250.7
20.328,102.696,385.7,1.3,1.1,2016-05-05,06:15,A,100,5.0       ,301,264
20.308,102.571,391.3,1.3,1.1,2016-05-05,06:15,A,100,5.0       ,306.2,305.3
-8.881,120.753,312.9,3,1.7,2016-05-05,06:10,A,0,5.0       ,293.5,40.4
-8.882,120.748,313.9,3,1.7,2016-05-05,06:10,A,0,5.0       ,294,48.5
-2.582,121.375,312.2,4.4,1.9,2016-05-05,06:10,A,53,5.0       ,290.3,77.7
-2.582,121.37,312.3,4.4,1.9,2016-05-05,06:10,A,53,5.0       ,290.3,78
-2.596,114.156,317.5,1.2,1.1,2016-05-05,06:10,A,68,5.0       ,298.7,12.1
0.737,117.692,316.6,2.6,1.5,2016-05-05,06:10,A,37,5.0       ,293.1,39.4
-0.403,102.71,311.1,3,1.6,2016-05-05,06:10,A,36,5.0       ,290.2,41.6
-0.244,102.87,312.8,2.9,1.6,2016-05-05,06:10,A,53,5.0       ,293.1,41.5
-0.125,102.84,312.1,2.9,1.6,2016-05-05,06:10,A,27,5.0       ,291.4,35.7
0.43,103.01,313.6,2.8,1.6,2016-05-05,06:10,A,45,5.0       ,293.5,40.9
0.606,102.841,314.6,2.8,1.6,2016-05-05,06:10,A,51,5.0       ,293.7,42.7
0.62,102.839,312.9,2.8,1.6,2016-05-05,06:10,A,12,5.0       ,293.3,36.3
1.334,102.425,315.2,3,1.6,2016-05-05,06:10,A,28,5.0       ,294.9,41.2
1.339,102.444,317.8,2.9,1.6,2016-05-05,06:10,A,37,5.0       ,295.4,52.4
2.872,112.3,316,1.1,1.1,2016-05-05,06:10,A,52,5.0       ,292.9,11.4
2.7,101.989,315.5,3,1.7,2016-05-05,06:10,A,15,5.0       ,293,60.6
4.511,114.052,322.7,1.5,1.2,2016-05-05,06:10,A,53,5.0       ,302.2,24.7
4.527,114.008,321.7,1.5,1.2,2016-05-05,06:10,A,30,5.0       ,301.6,20.8
3.137,103.236,328,2.4,1.5,2016-05-05,06:10,A,70,5.0       ,286.6,100.9
5.337,115.647,319.1,2.1,1.4,2016-05-05,06:10,A,62,5.0       ,300.4,33.8
4.378,103.383,316.8,2.2,1.4,2016-05-05,06:10,A,67,5.0       ,293.6,31.4
6.975,117.081,317.4,2.9,1.6,2016-05-05,06:10,A,0,5.0       ,297.7,47.2
6.975,117.076,316.8,2.9,1.6,2016-05-05,06:10,A,0,5.0       ,297.6,42.4
6.984,116.791,326.5,2.8,1.6,2016-05-05,06:10,A,0,5.0       ,296.6,93.5
18.423,104.727,326.3,1.1,1,2016-05-05,06:15,A,79,5.0       ,298.4,23.9
18.46,104.735,326.2,1.1,1,2016-05-05,06:15,A,69,5.0       ,294.2,25.7
17.421,98.2,319.5,3.1,1.7,2016-05-05,06:15,A,61,5.0       ,305,49.5
18.629,105.121,341,1.1,1,2016-05-05,06:15,A,90,5.0       ,300.5,49.9
18.628,105.111,316.4,1.1,1,2016-05-05,06:15,A,66,5.0       ,299.8,11
18.639,105.12,381,1.1,1,2016-05-05,06:15,A,100,5.0       ,301.6,172.4
18.637,105.11,346.7,1.1,1,2016-05-05,06:15,A,94,5.0       ,300.4,61.7
17.067,96.159,325.7,4.5,2,2016-05-05,06:15,A,76,5.0       ,302.6,99.9
17.068,96.151,323.9,4.5,2,2016-05-05,06:15,A,68,5.0       ,302.8,72.2
18.517,103.928,314.7,1.2,1.1,2016-05-05,06:15,A,56,5.0       ,298.6,10
18.545,103.727,326.8,1.2,1.1,2016-05-05,06:15,A,80,5.0       ,298.8,25.2
18.705,103.699,316.4,1.2,1.1,2016-05-05,06:15,A,65,5.0       ,298.4,10
18.645,103.132,352.4,1.3,1.1,2016-05-05,06:15,A,96,5.0       ,300.3,103.1
18.643,103.119,317.4,1.3,1.1,2016-05-05,06:15,A,57,5.0       ,300,15.6
18.78,103.657,318.2,1.2,1.1,2016-05-05,06:15,A,69,5.0       ,297.4,14.2
18.502,101.901,325,1.6,1.2,2016-05-05,06:15,A,78,5.0       ,299.4,36.3
18.473,101.596,321,1.7,1.3,2016-05-05,06:15,A,73,5.0       ,300.7,27.7
18.47,101.58,318.7,1.7,1.3,2016-05-05,06:15,A,63,5.0       ,301.2,20.9
18.482,101.578,316.5,1.7,1.3,2016-05-05,06:15,A,20,5.0       ,300.7,14
18.483,101.587,324.5,1.7,1.3,2016-05-05,06:15,A,64,5.0       ,300.7,34
18.653,102.248,318.3,1.5,1.2,2016-05-05,06:15,A,69,5.0       ,303.2,19.7
19.271,105.777,316.5,1,1,2016-05-05,06:15,A,57,5.0       ,302.7,8.8
19.18,104.858,315.3,1.1,1,2016-05-05,06:15,A,63,5.0       ,300.7,7.4
18.736,101.715,322.3,1.6,1.2,2016-05-05,06:15,A,75,5.0       ,300.2,31.1
19.322,105.181,319.1,1,1,2016-05-05,06:15,A,71,5.0       ,303.4,9
18.554,100.157,326.7,2.1,1.4,2016-05-05,06:15,A,65,5.0       ,304.7,40.4
18.887,101.925,320.2,1.6,1.2,2016-05-05,06:15,A,72,5.0       ,300.9,24.9
18.884,101.911,313.2,1.6,1.2,2016-05-05,06:15,A,34,5.0       ,299.7,11
19.081,102.973,312.8,1.3,1.1,2016-05-05,06:15,A,51,5.0       ,299.6,11.4
19.477,104.922,337.8,1.1,1,2016-05-05,06:15,A,88,5.0       ,303,40.4
19.475,104.912,323.5,1.1,1,2016-05-05,06:15,A,76,5.0       ,301.8,17.5
18.736,100.296,325.9,2,1.4,2016-05-05,06:15,A,49,5.0       ,302.1,41.6
19.507,104.89,320,1.1,1,2016-05-05,06:15,A,72,5.0       ,303.3,13.1
19.59,105.067,316.2,1,1,2016-05-05,06:15,A,65,5.0       ,300.5,8.1
19.566,104.607,327.1,1.1,1,2016-05-05,06:15,A,80,5.0       ,299.6,25.2
18.974,100.886,320.6,1.8,1.3,2016-05-05,06:15,A,73,5.0       ,304,25.9
19.129,101.647,347.7,1.6,1.2,2016-05-05,06:15,A,94,5.0       ,303.1,101.6
19.126,101.632,350.2,1.6,1.2,2016-05-05,06:15,A,95,5.0       ,305.1,110.3
19.64,104.719,319.3,1.1,1,2016-05-05,06:15,A,71,5.0       ,299.3,13.4
19.638,104.709,336.7,1.1,1,2016-05-05,06:15,A,88,5.0       ,299.3,41.1
19.643,104.692,312.6,1.1,1,2016-05-05,06:15,A,51,5.0       ,298.6,6.2
19.639,104.548,321.3,1.1,1,2016-05-05,06:15,A,74,5.0       ,300.8,17.8
19.638,104.539,318.6,1.1,1,2016-05-05,06:15,A,70,5.0       ,301.4,14.6
19.776,105.204,319.6,1,1,2016-05-05,06:15,A,71,5.0       ,300.5,11.9
19.789,105.162,328.4,1,1,2016-05-05,06:15,A,81,5.0       ,299,25.6
19.718,104.627,334.2,1.1,1,2016-05-05,06:15,A,86,5.0       ,300.9,37.3
19.709,104.518,325.6,1.1,1,2016-05-05,06:15,A,78,5.0       ,304.9,23.2
19.639,104.016,328.7,1.1,1.1,2016-05-05,06:15,A,55,5.0       ,301.9,23.6
19.741,104.606,319.9,1.1,1,2016-05-05,06:15,A,72,5.0       ,299.3,14.7
19.74,104.596,409.9,1.1,1,2016-05-05,06:15,A,100,5.0       ,309.5,347
19.738,104.585,335,1.1,1,2016-05-05,06:15,A,87,5.0       ,302.4,36.8
19.749,104.595,362.6,1.1,1,2016-05-05,06:15,A,100,5.0       ,302.2,104.8
19.747,104.584,325.4,1.1,1,2016-05-05,06:15,A,59,5.0       ,300.5,20.4
19.655,103.99,328.2,1.1,1.1,2016-05-05,06:15,A,65,5.0       ,301.7,22.5
19.753,104.562,317.6,1.1,1,2016-05-05,06:15,A,59,5.0       ,300.5,11.1
19.752,104.552,318.1,1.1,1,2016-05-05,06:15,A,58,5.0       ,300.4,11.2
19.664,103.989,329.9,1.1,1.1,2016-05-05,06:15,A,78,5.0       ,302.9,26.7
19.169,101.013,316.5,1.8,1.3,2016-05-05,06:15,A,47,5.0       ,302,18.2
19.767,104.591,318.2,1.1,1,2016-05-05,06:15,A,60,5.0       ,299.8,11.7
19.672,103.976,321.7,1.1,1.1,2016-05-05,06:15,A,63,5.0       ,301.3,16.3
19.778,104.599,327.5,1.1,1,2016-05-05,06:15,A,81,5.0       ,301,24.8
19.776,104.589,316.5,1.1,1,2016-05-05,06:15,A,26,5.0       ,300.7,9.1
19.769,104.539,316.2,1.1,1,2016-05-05,06:15,A,15,5.0       ,298.9,7.8
19.762,104.498,369,1.1,1,2016-05-05,06:15,A,100,5.0       ,303.4,127.2
20.707,103.391,343.5,1.2,1.1,2016-05-05,06:15,A,92,5.0       ,298.9,62.7
20.591,102.601,321.8,1.3,1.1,2016-05-05,06:15,A,74,5.0       ,299.1,24.2
20.428,101.616,319.3,1.5,1.2,2016-05-05,06:15,A,71,5.0       ,303.3,17.8
20.863,104.272,325.6,1.1,1,2016-05-05,06:15,A,74,5.0       ,301.9,18.8
20.862,104.262,338.3,1.1,1,2016-05-05,06:15,A,89,5.0       ,302.7,41.7
20.86,104.252,325.4,1.1,1,2016-05-05,06:15,A,79,5.0       ,301.6,20.7
20.733,103.432,334,1.2,1.1,2016-05-05,06:15,A,52,5.0       ,299.3,37.5
20.732,103.403,324.7,1.2,1.1,2016-05-05,06:15,A,64,5.0       ,301.1,24.2
20.432,101.625,320.1,1.5,1.2,2016-05-05,06:15,A,58,5.0       ,303.6,18.5
20.741,103.402,327.9,1.2,1.1,2016-05-05,06:15,A,53,5.0       ,299.9,28.3
20.734,103.357,319.5,1.2,1.1,2016-05-05,06:15,A,48,5.0       ,298.7,17.3
20.732,103.346,320.8,1.2,1.1,2016-05-05,06:15,A,73,5.0       ,298.1,20
20.731,103.336,324.3,1.2,1.1,2016-05-05,06:15,A,77,5.0       ,298.5,25.8
20.758,103.445,324.7,1.2,1.1,2016-05-05,06:15,A,72,5.0       ,300.3,25.9
20.755,103.422,335.2,1.2,1.1,2016-05-05,06:15,A,56,5.0       ,301.3,41
20.744,103.355,344.8,1.2,1.1,2016-05-05,06:15,A,92,5.0       ,300.7,67.1
20.718,103.197,326.1,1.2,1.1,2016-05-05,06:15,A,79,5.0       ,300.7,31.6
20.716,103.186,322,1.2,1.1,2016-05-05,06:15,A,75,5.0       ,299.3,24.4
20.601,102.424,380.1,1.3,1.1,2016-05-05,06:15,A,100,5.0       ,301.8,234.1
20.599,102.411,342.1,1.3,1.2,2016-05-05,06:15,A,91,5.0       ,301.2,67.8
20.734,103.11,330,1.2,1.1,2016-05-05,06:15,A,83,5.0       ,298.5,36.7
21.294,106.724,321.4,1,1,2016-05-05,06:15,A,58,5.0       ,302.5,12.5
20.648,102.453,334.4,1.3,1.1,2016-05-05,06:15,A,86,5.0       ,300.8,47.2
20.765,103.116,326.1,1.2,1.1,2016-05-05,06:15,A,79,5.0       ,299,28.8
20.939,104.17,365.6,1.1,1,2016-05-05,06:15,A,100,5.0       ,304.5,116
20.793,103.231,314.6,1.2,1.1,2016-05-05,06:15,A,60,5.0       ,297.4,13.1
20.795,103.223,310.8,1.2,1.1,2016-05-05,06:15,A,32,5.0       ,296.3,7.7
20.974,104.283,321.4,1.1,1,2016-05-05,06:15,A,57,5.0       ,304.4,13.7
20.767,102.868,314.2,1.3,1.1,2016-05-05,06:15,A,58,5.0       ,300.6,11.9
20.644,101.866,332,1.5,1.2,2016-05-05,06:15,A,84,5.0       ,306.2,39.4
20.599,101.599,326,1.5,1.2,2016-05-05,06:15,A,76,5.0       ,301.3,33.9
20.596,101.585,367.2,1.5,1.2,2016-05-05,06:15,A,100,5.0       ,304.8,198.4
20.849,103.059,319.6,1.2,1.1,2016-05-05,06:15,A,71,5.0       ,299.2,18.1
20.847,103.047,355.5,1.2,1.1,2016-05-05,06:15,A,98,5.0       ,302.6,104.4
20.855,103.034,359.4,1.2,1.1,2016-05-05,06:15,A,99,5.0       ,302.7,116.9
20.853,103.023,342.3,1.2,1.1,2016-05-05,06:15,A,91,5.0       ,301.1,65.5
20.857,103.04,328.5,1.2,1.1,2016-05-05,06:15,A,80,5.0       ,298.5,32.6
20.855,103.029,355.3,1.2,1.1,2016-05-05,06:15,A,98,5.0       ,303.5,102.6
20.865,103.026,328.8,1.2,1.1,2016-05-05,06:15,A,82,5.0       ,298.8,35.1
21.265,105.485,320.6,1,1,2016-05-05,06:15,A,68,5.0       ,302.7,10.8
20.894,103.021,321.5,1.2,1.1,2016-05-05,06:15,A,69,5.0       ,298.4,23.5
20.679,101.726,316.2,1.5,1.2,2016-05-05,06:15,A,61,5.0       ,301.3,12.3
21.304,105.625,324,1,1,2016-05-05,06:15,A,59,5.0       ,304.9,11.6
21.313,105.624,325.3,1,1,2016-05-05,06:15,A,53,5.0       ,305.1,13.1
20.721,101.847,320.7,1.5,1.2,2016-05-05,06:15,A,65,5.0       ,305.4,16.1
20.76,101.882,318.3,1.4,1.2,2016-05-05,06:15,A,41,5.0       ,302.2,12.9
20.746,101.799,322.2,1.5,1.2,2016-05-05,06:15,A,75,5.0       ,300.9,21.6
20.647,101.263,310.7,1.6,1.2,2016-05-05,06:15,A,42,5.0       ,297.9,13.8
20.75,101.792,321.9,1.5,1.2,2016-05-05,06:15,A,74,5.0       ,300.2,21
20.903,102.505,327.7,1.3,1.1,2016-05-05,06:15,A,81,5.0       ,300.3,35.2
20.78,101.772,340.7,1.5,1.2,2016-05-05,06:15,A,90,5.0       ,302.9,73.2
20.864,102.143,324.9,1.4,1.2,2016-05-05,06:15,A,78,5.0       ,301.8,29.9
20.938,102.462,317.7,1.3,1.1,2016-05-05,06:15,A,68,5.0       ,300.7,18.7
20.936,102.45,315.5,1.3,1.1,2016-05-05,06:15,A,64,5.0       ,299.4,15.5
20.813,101.706,324.4,1.5,1.2,2016-05-05,06:15,A,77,5.0       ,304,28.6
20.81,101.692,316.7,1.5,1.2,2016-05-05,06:15,A,54,5.0       ,302.8,12.8
20.903,102.021,317.2,1.4,1.2,2016-05-05,06:15,A,67,5.0       ,301.5,16.1
21.335,104.655,331.4,1,1,2016-05-05,06:15,A,84,5.0       ,302.8,28.9
21.334,104.646,320.7,1,1,2016-05-05,06:15,A,67,5.0       ,303.8,13.2
21.341,104.634,318.5,1,1,2016-05-05,06:15,A,56,5.0       ,304.1,11.7
21.334,104.524,316,1.1,1,2016-05-05,06:15,A,43,5.0       ,300.9,10.5
21.11,102.766,315.7,1.3,1.1,2016-05-05,06:15,A,64,5.0       ,301.7,13.2
20.765,100.353,314.4,1.8,1.3,2016-05-05,06:15,A,46,5.0       ,300.6,18
20.762,100.336,319.4,1.9,1.3,2016-05-05,06:15,A,71,5.0       ,301.1,30.4
21.299,103.508,322,1.2,1.1,2016-05-05,06:15,A,74,5.0       ,301.6,16.4
21.087,102.182,354,1.4,1.2,2016-05-05,06:15,A,97,5.0       ,302.1,115.8
21.085,102.169,314.8,1.4,1.2,2016-05-05,06:15,A,62,5.0       ,300.6,12.1
21.304,103.513,319.7,1.1,1.1,2016-05-05,06:15,A,47,5.0       ,301.5,13.8
21.085,102.19,331,1.4,1.2,2016-05-05,06:15,A,84,5.0       ,300.7,43.9
21.083,102.177,336,1.4,1.2,2016-05-05,06:15,A,87,5.0       ,302.7,56.7
20.759,100.35,317.5,1.8,1.3,2016-05-05,06:15,A,55,5.0       ,299.9,22
20.841,100.666,314.9,1.7,1.3,2016-05-05,06:15,A,61,5.0       ,301.1,19
21.107,102.133,321.8,1.4,1.2,2016-05-05,06:15,A,74,5.0       ,301.7,24.3
20.849,100.647,326.1,1.8,1.3,2016-05-05,06:15,A,79,5.0       ,299.5,48.6
21.368,103.547,314.4,1.1,1.1,2016-05-05,06:15,A,39,5.0       ,297.9,8.5
20.855,100.161,316.6,1.9,1.3,2016-05-05,06:15,A,54,5.0       ,299.8,27.9
21.65,104.592,313.2,1,1,2016-05-05,06:15,A,48,5.0       ,297.6,7.2
21.887,105.902,320.6,1,1,2016-05-05,06:15,A,65,5.0       ,300.2,13.6
21.935,105.779,328.7,1,1,2016-05-05,06:15,A,82,5.0       ,300.3,23.9
21.934,105.77,317.8,1,1,2016-05-05,06:15,A,51,5.0       ,299.3,10
22.016,105.643,346.6,1,1,2016-05-05,06:15,A,93,5.0       ,301.1,55.9
22.064,105.536,324.6,1,1,2016-05-05,06:15,A,78,5.0       ,299.6,19.5
21.731,102.796,344.1,1.2,1.1,2016-05-05,06:15,A,92,5.0       ,302.2,66.5
21.413,100.176,313.9,1.8,1.3,2016-05-05,06:15,A,46,5.0       ,298.4,16.3
21.414,99.768,316,2,1.4,2016-05-05,06:15,A,61,5.0       ,299.6,23.8
22.05,103.436,323.6,1.1,1.1,2016-05-05,06:15,A,34,5.0       ,298.9,16.8
22.361,105.166,319.9,1,1,2016-05-05,06:15,A,72,5.0       ,300.3,12.4
22.399,105.103,316.9,1,1,2016-05-05,06:15,A,67,5.0       ,300.5,8.9
21.834,101.509,312.3,1.5,1.2,2016-05-05,06:15,A,37,5.0       ,297.1,12
21.704,100.702,323.5,1.7,1.3,2016-05-05,06:15,A,76,5.0       ,302.9,33.2
21.701,100.686,322.6,1.7,1.3,2016-05-05,06:15,A,75,5.0       ,301.4,32.8
22.016,102.098,314.9,1.3,1.1,2016-05-05,06:15,A,60,5.0       ,297.2,14.7
22.142,102.676,327,1.2,1.1,2016-05-05,06:15,A,80,5.0       ,299.2,28.5
22.14,102.664,334.7,1.2,1.1,2016-05-05,06:15,A,86,5.0       ,301.3,43.7
21.981,101.642,312.7,1.4,1.2,2016-05-05,06:15,A,55,5.0       ,298.5,12.6
22.655,105.284,318.3,1,1,2016-05-05,06:15,A,34,5.0       ,299.3,11.4
22.654,105.275,321,1,1,2016-05-05,06:15,A,66,5.0       ,300,14.6
22.632,105.061,316.2,1,1,2016-05-05,06:15,A,65,5.0       ,299.8,8.4
21.866,100.057,324.8,1.8,1.3,2016-05-05,06:15,A,74,5.0       ,293.9,52.2
22.71,104.971,315.1,1,1,2016-05-05,06:15,A,62,5.0       ,300,7.6
22.806,105.493,318.9,1,1,2016-05-05,06:15,A,70,5.0       ,298.2,9.8
22.135,101.174,334.6,1.5,1.2,2016-05-05,06:15,A,86,5.0       ,299.7,63.5
22.676,104.367,322.2,1,1,2016-05-05,06:15,A,59,5.0       ,304.2,14.2
21.964,99.878,317.7,1.9,1.3,2016-05-05,06:15,A,68,5.0       ,302.9,27.2
22.363,101.777,320.5,1.4,1.2,2016-05-05,06:15,A,57,5.0       ,295,25.3
22.373,101.775,328.5,1.4,1.2,2016-05-05,06:15,A,69,5.0       ,298.3,39.9
22.024,99.632,324.4,2,1.4,2016-05-05,06:15,A,56,5.0       ,299.6,43.8
22.974,105.458,320.3,1,1,2016-05-05,06:15,A,72,5.0       ,300.7,11.2
22.031,99.643,318.5,2,1.4,2016-05-05,06:15,A,44,5.0       ,300.7,25.7
22.462,101.939,318.8,1.3,1.1,2016-05-05,06:15,A,70,5.0       ,299.8,19.6
22.595,101.631,316.2,1.4,1.2,2016-05-05,06:15,A,63,5.0       ,297.3,20.2
23.478,105.118,319.4,1,1,2016-05-05,06:15,A,71,5.0       ,300.9,12.9
23.017,101.335,317,1.4,1.2,2016-05-05,06:15,A,55,5.0       ,303.3,20.5
23.229,99.908,310.7,1.8,1.3,2016-05-05,06:15,A,13,5.0       ,295.1,15.6
26.188,97.754,336.9,2.2,1.4,2016-05-05,06:20,A,88,5.0       ,291.6,134.3
26.098,96.723,316.6,2.6,1.5,2016-05-05,06:20,A,66,5.0       ,293.9,52.3
26.321,97.486,315.3,2.3,1.5,2016-05-05,06:20,A,63,5.0       ,289.2,45.6
26.317,97.463,331.5,2.3,1.5,2016-05-05,06:20,A,84,5.0       ,289.3,116.5
26.311,96.577,313.3,2.6,1.6,2016-05-05,06:20,A,58,5.0       ,294.3,36.7
26.404,96.124,323.9,2.8,1.6,2016-05-05,06:20,A,77,5.0       ,292.5,92.5
26.398,96.097,318.9,2.8,1.6,2016-05-05,06:20,A,63,5.0       ,291.4,65.7
26.413,96.093,325,2.8,1.6,2016-05-05,06:20,A,64,5.0       ,291.5,98.3
26.415,96.088,322.7,2.8,1.6,2016-05-05,06:20,A,65,5.0       ,290.8,86.5
27.726,102.21,342.2,1.1,1,2016-05-05,06:20,A,91,5.0       ,311,39.5
28.641,102.511,322.9,1.1,1,2016-05-05,06:20,A,58,5.0       ,309,11.6
29.591,104.45,330.8,1,1,2016-05-05,06:20,A,79,5.0       ,295.8,29.9
29.781,103.641,319.4,1,1,2016-05-05,06:20,A,61,5.0       ,302.5,10.6
20.654,104.541,331.5,1.1,1,2016-05-05,06:15,A,84,5.0       ,300.7,31.2
20.416,103.043,336,1.2,1.1,2016-05-05,06:15,A,87,5.0       ,299.2,51.9
20.414,103.032,320.8,1.2,1.1,2016-05-05,06:15,A,60,5.0       ,298.7,21.4
20.355,102.672,326.7,1.3,1.1,2016-05-05,06:15,A,80,5.0       ,298.8,33.4
20.464,103.274,337.8,1.2,1.1,2016-05-05,06:15,A,88,5.0       ,300.6,55.1
20.363,102.657,323.8,1.3,1.1,2016-05-05,06:15,A,77,5.0       ,300.4,28.3
20.361,102.644,314.5,1.3,1.1,2016-05-05,06:15,A,56,5.0       ,300.7,12.2
20.871,105.874,322.7,1,1,2016-05-05,06:15,A,76,5.0       ,305,12
20.373,102.656,378.7,1.3,1.1,2016-05-05,06:15,A,100,5.0       ,300.9,221.4
20.371,102.642,343.3,1.3,1.1,2016-05-05,06:15,A,92,5.0       ,302.2,72.3
20.211,101.687,324.4,1.5,1.2,2016-05-05,06:15,A,78,5.0       ,301.4,34.4
20.208,101.673,346.5,1.5,1.2,2016-05-05,06:15,A,93,5.0       ,302.2,101.2
20.656,104.373,318.3,1.1,1,2016-05-05,06:15,A,43,5.0       ,300.4,10.5
20.655,104.363,328.1,1.1,1,2016-05-05,06:15,A,81,5.0       ,301.5,25.2
20.505,103.406,322.4,1.2,1.1,2016-05-05,06:15,A,75,5.0       ,299.8,23
20.684,104.494,328.8,1.1,1,2016-05-05,06:15,A,82,5.0       ,299.3,26
20.68,104.464,313.8,1.1,1,2016-05-05,06:15,A,49,5.0       ,299.6,7.9
20.678,104.454,315.1,1.1,1,2016-05-05,06:15,A,63,5.0       ,299.7,10
20.662,104.351,331.7,1.1,1,2016-05-05,06:15,A,84,5.0       ,302.6,32
20.661,104.341,324.4,1.1,1,2016-05-05,06:15,A,71,5.0       ,301.7,20.8
20.67,104.339,339.6,1.1,1,2016-05-05,06:15,A,90,5.0       ,301.1,46.3
20.409,102.687,320.3,1.3,1.1,2016-05-05,06:15,A,72,5.0       ,300.4,22.1
20.407,102.674,341.7,1.3,1.1,2016-05-05,06:15,A,91,5.0       ,302.4,69.8
20.397,102.547,344.1,1.3,1.1,2016-05-05,06:15,A,92,5.0       ,300,73.5
20.389,102.429,331.6,1.4,1.2,2016-05-05,06:15,A,84,5.0       ,303.6,36.5
20.711,104.441,327,1.1,1,2016-05-05,06:15,A,74,5.0       ,299.2,23.2
20.677,104.217,317.7,1.1,1,2016-05-05,06:15,A,51,5.0       ,300.7,9.8
20.429,102.689,317.4,1.3,1.1,2016-05-05,06:15,A,55,5.0       ,299.9,16.3
20.385,102.425,328.5,1.4,1.2,2016-05-05,06:15,A,81,5.0       ,303.3,29.4
20.722,104.45,323.9,1.1,1,2016-05-05,06:15,A,77,5.0       ,299.6,20.3
20.721,104.44,318.6,1.1,1,2016-05-05,06:15,A,70,5.0       ,299.4,13.4
20.446,102.726,368.6,1.3,1.1,2016-05-05,06:15,A,100,5.0       ,302.7,168
20.443,102.713,370.9,1.3,1.1,2016-05-05,06:15,A,100,5.0       ,305.5,177.8
20.248,101.567,321.1,1.6,1.2,2016-05-05,06:15,A,49,5.0       ,304.4,16.2
20.926,105.752,321.2,1,1,2016-05-05,06:15,A,54,5.0       ,303.6,9.3
20.455,102.723,381.9,1.3,1.1,2016-05-05,06:15,A,100,5.0       ,304.3,238.8
20.453,102.71,363.7,1.3,1.1,2016-05-05,06:15,A,100,5.0       ,302.8,143.9
20.435,102.598,348.8,1.3,1.1,2016-05-05,06:15,A,82,5.0       ,299.5,91.2
20.588,103.478,313.5,1.2,1.1,2016-05-05,06:15,A,27,5.0       ,299.3,10.3
20.563,103.32,342.7,1.2,1.1,2016-05-05,06:15,A,91,5.0       ,299.9,65.3
20.445,102.596,376,1.3,1.1,2016-05-05,06:15,A,94,5.0       ,302.4,207.8
20.72,104.251,349.2,1.1,1,2016-05-05,06:15,A,95,5.0       ,298.7,69.4
20.603,103.508,333.9,1.2,1.1,2016-05-05,06:15,A,86,5.0       ,301.6,42.5
20.475,102.719,366.7,1.3,1.1,2016-05-05,06:15,A,100,5.0       ,302.6,156.7
20.473,102.706,325.1,1.3,1.1,2016-05-05,06:15,A,78,5.0       ,300.1,27.8
20.757,104.434,317.1,1.1,1,2016-05-05,06:15,A,67,5.0       ,298.8,12.6
20.613,103.507,320.8,1.2,1.1,2016-05-05,06:15,A,22,5.0       ,300.8,19.5
20.489,102.741,355.1,1.3,1.1,2016-05-05,06:15,A,97,5.0       ,302.2,109.3
20.488,102.729,335.2,1.3,1.1,2016-05-05,06:15,A,87,5.0       ,302.5,49
20.797,104.51,323.7,1.1,1,2016-05-05,06:15,A,77,5.0       ,303.1,19
20.796,104.501,361.7,1.1,1,2016-05-05,06:15,A,100,5.0       ,304.7,100.8
20.501,102.624,329.1,1.3,1.1,2016-05-05,06:15,A,82,5.0       ,301.8,34.6
20.522,102.685,348.2,1.3,1.1,2016-05-05,06:15,A,94,5.0       ,300.2,80.4
20.519,102.671,323.6,1.3,1.1,2016-05-05,06:15,A,42,5.0       ,302.6,18.8
20.522,102.691,328.8,1.3,1.1,2016-05-05,06:15,A,61,5.0       ,297.6,30.9
20.52,102.677,333,1.3,1.1,2016-05-05,06:15,A,70,5.0       ,301.6,37.6
20.528,102.662,349.2,1.3,1.1,2016-05-05,06:15,A,95,5.0       ,302.6,81.6
20.526,102.65,359.9,1.3,1.1,2016-05-05,06:15,A,99,5.0       ,303.8,121
21.002,105.635,326.8,1,1,2016-05-05,06:15,A,80,5.0       ,303.8,16.6
21.001,105.626,324.8,1,1,2016-05-05,06:15,A,66,5.0       ,304.3,13.8
20.661,103.412,318.3,1.2,1.1,2016-05-05,06:15,A,56,5.0       ,300.4,15.6
20.659,103.401,323.4,1.2,1.1,2016-05-05,06:15,A,76,5.0       ,300.6,24.7
20.538,102.66,354.9,1.3,1.1,2016-05-05,06:15,A,97,5.0       ,301.1,105.9
20.536,102.648,347.7,1.3,1.1,2016-05-05,06:15,A,94,5.0       ,302.6,81
21.011,105.634,328.2,1,1,2016-05-05,06:15,A,78,5.0       ,303.5,17.9
20.546,102.646,352,1.3,1.1,2016-05-05,06:15,A,96,5.0       ,301.7,97.1
20.544,102.633,330.1,1.3,1.1,2016-05-05,06:15,A,83,5.0       ,301.9,38.4
20.525,102.522,335.2,1.3,1.1,2016-05-05,06:15,A,0,5.0       ,295.4,51.1
20.827,104.342,326.4,1.1,1,2016-05-05,06:15,A,80,5.0       ,302.1,21.5
20.698,103.461,366.3,1.2,1.1,2016-05-05,06:15,A,100,5.0       ,304.4,133.8
20.697,103.45,373.4,1.2,1.1,2016-05-05,06:15,A,100,5.0       ,305.5,163.4
20.548,102.53,350.1,1.3,1.1,2016-05-05,06:15,A,95,5.0       ,300.3,92.8
20.701,103.415,336.7,1.2,1.1,2016-05-05,06:15,A,88,5.0       ,298.2,44
20.697,103.392,383.3,1.2,1.1,2016-05-05,06:15,A,100,5.0       ,303.5,214
20.714,103.435,322.6,1.2,1.1,2016-05-05,06:15,A,67,5.0       ,301.6,20
20.712,103.424,358.5,1.2,1.1,2016-05-05,06:15,A,99,5.0       ,300.7,104.5
24.717,97.03,319.2,2.6,1.6,2016-05-05,06:20,A,64,5.0       ,296.8,55.8
25.043,97.523,313.8,2.4,1.5,2016-05-05,06:20,A,59,5.0       ,294.9,33.4
25.056,97.539,314.9,2.4,1.5,2016-05-05,06:20,A,62,5.0       ,294.8,35.1
25.051,97.516,312.6,2.4,1.5,2016-05-05,06:20,A,52,5.0       ,295.1,26.7
25.139,97.138,324.6,2.5,1.5,2016-05-05,06:20,A,78,5.0       ,293,77.9
25.145,97.132,318.2,2.5,1.5,2016-05-05,06:20,A,52,5.0       ,292.9,45.8
25.205,97.219,319.4,2.5,1.5,2016-05-05,06:20,A,50,5.0       ,296.2,42.6
25.314,97.56,327.7,2.3,1.5,2016-05-05,06:20,A,81,5.0       ,295.8,86.9
25.385,97.714,314.5,2.3,1.5,2016-05-05,06:20,A,53,5.0       ,293.8,32.3
25.324,97.551,320.4,2.3,1.5,2016-05-05,06:20,A,73,5.0       ,295.8,52.4
25.399,97.725,312.1,2.3,1.5,2016-05-05,06:20,A,53,5.0       ,294.3,25.3
25.395,97.702,317.3,2.3,1.5,2016-05-05,06:20,A,68,5.0       ,294.4,43.4
25.48,97.794,322.7,2.2,1.5,2016-05-05,06:20,A,72,5.0       ,293.1,64.4
25.476,97.772,315.6,2.3,1.5,2016-05-05,06:20,A,33,5.0       ,292.2,36.9
25.478,97.789,327.6,2.2,1.5,2016-05-05,06:20,A,81,5.0       ,293.7,85.8
25.708,97.606,337.7,2.3,1.5,2016-05-05,06:20,A,88,5.0       ,293.9,140.7
25.704,97.583,311.4,2.3,1.5,2016-05-05,06:20,A,45,5.0       ,293.4,23.7
25.706,97.599,327.8,2.3,1.5,2016-05-05,06:20,A,81,5.0       ,293.9,87.7
25.726,97.5,313.2,2.3,1.5,2016-05-05,06:20,A,47,5.0       ,293.5,32.6
25.796,97.649,312.3,2.3,1.5,2016-05-05,06:20,A,41,5.0       ,292.8,30.6
25.595,96.611,316.5,2.7,1.6,2016-05-05,06:20,A,66,5.0       ,292.6,45.5
25.95,97.692,314.7,2.2,1.4,2016-05-05,06:20,A,58,5.0       ,290.5,43.4
25.992,97.837,345.7,2.2,1.4,2016-05-05,06:20,A,93,5.0       ,290.6,180.5
25.988,97.816,349.9,2.2,1.4,2016-05-05,06:20,A,95,5.0       ,291.9,209.4
26.092,97.807,316.4,2.2,1.4,2016-05-05,06:20,A,56,5.0       ,292.5,42
26.104,97.804,348.5,2.2,1.4,2016-05-05,06:20,A,94,5.0       ,293.4,201.8
26.175,97.757,316.2,2.2,1.4,2016-05-05,06:20,A,62,5.0       ,290.8,43.4
26.192,97.777,315.8,2.2,1.4,2016-05-05,06:20,A,56,5.0       ,292.3,42.1
-10.437,150.035,316.1,1.6,1.3,2016-05-05,12:15,T,90,5.0       ,294.9,34.8
-10.439,150.02,309.5,1.6,1.3,2016-05-05,12:15,T,66,5.0       ,294.6,21.4
-2.575,121.378,329.7,2.5,1.5,2016-05-05,13:55,T,100,5.0       ,276.6,140.9
-2.579,121.393,310.8,2.5,1.5,2016-05-05,13:55,T,72,5.0       ,281.5,54
-2.582,121.372,320.4,2.5,1.5,2016-05-05,13:55,T,100,5.0       ,276.3,95.9
10.078,124.186,309,1.1,1,2016-05-05,14:00,T,46,5.0       ,287.4,13
11.988,120.089,307.8,1.7,1.3,2016-05-05,14:00,T,57,5.0       ,294.6,13
17.105,121.411,306.1,1.2,1.1,2016-05-05,14:00,T,29,5.0       ,288.8,16.4
9.467,98.912,307.7,1.1,1.1,2016-05-05,15:40,T,56,5.0       ,289.9,11.4
11.379,99.117,319.9,1.1,1,2016-05-05,15:40,T,99,5.0       ,294.8,21.9
11.377,99.108,327.8,1.1,1,2016-05-05,15:40,T,100,5.0       ,295,33.1
11.354,98.883,311.6,1.1,1,2016-05-05,15:40,T,75,5.0       ,293.2,12.8
11.352,98.873,326.5,1.1,1,2016-05-05,15:40,T,100,5.0       ,292.9,32.6
11.343,98.814,316.6,1.1,1,2016-05-05,15:40,T,91,5.0       ,291,18.6
11.353,98.813,306.3,1.1,1,2016-05-05,15:40,T,44,5.0       ,291.2,7.6
11.351,98.803,308.5,1.1,1,2016-05-05,15:40,T,61,5.0       ,289.4,10.5
11.36,98.816,322.8,1.1,1,2016-05-05,15:40,T,100,5.0       ,292.4,27.3
11.358,98.806,318.7,1.1,1,2016-05-05,15:40,T,97,5.0       ,290.7,21.9
11.403,99.039,356.9,1.1,1,2016-05-05,15:40,T,100,5.0       ,295.4,95.6
11.401,99.029,348.6,1.1,1,2016-05-05,15:40,T,100,5.0       ,294.8,74.2
11.424,99.055,333.6,1.1,1,2016-05-05,15:40,T,100,5.0       ,295.6,43.5
11.422,99.046,329,1.1,1,2016-05-05,15:40,T,100,5.0       ,295.3,35.5
11.435,99.004,316.8,1.1,1,2016-05-05,15:40,T,92,5.0       ,294.4,18.7
11.459,98.911,324.1,1.1,1,2016-05-05,15:40,T,100,5.0       ,294.4,27.9
11.467,98.913,327.3,1.1,1,2016-05-05,15:40,T,100,5.0       ,295.6,33.1
11.465,98.904,310.6,1.1,1,2016-05-05,15:40,T,71,5.0       ,294,10.9
11.476,98.912,307.4,1.1,1,2016-05-05,15:40,T,54,5.0       ,294.3,8.2
11.46,98.804,321.1,1.1,1,2016-05-05,15:40,T,100,5.0       ,291.9,25
11.612,98.764,308.8,1.1,1,2016-05-05,15:40,T,63,5.0       ,293.1,9.4
11.804,99.568,318.4,1,1,2016-05-05,15:40,T,96,5.0       ,295.3,19.9
11.744,99.163,314.4,1.1,1,2016-05-05,15:40,T,85,5.0       ,294.6,14.9
11.744,99.095,307.9,1.1,1,2016-05-05,15:40,T,57,5.0       ,294.5,8
11.742,99.086,320.5,1.1,1,2016-05-05,15:40,T,100,5.0       ,294.7,22.5
11.848,99.239,308.2,1,1,2016-05-05,15:40,T,59,5.0       ,294.7,8.4
11.846,99.229,305.8,1,1,2016-05-05,15:40,T,37,5.0       ,294.6,6.2
11.889,99.021,311,1.1,1,2016-05-05,15:40,T,73,5.0       ,293.9,11.7
12.088,98.753,314.2,1.1,1,2016-05-05,15:40,T,84,5.0       ,293.5,14.7
12.116,98.819,307.7,1.1,1,2016-05-05,15:40,T,46,5.0       ,293.2,7.9
12.127,98.827,308.7,1.1,1,2016-05-05,15:40,T,62,5.0       ,292.9,9.1
12.126,98.817,310.7,1.1,1,2016-05-05,15:40,T,72,5.0       ,293,11.1
12.129,98.777,310.8,1.1,1,2016-05-05,15:40,T,73,5.0       ,293.3,11.1
12.127,98.767,342.6,1.1,1,2016-05-05,15:40,T,100,5.0       ,293.1,61.1
12.177,98.733,310.7,1.1,1,2016-05-05,15:40,T,72,5.0       ,293.3,11.6
12.298,98.982,305.7,1.1,1,2016-05-05,15:40,T,36,5.0       ,294,6.7
12.352,98.977,380.9,1.1,1,2016-05-05,15:40,T,100,5.0       ,297.1,177.7
12.351,98.968,379.9,1.1,1,2016-05-05,15:40,T,100,5.0       ,296.8,173.9
12.35,98.958,308,1.1,1,2016-05-05,15:40,T,58,5.0       ,294.5,7.8
12.362,98.976,306.5,1.1,1,2016-05-05,15:40,T,43,5.0       ,294.5,6.3
12.36,98.966,311,1.1,1,2016-05-05,15:40,T,73,5.0       ,293.9,10.8
12.44,99.006,305.8,1.1,1,2016-05-05,15:40,T,37,5.0       ,294.6,6.1
12.468,99.07,320,1,1,2016-05-05,15:40,T,100,5.0       ,295,21.7
12.466,99.061,319.3,1,1,2016-05-05,15:40,T,98,5.0       ,295.4,20.7
12.786,101.224,308.9,1,1,2016-05-05,15:40,T,64,5.0       ,295.3,7.8
12.799,101.251,306.2,1,1,2016-05-05,15:40,T,43,5.0       ,295.5,5.5
12.495,98.884,312.4,1.1,1,2016-05-05,15:40,T,78,5.0       ,295.1,12.6
12.493,98.874,328.8,1.1,1,2016-05-05,15:40,T,100,5.0       ,294.6,34.7
12.492,98.865,307.6,1.1,1,2016-05-05,15:40,T,55,5.0       ,294.2,8.2
12.545,98.846,305.7,1.1,1,2016-05-05,15:40,T,35,5.0       ,294.9,6.6
12.544,98.836,310.5,1.1,1,2016-05-05,15:40,T,71,5.0       ,295.1,11.4
13.575,101.473,310.8,1,1,2016-05-05,15:40,T,73,5.0       ,294.6,10.6
13.676,101.679,315,1.1,1,2016-05-05,15:40,T,87,5.0       ,295.4,14.7
13.777,101.95,306.2,1.1,1,2016-05-05,15:40,T,42,5.0       ,292.9,6.3
13.957,102.211,307.8,1.1,1.1,2016-05-05,15:40,T,57,5.0       ,292.8,8.4
13.614,98.419,307.6,1.1,1,2016-05-05,15:40,T,55,5.0       ,295.1,8.9
14.242,102.214,305.6,1.1,1.1,2016-05-05,15:40,T,25,5.0       ,293.7,7.2
14.291,102.144,305.6,1.1,1.1,2016-05-05,15:40,T,33,5.0       ,294.2,6.2
14.289,102.134,307.2,1.1,1.1,2016-05-05,15:40,T,52,5.0       ,294,8.1
14.28,102.062,306.1,1.1,1.1,2016-05-05,15:40,T,42,5.0       ,293.7,7.6
14.459,101.023,316.2,1,1,2016-05-05,15:40,T,90,5.0       ,298.4,15
14.15,98.422,317.3,1.1,1,2016-05-05,15:40,T,93,5.0       ,295.3,19.1
14.158,98.425,308.7,1.1,1,2016-05-05,15:40,T,62,5.0       ,295.5,10.4
14.157,98.415,309.9,1.1,1,2016-05-05,15:40,T,68,5.0       ,295.3,11.7
14.289,98.368,310,1.1,1,2016-05-05,15:40,T,69,5.0       ,296,11.1
14.36,98.035,314.2,1.1,1,2016-05-05,15:40,T,85,5.0       ,296,15.7
14.369,98.034,307.4,1.1,1,2016-05-05,15:40,T,54,5.0       ,295.7,8.6
14.91,100.964,309.8,1,1,2016-05-05,15:40,T,68,5.0       ,299.7,7.7
14.72,98.167,309.9,1.1,1,2016-05-05,15:40,T,68,5.0       ,296.4,10
14.718,98.156,309,1.1,1,2016-05-05,15:40,T,61,5.0       ,296,9.1
14.769,98.194,307.1,1.1,1,2016-05-05,15:40,T,51,5.0       ,295.4,8.7
14.767,98.184,306.4,1.1,1,2016-05-05,15:40,T,45,5.0       ,295.8,8.1
15.09,98.112,309.5,1.1,1,2016-05-05,15:40,T,66,5.0       ,295.3,11.2
15.228,98.119,308.5,1.1,1,2016-05-05,15:40,T,61,5.0       ,296,9.9
15.29,98.467,318,1,1,2016-05-05,15:40,T,95,5.0       ,297.2,19.7
15.247,97.994,309,1.1,1,2016-05-05,15:40,T,64,5.0       ,296.8,9.9
15.245,97.983,309.9,1.1,1,2016-05-05,15:40,T,69,5.0       ,296.9,11
15.32,98.294,306.8,1.1,1,2016-05-05,15:40,T,49,5.0       ,296.5,7
15.718,98.618,310.1,1,1,2016-05-05,15:40,T,69,5.0       ,295.9,10.9
16.327,102.423,307.8,1.2,1.1,2016-05-05,15:40,T,46,5.0       ,295.2,8.6
15.741,98.215,312,1.1,1,2016-05-05,15:40,T,77,5.0       ,298,12.4
15.75,98.213,321,1.1,1,2016-05-05,15:40,T,100,5.0       ,298.1,23.1
15.71,97.948,313.1,1.1,1,2016-05-05,15:40,T,81,5.0       ,297.7,13.9
15.753,98.173,312.8,1.1,1,2016-05-05,15:40,T,80,5.0       ,298,13.2
15.811,98.317,317.5,1,1,2016-05-05,15:40,T,94,5.0       ,297.2,18.7
15.809,98.307,313.5,1,1,2016-05-05,15:40,T,82,5.0       ,296.7,14.2
16.335,101.377,305.3,1.1,1,2016-05-05,15:40,T,18,5.0       ,295,6.9
15.844,97.863,311.1,1.1,1,2016-05-05,15:40,T,74,5.0       ,298.6,11.7
1.495,127.639,306.8,1.2,1.1,2016-05-05,16:55,A,49,5.0       ,289.7,13.1
16.139,99.552,311.5,1,1,2016-05-05,15:40,T,75,5.0       ,298.9,10.1
16.393,100.644,311.3,1,1,2016-05-05,15:40,T,75,5.0       ,299.8,8.7
16.872,102.461,313.4,1.2,1.1,2016-05-05,15:40,T,82,5.0       ,295,15
16.882,102.459,308.4,1.2,1.1,2016-05-05,15:40,T,60,5.0       ,295.5,7.9
16.469,98.526,307.5,1,1,2016-05-05,15:40,T,55,5.0       ,297.3,7.9
16.494,98.506,309.5,1,1,2016-05-05,15:40,T,67,5.0       ,296.9,9.5
16.647,99.502,315.7,1,1,2016-05-05,15:40,T,89,5.0       ,300.4,13.1
16.565,98.429,308.8,1,1,2016-05-05,15:40,T,56,5.0       ,297.4,9.5
16.592,98.169,315.6,1,1,2016-05-05,15:40,T,89,5.0       ,298.2,15.1
16.602,98.177,314.2,1,1,2016-05-05,15:40,T,84,5.0       ,298.6,13.5
16.601,98.168,349.5,1,1,2016-05-05,15:40,T,100,5.0       ,298.8,72.5
16.652,98.332,309.5,1,1,2016-05-05,15:40,T,66,5.0       ,296.4,10
16.467,94.774,308,1.6,1.2,2016-05-05,15:40,T,58,5.0       ,296.4,17
17.017,98.18,307.3,1,1,2016-05-05,15:40,T,53,5.0       ,295.5,9.5
17.614,100.364,318.2,1,1,2016-05-05,15:40,T,95,5.0       ,297.5,17
17.953,99.689,306.6,1,1,2016-05-05,15:40,T,46,5.0       ,295.8,6
18.708,100.232,309.5,1,1,2016-05-05,15:40,T,67,5.0       ,296.5,7.6
18.707,100.222,307.6,1,1,2016-05-05,15:40,T,56,5.0       ,296.1,6.1
18.637,94.649,307.8,1.5,1.2,2016-05-05,15:40,T,56,5.0       ,293.4,17.2
19.964,102.542,327.5,1.4,1.2,2016-05-05,15:40,T,100,5.0       ,294.2,50.5
19.963,102.528,305.1,1.4,1.2,2016-05-05,15:40,T,20,5.0       ,293.9,10.7
19.079,95.999,307.4,1.2,1.1,2016-05-05,15:40,T,54,5.0       ,296.7,7.8
19.666,99.177,309.1,1,1,2016-05-05,15:40,T,62,5.0       ,295.1,9.6
20.324,104.167,315.4,1.8,1.3,2016-05-05,15:40,T,88,5.0       ,292.9,42.4
20.321,104.179,307.3,1.8,1.3,2016-05-05,15:40,T,46,5.0       ,292.5,23.4
20.32,104.163,308.8,1.8,1.3,2016-05-05,15:40,T,63,5.0       ,292.8,26.2
19.693,94.055,306.4,1.6,1.2,2016-05-05,15:40,T,44,5.0       ,294.9,14.6
19.808,93.92,309.9,1.6,1.2,2016-05-05,15:40,T,68,5.0       ,295,20.1
19.808,93.915,308.3,1.6,1.2,2016-05-05,15:40,T,60,5.0       ,294.8,18.2
14.885,108.873,306.4,1,1,2016-05-05,18:30,A,45,5.0       ,291.3,8
0.723,102.86,309.7,1.2,1.1,2016-05-05,18:30,A,67,5.0       ,281.7,16.8
27.836,112.896,327.7,1,1,2016-05-05,18:25,A,100,5.0       ,292.7,34
27.816,112.903,307.9,1,1,2016-05-05,18:25,A,57,5.0       ,293.3,10.2
23.673,115.815,310.3,1.7,1.3,2016-05-05,18:25,A,70,5.0       ,289.3,37.3
20.324,104.182,305.8,1.8,1.3,2016-05-05,18:25,A,37,5.0       ,290.8,22.7
20.328,104.177,305.2,1.8,1.3,2016-05-05,18:25,A,23,5.0       ,290.6,22.8
21.697,100.382,308.4,1.1,1,2016-05-05,15:40,T,60,5.0       ,289.1,15.5
21.884,99.384,309.8,1,1,2016-05-05,15:40,T,68,5.0       ,289.6,15.4
21.918,99.572,307.7,1,1,2016-05-05,15:40,T,56,5.0       ,291.6,12.1
21.917,99.562,309.4,1,1,2016-05-05,15:40,T,66,5.0       ,291.7,13.7
23.599,100.262,314,1.1,1.1,2016-05-05,15:40,T,84,5.0       ,290.8,22
24.243,99.021,305.4,1,1,2016-05-05,15:40,T,28,5.0       ,291.8,9.7
0.715,102.861,324,1,1,2016-05-05,15:35,T,100,5.0       ,278.6,28.9
0.713,102.852,307.2,1,1,2016-05-05,15:35,T,52,5.0       ,274.8,11
1.829,104.101,306,1.1,1,2016-05-05,15:35,T,35,5.0       ,287.6,9.6
2.835,103.346,314,1,1,2016-05-05,15:35,T,60,5.0       ,289.3,17.5
2.905,103.385,305.3,1,1,2016-05-05,15:35,T,26,5.0       ,283.1,9
3.008,102.614,305.7,1,1,2016-05-05,15:35,T,35,5.0       ,286,7.3
3.142,103.236,307.7,1,1,2016-05-05,15:35,T,36,5.0       ,291.5,7.8
3.505,102.424,311.1,1,1,2016-05-05,15:35,T,73,5.0       ,279.3,14.5
5.542,101.994,306.5,1,1,2016-05-05,15:35,T,46,5.0       ,288.6,8.3
5.806,102.494,319.8,1,1,2016-05-05,15:35,T,99,5.0       ,290.2,21.4
5.934,102.417,306.8,1,1,2016-05-05,15:35,T,23,5.0       ,291.7,6.5
6.056,101.92,311.6,1,1,2016-05-05,15:35,T,76,5.0       ,288.4,13.3
6.059,101.874,309.2,1,1,2016-05-05,15:35,T,65,5.0       ,284.8,11.7
6.551,101.71,306,1,1,2016-05-05,15:35,T,39,5.0       ,291.1,6.7
26.574,101.665,310.1,1.5,1.2,2016-05-05,15:45,T,69,5.0       ,294.5,19.6