latitude,longitude,brightness,scan,track,acq_date,acq_time,satellite,confidence,version,bright_t31,frp
-6.076,145.881,319.9,3.6,1.8,2016-08-16,00:05,T,56,5.0       ,290.3,110.8
-6.398,146.233,313.8,3.4,1.7,2016-08-16,00:05,T,50,5.0       ,291.4,53.4
-11.067,132.517,318,1.3,1.1,2016-08-16,01:45,T,0,5.0       ,306.1,13.3
-11.099,132.531,322.7,1.3,1.1,2016-08-16,01:45,T,0,5.0       ,306.8,13.4
-10.231,123.687,315.2,1.9,1.4,2016-08-16,01:45,T,63,5.0       ,301.5,21.1
-10.234,123.68,314.3,1.9,1.4,2016-08-16,01:45,T,60,5.0       ,300.9,19.3
-11.391,131.161,337,1.1,1,2016-08-16,01:45,T,88,5.0       ,308,36
-11.411,131.168,326.9,1.1,1,2016-08-16,01:45,T,56,5.0       ,309.1,17.2
-11.412,131.178,333.7,1.1,1,2016-08-16,01:45,T,86,5.0       ,307.2,30.2
-11.422,131.177,334.6,1.1,1,2016-08-16,01:45,T,86,5.0       ,308.7,30.6
-11.684,133.086,325.3,1.4,1.2,2016-08-16,01:45,T,71,5.0       ,309.3,22.6
-11.431,131.175,333.3,1.1,1,2016-08-16,01:45,T,85,5.0       ,309.8,28.2
-11.743,133.086,322.7,1.4,1.2,2016-08-16,01:45,T,52,5.0       ,309,15
-11.431,130.59,328.9,1.1,1,2016-08-16,01:45,T,70,5.0       ,303.7,25.8
-11.448,130.577,329.4,1.1,1,2016-08-16,01:45,T,68,5.0       ,304.5,24.4
-11.53,131.155,349,1.1,1,2016-08-16,01:45,T,95,5.0       ,310,58.4
-11.531,131.165,364.4,1.1,1,2016-08-16,01:45,T,100,5.0       ,311.4,105.5
-11.533,131.176,325.2,1.1,1,2016-08-16,01:45,T,41,5.0       ,306,12.7
-11.454,130.557,324.8,1.1,1,2016-08-16,01:45,T,73,5.0       ,304.3,19
-11.455,130.566,325.3,1.1,1,2016-08-16,01:45,T,67,5.0       ,304.7,19.5
-11.542,131.174,334.2,1.1,1,2016-08-16,01:45,T,86,5.0       ,310.1,27.7
-11.544,131.184,325.1,1.1,1.1,2016-08-16,01:45,T,56,5.0       ,307.1,13
-11.564,131.226,326.3,1.1,1.1,2016-08-16,01:45,T,67,5.0       ,306.6,18.5
-11.594,131.16,325,1.1,1,2016-08-16,01:45,T,78,5.0       ,308.4,12.3
-11.595,131.17,328.1,1.1,1.1,2016-08-16,01:45,T,81,5.0       ,308.5,17.4
-11.664,130.941,326.2,1.1,1,2016-08-16,01:45,T,65,5.0       ,309.3,16.5
-11.674,130.939,331.3,1.1,1,2016-08-16,01:45,T,70,5.0       ,308.2,22.9
-11.683,130.938,323.1,1.1,1,2016-08-16,01:45,T,24,5.0       ,307.6,9.7
-11.617,130.225,330.7,1,1,2016-08-16,01:45,T,79,5.0       ,306.2,27.8
-11.649,130.316,324.4,1,1,2016-08-16,01:45,T,43,5.0       ,311,10.4
-11.784,130.937,340.5,1.1,1,2016-08-16,01:45,T,90,5.0       ,306.4,45.5
-11.786,130.947,351.9,1.1,1,2016-08-16,01:45,T,96,5.0       ,307.5,71.3
-11.787,130.957,398.1,1.1,1,2016-08-16,01:45,T,100,5.0       ,315.9,265.6
-11.789,130.967,338,1.1,1,2016-08-16,01:45,T,89,5.0       ,309.2,37.6
-11.798,130.966,340.1,1.1,1,2016-08-16,01:45,T,90,5.0       ,309.7,41.6
-11.799,130.976,338,1.1,1,2016-08-16,01:45,T,89,5.0       ,308.5,36.8
-11.781,130.732,319.7,1.1,1,2016-08-16,01:45,T,35,5.0       ,307.7,10.5
-11.817,130.988,326.7,1.1,1,2016-08-16,01:45,T,77,5.0       ,307,19
-11.818,130.998,323,1.1,1,2016-08-16,01:45,T,71,5.0       ,305.8,14.1
28.088,113.046,325.5,1,1,2016-08-16,03:15,T,51,5.0       ,304.5,11.5
28.079,113.044,325.3,1,1,2016-08-16,03:15,T,67,5.0       ,303.4,11.4
27.799,114.869,327.7,1.1,1,2016-08-16,03:15,T,37,5.0       ,305,18.8
27.502,116.636,324.5,1.3,1.1,2016-08-16,03:15,T,78,5.0       ,306.6,19.9
27.666,114.013,321,1,1,2016-08-16,03:15,T,60,5.0       ,303.8,11.3
27.815,112.895,324.1,1,1,2016-08-16,03:15,T,0,5.0       ,301.8,16.3
27.813,112.905,324,1,1,2016-08-16,03:15,T,0,5.0       ,300.8,14.5
27.323,115.426,322.8,1.1,1.1,2016-08-16,03:15,T,52,5.0       ,305.3,15.6
27.413,114.685,325.3,1.1,1,2016-08-16,03:15,T,55,5.0       ,304.9,17.1
27.291,115.443,323.1,1.1,1.1,2016-08-16,03:15,T,76,5.0       ,304.1,15.9
27.289,115.454,319.1,1.1,1.1,2016-08-16,03:15,T,43,5.0       ,302.4,10.4
27.2,114.685,316.4,1.1,1,2016-08-16,03:15,T,66,5.0       ,301.6,9
27.45,112.162,321.4,1,1,2016-08-16,03:15,T,42,5.0       ,303.4,11.3
26.958,114.921,323.7,1.1,1,2016-08-16,03:15,T,66,5.0       ,303.7,15.3
26.956,114.931,327.6,1.1,1,2016-08-16,03:15,T,81,5.0       ,303.2,20.5
26.949,114.919,326.4,1.1,1,2016-08-16,03:15,T,74,5.0       ,302.1,19.2
27.037,114.312,321.2,1,1,2016-08-16,03:15,T,62,5.0       ,302,13.5
26.855,114.928,325,1.1,1,2016-08-16,03:15,T,29,5.0       ,302.4,15.2
26.849,114.92,322,1.1,1,2016-08-16,03:15,T,19,5.0       ,302.5,11.7
26.847,114.931,321.6,1.1,1,2016-08-16,03:15,T,35,5.0       ,302.3,11.3
26.795,114.898,322.5,1.1,1,2016-08-16,03:15,T,39,5.0       ,303.4,11.6
26.415,115.465,313.5,1.2,1.1,2016-08-16,03:15,T,28,5.0       ,297.6,6.9
26.376,114.631,319.2,1.1,1,2016-08-16,03:15,T,71,5.0       ,299.9,13.1
24.778,113.513,323.2,1,1,2016-08-16,03:15,T,42,5.0       ,298.9,14.6
24.763,113.494,320.7,1,1,2016-08-16,03:15,T,69,5.0       ,298.3,14.3
24.743,113.563,317.9,1,1,2016-08-16,03:15,T,38,5.0       ,296,10.7
23.988,111.704,316.5,1,1,2016-08-16,03:15,T,66,5.0       ,297.9,7.6
23.526,111.326,316.6,1,1,2016-08-16,03:15,T,45,5.0       ,296.3,8.6
22.934,113.256,315.5,1,1,2016-08-16,03:15,T,38,5.0       ,287.6,7.9
12.621,109.092,333,1,1,2016-08-16,03:15,T,85,5.0       ,302.9,25.1
13.235,103.977,315,1.9,1.4,2016-08-16,03:15,T,47,5.0       ,293.3,20.3
30.97,116.91,319.1,1.2,1.1,2016-08-16,03:10,T,51,5.0       ,302.5,12.2
30.328,120.304,322.4,1.9,1.3,2016-08-16,03:10,T,71,5.0       ,302,31.4
30.839,116.88,319.2,1.2,1.1,2016-08-16,03:10,T,52,5.0       ,302.7,12.3
30.311,119.788,315,1.8,1.3,2016-08-16,03:10,T,62,5.0       ,299.3,19.9
30.262,119.851,317.5,1.8,1.3,2016-08-16,03:10,T,61,5.0       ,300.2,24.4
30.723,117.191,318.7,1.2,1.1,2016-08-16,03:10,T,62,5.0       ,301.8,13
30.862,116.305,316.8,1.1,1.1,2016-08-16,03:10,T,46,5.0       ,301.9,10
29.756,121.867,313.5,2.5,1.5,2016-08-16,03:10,T,0,5.0       ,297.2,28.4
30.011,119.959,319.3,1.8,1.3,2016-08-16,03:10,T,20,5.0       ,300.5,26.5
30.876,113.961,319.6,1,1,2016-08-16,03:10,T,36,5.0       ,302.9,8.9
30.746,114.584,320.5,1,1,2016-08-16,03:10,T,28,5.0       ,302.3,8.2
30.055,118.56,319.8,1.5,1.2,2016-08-16,03:10,T,61,5.0       ,300.7,25.2
30.656,114.867,323.3,1,1,2016-08-16,03:10,T,52,5.0       ,303.3,11.5
30.723,114.371,322,1,1,2016-08-16,03:10,T,32,5.0       ,303.1,10.9
29.901,118.448,321.8,1.5,1.2,2016-08-16,03:10,T,56,5.0       ,302.3,21.1
29.898,118.463,319.7,1.5,1.2,2016-08-16,03:10,T,31,5.0       ,301.6,17.6
30.162,116.116,322.4,1.1,1.1,2016-08-16,03:10,T,33,5.0       ,303.3,13.3
29.794,118.255,321.3,1.4,1.2,2016-08-16,03:10,T,43,5.0       ,302.6,16.7
30.487,113.66,322.9,1,1,2016-08-16,03:10,T,42,5.0       ,303,10
30.489,113.523,322.1,1,1,2016-08-16,03:10,T,75,5.0       ,304.1,13.4
30.259,115.043,325.6,1,1,2016-08-16,03:10,T,0,5.0       ,305.9,11
30.354,114.369,320.2,1,1,2016-08-16,03:10,T,61,5.0       ,303.2,8.3
30.189,115.43,321.1,1.1,1,2016-08-16,03:10,T,32,5.0       ,303,10.3
30.212,114.811,320.3,1,1,2016-08-16,03:10,T,56,5.0       ,304,9.1
30.137,114.94,328.3,1,1,2016-08-16,03:10,T,38,5.0       ,306.5,12.6
29.848,116.418,324.7,1.2,1.1,2016-08-16,03:10,T,63,5.0       ,302.4,16.3
29.751,116.3,320.7,1.1,1.1,2016-08-16,03:10,T,47,5.0       ,302.9,9.6
29.786,116.034,320.9,1.1,1.1,2016-08-16,03:10,T,27,5.0       ,302.1,10.2
29.986,114.724,319.2,1,1,2016-08-16,03:10,T,42,5.0       ,303.7,9.3
29.854,115.441,318.1,1.1,1,2016-08-16,03:10,T,0,5.0       ,302.6,9.6
29.814,115.625,323.7,1.1,1,2016-08-16,03:10,T,72,5.0       ,302.2,13.1
29.877,115.18,324.7,1,1,2016-08-16,03:10,T,20,5.0       ,304.6,11.1
29.769,115.746,324.3,1.1,1,2016-08-16,03:10,T,70,5.0       ,304.4,13.9
29.836,115.21,321.2,1,1,2016-08-16,03:10,T,44,5.0       ,303.4,9.9
29.721,115.863,326.1,1.1,1,2016-08-16,03:10,T,0,5.0       ,304,20.3
29.719,115.874,321.4,1.1,1,2016-08-16,03:10,T,0,5.0       ,303.3,12.9
30.129,112.947,319.5,1,1,2016-08-16,03:10,T,71,5.0       ,303,10.9
30.127,112.958,318.8,1,1,2016-08-16,03:10,T,70,5.0       ,302.6,9.8
29.731,115.403,315,1.1,1,2016-08-16,03:10,T,63,5.0       ,300.7,7.6
29.402,117.146,319.6,1.3,1.1,2016-08-16,03:10,T,71,5.0       ,303.6,15
29.677,114.687,320.1,1,1,2016-08-16,03:10,T,64,5.0       ,304.7,10.4
30.395,108.202,319.5,1.7,1.3,2016-08-16,03:10,T,68,5.0       ,298.6,24.8
28.233,121.394,313.9,2.5,1.5,2016-08-16,03:10,T,0,5.0       ,296.8,46.3
29.24,115.799,322.9,1.1,1,2016-08-16,03:10,T,34,5.0       ,305.4,12.1
28.986,116.929,322.3,1.3,1.1,2016-08-16,03:10,T,52,5.0       ,305.5,14.5
28.918,117.141,321.4,1.3,1.1,2016-08-16,03:10,T,64,5.0       ,305.2,15.2
29.134,115.759,325.1,1.1,1,2016-08-16,03:10,T,51,5.0       ,305.1,15.9
29.117,115.772,327.1,1.1,1.1,2016-08-16,03:10,T,72,5.0       ,304.4,19.1
29.108,115.77,321.6,1.1,1.1,2016-08-16,03:10,T,50,5.0       ,303.4,11.7
29.106,115.781,321.1,1.1,1.1,2016-08-16,03:10,T,53,5.0       ,304.1,11.3
29.238,113.807,317.6,1,1,2016-08-16,03:10,T,68,5.0       ,304.3,9.1
29.033,114.611,319,1,1,2016-08-16,03:10,T,26,5.0       ,302.3,9.2
29.031,114.621,322.8,1,1,2016-08-16,03:10,T,72,5.0       ,302,14.5
28.874,115.593,325.3,1.1,1,2016-08-16,03:10,T,57,5.0       ,303.2,17.8
28.869,115.627,334.4,1.1,1,2016-08-16,03:10,T,78,5.0       ,303.7,29.2
28.862,115.631,324.3,1.1,1,2016-08-16,03:10,T,77,5.0       ,303,17.1
29.025,114.539,318.9,1,1,2016-08-16,03:10,T,36,5.0       ,303.4,8.7
28.856,115.607,330.1,1.1,1,2016-08-16,03:10,T,32,5.0       ,303.9,23
28.859,115.357,324.4,1.1,1,2016-08-16,03:10,T,57,5.0       ,303.7,15.4
28.773,115.879,324.1,1.1,1.1,2016-08-16,03:10,T,39,5.0       ,303.7,11.4
28.818,115.372,321.3,1.1,1,2016-08-16,03:10,T,65,5.0       ,304.5,12.6
28.811,115.375,320,1.1,1,2016-08-16,03:10,T,72,5.0       ,303.9,13
29.188,112.634,319.7,1,1,2016-08-16,03:10,T,72,5.0       ,303.8,10.3
28.677,115.841,324.3,1.1,1.1,2016-08-16,03:10,T,65,5.0       ,304.3,12.6
28.651,115.883,326.9,1.1,1.1,2016-08-16,03:10,T,48,5.0       ,306.2,15.1
28.708,115.382,322.3,1.1,1,2016-08-16,03:10,T,70,5.0       ,302.6,13.5
28.622,115.906,327.3,1.1,1.1,2016-08-16,03:10,T,22,5.0       ,307.7,14.7
28.643,115.723,321.2,1.1,1.1,2016-08-16,03:10,T,68,5.0       ,302.8,11.9
28.641,115.734,323.3,1.1,1.1,2016-08-16,03:10,T,76,5.0       ,303.4,14.9
28.603,115.961,329.8,1.1,1.1,2016-08-16,03:10,T,46,5.0       ,307.4,16.5
28.455,116.841,322.7,1.3,1.1,2016-08-16,03:10,T,46,5.0       ,306.7,15.8
28.453,116.853,323.3,1.3,1.1,2016-08-16,03:10,T,57,5.0       ,307,18.6
28.335,117.232,324.1,1.3,1.1,2016-08-16,03:10,T,52,5.0       ,306.7,17.7
28.528,116.005,322.6,1.2,1.1,2016-08-16,03:10,T,71,5.0       ,305.1,14
27.978,118.546,316.3,1.6,1.3,2016-08-16,03:10,T,41,5.0       ,302.2,17.8
27.978,118.54,318.8,1.6,1.3,2016-08-16,03:10,T,67,5.0       ,303.5,24
28.621,114.467,320.7,1,1,2016-08-16,03:10,T,73,5.0       ,303.2,14
27.923,118.527,318.3,1.6,1.3,2016-08-16,03:10,T,60,5.0       ,302.9,20.6
28.777,113.253,319.9,1,1,2016-08-16,03:10,T,72,5.0       ,303,10.3
28.191,116.582,324.8,1.2,1.1,2016-08-16,03:10,T,35,5.0       ,306.5,19
28.189,116.594,327.6,1.2,1.1,2016-08-16,03:10,T,68,5.0       ,306.9,25
28.179,116.592,323.4,1.2,1.1,2016-08-16,03:10,T,29,5.0       ,305.8,17.4
28.199,115.727,326,1.1,1.1,2016-08-16,03:10,T,66,5.0       ,306.5,13.7
28.331,114.842,325.6,1.1,1,2016-08-16,03:10,T,71,5.0       ,304,19.1
28.229,115.479,320.9,1.1,1,2016-08-16,03:10,T,58,5.0       ,304.4,10.8
28.286,115.008,321.1,1.1,1,2016-08-16,03:10,T,46,5.0       ,302.9,11.6
28.073,116.304,321.7,1.2,1.1,2016-08-16,03:10,T,74,5.0       ,307.2,15.5
27.759,118.03,317.1,1.5,1.2,2016-08-16,03:10,T,47,5.0       ,301.3,18.4
28.266,115.015,325.2,1.1,1,2016-08-16,03:10,T,75,5.0       ,303,16.4
28.258,114.948,324.5,1.1,1,2016-08-16,03:10,T,77,5.0       ,302.5,16.8
28.256,114.958,318.2,1.1,1,2016-08-16,03:10,T,39,5.0       ,300.8,8.4
28.103,115.777,323.7,1.1,1.1,2016-08-16,03:10,T,42,5.0       ,305.2,15.9
28.141,115.512,320,1.1,1.1,2016-08-16,03:10,T,72,5.0       ,304.4,12.3
28.063,115.461,325.5,1.1,1,2016-08-16,03:10,T,20,5.0       ,304.4,17.3
28.056,115.465,323.5,1.1,1,2016-08-16,03:10,T,72,5.0       ,303.1,14.9
28.418,112.99,318.3,1,1,2016-08-16,03:10,T,57,5.0       ,301.7,9.9
28.446,112.473,318.8,1,1,2016-08-16,03:10,T,57,5.0       ,302.7,9.3
3.152,113.098,314,1.9,1.3,2016-08-16,03:20,T,39,5.0       ,294,19.9
2.642,112.51,316.4,1.7,1.3,2016-08-16,03:20,T,50,5.0       ,296.9,21.7
2.602,111.781,315.7,1.5,1.2,2016-08-16,03:20,T,60,5.0       ,298.7,18.4
2.6,111.795,314.8,1.5,1.2,2016-08-16,03:20,T,44,5.0       ,298.1,16.5
2.459,111.672,335.7,1.5,1.2,2016-08-16,03:20,T,87,5.0       ,299.4,60.6
2.457,111.685,344,1.5,1.2,2016-08-16,03:20,T,92,5.0       ,298.6,88.8
2.453,111.643,326.9,1.5,1.2,2016-08-16,03:20,T,41,5.0       ,298.5,33.1
2.45,111.657,336.5,1.5,1.2,2016-08-16,03:20,T,88,5.0       ,298,61.1
2.455,111.678,341.2,1.5,1.2,2016-08-16,03:20,T,91,5.0       ,299.2,78.3
2.448,111.65,339.1,1.5,1.2,2016-08-16,03:20,T,89,5.0       ,297.6,68.5
3.224,103.363,311.1,1.5,1.2,2016-08-16,03:20,T,35,5.0       ,276.9,21.8
1.911,109.409,321.9,1.1,1.1,2016-08-16,03:20,T,74,5.0       ,298.1,16.7
1.91,109.419,316,1.1,1.1,2016-08-16,03:20,T,65,5.0       ,297.2,9.5
1.449,109.124,325.1,1.1,1,2016-08-16,03:20,T,78,5.0       ,300.1,19.5
1.448,109.134,318.6,1.1,1,2016-08-16,03:20,T,33,5.0       ,298.3,9.6
1.406,109.158,342.2,1.1,1,2016-08-16,03:20,T,91,5.0       ,300.6,52.6
1.382,109.124,318.3,1.1,1,2016-08-16,03:20,T,35,5.0       ,299.7,9.7
1.338,109.121,316.4,1.1,1,2016-08-16,03:20,T,66,5.0       ,298.7,9.5
1.2,109.723,315.8,1.2,1.1,2016-08-16,03:20,T,64,5.0       ,293.4,12.8
1.199,109.733,315.4,1.2,1.1,2016-08-16,03:20,T,46,5.0       ,293.5,11.9
1.178,109.741,329,1.2,1.1,2016-08-16,03:20,T,82,5.0       ,293.7,31
1.171,109.702,351,1.2,1.1,2016-08-16,03:20,T,96,5.0       ,293.5,84.4
1.163,109.754,328.4,1.2,1.1,2016-08-16,03:20,T,69,5.0       ,293.8,29.7
1.161,109.765,334.8,1.2,1.1,2016-08-16,03:20,T,86,5.0       ,294.1,43.3
1.153,109.753,320.6,1.2,1.1,2016-08-16,03:20,T,43,5.0       ,293.1,16.9
1.152,109.763,328,1.2,1.1,2016-08-16,03:20,T,81,5.0       ,293.4,30.5
1.107,109.8,313.6,1.2,1.1,2016-08-16,03:20,T,43,5.0       ,295.2,9.3
1.027,109.099,315.2,1.1,1,2016-08-16,03:20,T,28,5.0       ,297.7,7.8
0.736,102.692,316.1,1.6,1.2,2016-08-16,03:20,T,64,5.0       ,297.1,20.3
0.681,102.838,315.1,1.5,1.2,2016-08-16,03:20,T,63,5.0       ,297.4,19.1
-0.541,110.16,324.7,1.3,1.1,2016-08-16,03:20,T,78,5.0       ,276.8,46
-0.499,109.228,316.8,1.2,1.1,2016-08-16,03:20,T,67,5.0       ,297.7,12.5
0.542,102.067,319.4,1.7,1.3,2016-08-16,03:20,T,53,5.0       ,298.5,30.4
0.54,102.082,318.4,1.7,1.3,2016-08-16,03:20,T,53,5.0       ,297.6,28.8
0.487,102.043,319.5,1.7,1.3,2016-08-16,03:20,T,44,5.0       ,298.5,28.2
0.475,102.042,318,1.7,1.3,2016-08-16,03:20,T,36,5.0       ,297.7,24.5
0.211,102.834,315.5,1.5,1.2,2016-08-16,03:20,T,29,5.0       ,297.5,16.6
0.209,102.847,316.9,1.5,1.2,2016-08-16,03:20,T,67,5.0       ,297.8,21.4
0.16,102.4,318.1,1.6,1.2,2016-08-16,03:20,T,69,5.0       ,296.9,27.3
0.091,102.878,312.2,1.5,1.2,2016-08-16,03:20,T,32,5.0       ,295.1,14.4
0.023,103.086,315.3,1.4,1.2,2016-08-16,03:20,T,48,5.0       ,296.8,16.3
0.01,102.007,317.2,1.7,1.3,2016-08-16,03:20,T,22,5.0       ,296.6,22.1
-0.318,103.159,311.9,1.4,1.2,2016-08-16,03:20,T,40,5.0       ,292.3,10.7
-0.919,103.091,316.3,1.4,1.2,2016-08-16,03:20,T,59,5.0       ,297,17.5
-1.408,103.628,320.8,1.3,1.1,2016-08-16,03:20,T,47,5.0       ,300.1,17.4
-1.914,105.565,319.6,1,1,2016-08-16,03:20,T,71,5.0       ,298.8,11.7
-1.968,104.307,316.6,1.1,1.1,2016-08-16,03:20,T,48,5.0       ,299.6,12.2
-2.682,105.339,322.3,1,1,2016-08-16,03:20,T,44,5.0       ,300.5,17.3
-2.852,105.498,313.2,1,1,2016-08-16,03:20,T,43,5.0       ,297.2,8.1
-3.465,102.535,316.5,1.4,1.2,2016-08-16,03:20,T,42,5.0       ,298.8,15.1
-6.826,108.626,311.9,1.3,1.1,2016-08-16,03:20,T,51,5.0       ,289.5,10
-11.689,133.084,345.8,1.3,1.1,2016-08-16,04:35,A,93,5.0       ,312.2,65.9
-11.691,133.072,327,1.3,1.1,2016-08-16,04:35,A,72,5.0       ,312.9,16.7
-11.697,133.024,342.6,1.3,1.1,2016-08-16,04:35,A,91,5.0       ,313.7,58.1
-11.699,133.012,352.7,1.3,1.1,2016-08-16,04:35,A,96,5.0       ,314.5,91.8
-11.82,130.977,324.8,1.9,1.3,2016-08-16,04:35,A,72,5.0       ,310.6,28.6
-11.786,130.956,333.1,1.9,1.3,2016-08-16,04:35,A,85,5.0       ,310.7,57.9
-11.788,130.939,332,1.9,1.3,2016-08-16,04:35,A,84,5.0       ,310.8,57.1
-11.791,130.922,324.9,1.9,1.3,2016-08-16,04:35,A,58,5.0       ,307.6,34
-11.776,130.938,361.9,1.9,1.3,2016-08-16,04:35,A,100,5.0       ,310.9,217.6
-11.778,130.921,375.3,1.9,1.3,2016-08-16,04:35,A,100,5.0       ,311,329.7
-11.785,130.762,321,1.9,1.4,2016-08-16,04:35,A,62,5.0       ,308.1,25.2
-11.781,130.949,336.3,1.9,1.3,2016-08-16,04:35,A,87,5.0       ,309.9,72.9
-11.783,130.932,360.1,1.9,1.3,2016-08-16,04:35,A,100,5.0       ,312.9,206
-11.785,130.915,337.1,1.9,1.3,2016-08-16,04:35,A,88,5.0       ,308.1,83.5
-11.771,130.93,351.4,1.9,1.3,2016-08-16,04:35,A,96,5.0       ,308.8,154
-11.773,130.913,327.7,1.9,1.3,2016-08-16,04:35,A,81,5.0       ,304.6,49.1
-11.791,130.774,319.1,1.9,1.4,2016-08-16,04:35,A,67,5.0       ,308.7,21.2
-11.781,130.555,319.7,2,1.4,2016-08-16,04:35,A,49,5.0       ,307.8,25.8
-11.676,131.205,322,1.8,1.3,2016-08-16,04:35,A,34,5.0       ,309.5,21.1
-11.685,130.936,324.5,1.9,1.3,2016-08-16,04:35,A,36,5.0       ,310.3,29.2
-11.673,130.935,327.4,1.9,1.3,2016-08-16,04:35,A,63,5.0       ,310.4,40.3
-11.68,130.93,328.7,1.9,1.3,2016-08-16,04:35,A,78,5.0       ,310.9,45.7
-11.603,131.157,332.5,1.8,1.3,2016-08-16,04:35,A,85,5.0       ,311.3,48
-11.426,132.451,347.6,1.4,1.2,2016-08-16,04:35,A,94,5.0       ,311.8,85
-11.416,132.45,338.6,1.4,1.2,2016-08-16,04:35,A,89,5.0       ,310.1,57.4
-11.417,132.436,332.9,1.4,1.2,2016-08-16,04:35,A,85,5.0       ,306.9,42.9
-11.571,131.219,327.3,1.8,1.3,2016-08-16,04:35,A,80,5.0       ,309.4,33.2
-11.545,131.176,331.8,1.8,1.3,2016-08-16,04:35,A,84,5.0       ,310.3,44.7
-11.535,131.158,332.4,1.8,1.3,2016-08-16,04:35,A,85,5.0       ,310.8,45.4
-11.442,131.174,325.2,1.8,1.3,2016-08-16,04:35,A,68,5.0       ,310.3,31.4
-11.43,131.172,331.8,1.8,1.3,2016-08-16,04:35,A,80,5.0       ,311.3,51.1
-11.419,131.171,335.6,1.8,1.3,2016-08-16,04:35,A,82,5.0       ,310.7,64.5
-11.407,131.169,347.9,1.8,1.3,2016-08-16,04:35,A,94,5.0       ,309.5,121.1
-11.409,131.153,325.5,1.8,1.3,2016-08-16,04:35,A,66,5.0       ,310.4,29.2
-11.395,131.168,323.2,1.8,1.3,2016-08-16,04:35,A,49,5.0       ,307.2,26
-11.397,131.152,331.4,1.8,1.3,2016-08-16,04:35,A,84,5.0       ,310.3,51.2
-11.385,131.15,332.5,1.8,1.3,2016-08-16,04:35,A,82,5.0       ,309.8,54.4
-11.457,130.569,328,2,1.4,2016-08-16,04:35,A,81,5.0       ,306.2,58.1
-11.459,130.551,338.8,2,1.4,2016-08-16,04:35,A,89,5.0       ,307.3,103.3
-11.442,130.585,317.3,2,1.4,2016-08-16,04:35,A,28,5.0       ,304.4,23.3
-11.388,131.16,329,1.8,1.3,2016-08-16,04:35,A,76,5.0       ,308.6,44.5
-11.39,131.144,325.8,1.8,1.3,2016-08-16,04:35,A,54,5.0       ,310.5,32.6
-11.466,130.563,319.9,2,1.4,2016-08-16,04:35,A,37,5.0       ,305.3,30
-11.378,131.142,324.1,1.8,1.3,2016-08-16,04:35,A,67,5.0       ,309.5,27.5
-11.451,130.58,323.2,2,1.4,2016-08-16,04:35,A,49,5.0       ,304.2,39.9
-11.453,130.562,328,2,1.4,2016-08-16,04:35,A,74,5.0       ,307.9,57.5
-11.456,130.544,325.9,2,1.4,2016-08-16,04:35,A,41,5.0       ,305.2,44.5
-11.461,130.204,335.7,2.1,1.4,2016-08-16,04:35,A,82,5.0       ,306.1,99.2
-11.369,130.836,317.6,1.9,1.3,2016-08-16,04:35,A,42,5.0       ,305.9,23.5
-11.138,132.551,321.9,1.4,1.2,2016-08-16,04:35,A,58,5.0       ,305.9,18.7
-11.294,131.147,327.3,1.8,1.3,2016-08-16,04:35,A,48,5.0       ,308.9,40.2
-11.086,132.577,325,1.4,1.2,2016-08-16,04:35,A,37,5.0       ,306.7,24.5
-7.675,131.029,314.2,1.6,1.2,2016-08-16,04:35,A,0,5.0       ,298.8,20.6
-4.158,143.405,310.6,3.3,1.7,2016-08-16,04:35,A,39,5.0       ,287.4,32.7
-3.928,142.942,313.2,3,1.7,2016-08-16,04:35,A,43,5.0       ,286.7,52
28.215,113.308,325.3,1,1,2016-08-16,03:15,T,61,5.0       ,305.4,13.1
28.272,112.66,321.8,1,1,2016-08-16,03:15,T,42,5.0       ,304,10.3
27.688,116.272,321,1.2,1.1,2016-08-16,03:15,T,34,5.0       ,305.4,13.7
27.686,116.284,319.7,1.2,1.1,2016-08-16,03:15,T,21,5.0       ,304.5,11.6
27.595,116.636,324.1,1.3,1.1,2016-08-16,03:15,T,59,5.0       ,306,18.8
27.79,115.335,322.1,1.1,1,2016-08-16,03:15,T,62,5.0       ,305.2,13.7
27.788,115.346,321.6,1.1,1,2016-08-16,03:15,T,68,5.0       ,304.3,13
27.586,116.269,317.2,1.2,1.1,2016-08-16,03:15,T,67,5.0       ,303.5,12.4
30.999,120.704,317.4,2,1.4,2016-08-16,03:10,T,45,5.0       ,300.1,20.8
26.33,127.852,318.3,1,1,2016-08-16,04:45,A,41,5.0       ,298.7,13
28.234,121.389,315.7,1.9,1.3,2016-08-16,04:45,A,44,5.0       ,299.1,21
29.378,121.9,316.1,1.6,1.3,2016-08-16,04:45,A,31,5.0       ,299.9,19.1
29.535,121.934,317.7,1.6,1.3,2016-08-16,04:45,A,0,5.0       ,301.1,19
29.919,121.934,319.6,1.6,1.2,2016-08-16,04:45,A,38,5.0       ,302.4,23
30.257,119.845,318.9,2.1,1.4,2016-08-16,04:45,A,70,5.0       ,302.2,30.2
30.311,119.785,317.4,2.2,1.4,2016-08-16,04:45,A,42,5.0       ,301.2,29
30.31,119.781,317.3,2.2,1.4,2016-08-16,04:45,A,65,5.0       ,301.2,30.9
11.831,105.534,322.5,1,1,2016-08-16,06:20,A,72,5.0       ,299,12
11.83,105.524,321,1,1,2016-08-16,06:20,A,64,5.0       ,298.3,9.7
11.844,105.561,322.7,1,1,2016-08-16,06:20,A,61,5.0       ,300.9,12.6
-9.621,119.948,320.7,3.2,1.7,2016-08-16,06:15,A,73,5.0       ,300.6,67.4
-9.623,119.94,319,3.2,1.7,2016-08-16,06:15,A,67,5.0       ,299.9,56.7
-3.32,102.982,312.6,2.5,1.5,2016-08-16,06:15,A,54,5.0       ,292.5,30
-2.698,104.449,315.1,1.9,1.3,2016-08-16,06:15,A,53,5.0       ,294.5,19.4
-2.345,105.918,318.6,1.4,1.2,2016-08-16,06:15,A,48,5.0       ,286,35.8
-2.338,105.924,320.1,1.4,1.2,2016-08-16,06:15,A,70,5.0       ,287.3,32.8
-2.34,105.911,321.5,1.4,1.2,2016-08-16,06:15,A,72,5.0       ,289.6,37.2
-2.722,103.076,326.3,2.4,1.5,2016-08-16,06:15,A,79,5.0       ,293.1,87.2
-2.31,105.894,320.1,1.4,1.2,2016-08-16,06:15,A,62,5.0       ,288.9,37.1
-2.06,105.481,367.1,1.5,1.2,2016-08-16,06:15,A,100,5.0       ,298.2,202.6
-2.062,105.467,328.4,1.5,1.2,2016-08-16,06:15,A,81,5.0       ,297.4,46.3
-2.037,105.573,338.2,1.5,1.2,2016-08-16,06:15,A,89,5.0       ,297.7,72.2
-2.038,105.559,330.7,1.5,1.2,2016-08-16,06:15,A,83,5.0       ,296.4,51.2
-2.05,105.479,333.9,1.5,1.2,2016-08-16,06:15,A,86,5.0       ,296.5,62.4
-2.051,105.466,318.2,1.5,1.2,2016-08-16,06:15,A,69,5.0       ,297.1,22.3
-2.033,105.566,331.1,1.5,1.2,2016-08-16,06:15,A,84,5.0       ,297.2,51.4
-1.998,105.506,319.4,1.5,1.2,2016-08-16,06:15,A,71,5.0       ,297.3,22.2
-1.977,105.571,319.1,1.5,1.2,2016-08-16,06:15,A,71,5.0       ,297.5,21.6
-1.147,109.668,316.9,1,1,2016-08-16,06:15,A,58,5.0       ,298.4,9.9
-0.933,109.816,321.1,1,1,2016-08-16,06:15,A,74,5.0       ,294.5,15.2
-0.712,110.78,339.8,1.1,1,2016-08-16,06:15,A,85,5.0       ,286.6,50.6
-0.491,109.234,325.1,1,1,2016-08-16,06:15,A,42,5.0       ,302.1,15.6
-0.482,109.233,338.5,1,1,2016-08-16,06:15,A,89,5.0       ,301.3,36.8
-1.523,101.349,330.4,3.1,1.7,2016-08-16,06:15,A,83,5.0       ,283.4,177.2
-0.257,110.288,330.8,1,1,2016-08-16,06:15,A,0,5.0       ,286.2,32.5
-1.52,101.369,315.8,3.1,1.7,2016-08-16,06:15,A,64,5.0       ,285.7,77.3
-0.266,109.777,378.3,1,1,2016-08-16,06:15,A,100,5.0       ,296.6,148.8
-0.102,109.317,325.6,1,1,2016-08-16,06:15,A,37,5.0       ,302.5,16.8
-0.917,103.083,314,2.2,1.4,2016-08-16,06:15,A,60,5.0       ,295.3,31.6
-0.918,103.076,314.1,2.2,1.4,2016-08-16,06:15,A,30,5.0       ,295.8,30.2
0.187,110.305,319.3,1,1,2016-08-16,06:15,A,53,5.0       ,289.1,11.5
-0.932,102.275,311.8,2.6,1.5,2016-08-16,06:15,A,44,5.0       ,286,39.7
0.471,109.777,323.1,1,1,2016-08-16,06:15,A,66,5.0       ,290,17.9
0.503,108.969,315,1,1,2016-08-16,06:15,A,59,5.0       ,298.1,7.6
0.582,109.457,317.9,1,1,2016-08-16,06:15,A,69,5.0       ,294.9,11.4
-0.331,103.153,312.5,2.1,1.4,2016-08-16,06:15,A,47,5.0       ,293.6,22
0.592,109.465,328.7,1,1,2016-08-16,06:15,A,82,5.0       ,295.8,24.4
-0.319,103.151,314,2.1,1.4,2016-08-16,06:15,A,47,5.0       ,295.9,27.2
0.573,109.141,322.3,1,1,2016-08-16,06:15,A,75,5.0       ,296,16.9
0.595,109.228,334.3,1,1,2016-08-16,06:15,A,86,5.0       ,294.9,30
0.593,109.219,319.5,1,1,2016-08-16,06:15,A,58,5.0       ,295.7,12
0.605,109.236,338.7,1,1,2016-08-16,06:15,A,89,5.0       ,294,38.7
0.7,109.772,316.7,1,1,2016-08-16,06:15,A,58,5.0       ,287,11.4
0.698,109.763,333,1,1,2016-08-16,06:15,A,64,5.0       ,286.2,32.8
0.721,109.797,362.2,1,1,2016-08-16,06:15,A,75,5.0       ,286.2,94.3
0.697,109.626,352.4,1,1,2016-08-16,06:15,A,91,5.0       ,290.8,65.1
0.696,109.617,331.9,1,1,2016-08-16,06:15,A,49,5.0       ,288.2,24.5
0.639,109.216,319.2,1,1,2016-08-16,06:15,A,63,5.0       ,289.1,16
0.637,109.207,318.3,1,1,2016-08-16,06:15,A,58,5.0       ,288.9,15.1
0.781,109.69,340.1,1,1,2016-08-16,06:15,A,90,5.0       ,287.8,46.4
0.811,109.197,313.5,1,1,2016-08-16,06:15,A,44,5.0       ,281.8,13.3
0.782,108.993,325.1,1,1,2016-08-16,06:15,A,58,5.0       ,286,24
-0.118,102.827,316.7,2.3,1.5,2016-08-16,06:15,A,48,5.0       ,296.1,40.2
0.827,109.25,338.4,1,1,2016-08-16,06:15,A,84,5.0       ,285,47
0.886,109.532,327.3,1,1,2016-08-16,06:15,A,76,5.0       ,291.3,24.2
0.891,109.313,340.1,1,1,2016-08-16,06:15,A,90,5.0       ,292.7,45.3
0.027,103.097,315.5,2.1,1.4,2016-08-16,06:15,A,52,5.0       ,296.8,29.8
0.024,103.078,315.8,2.1,1.4,2016-08-16,06:15,A,44,5.0       ,297.2,31
0.1,102.885,310.4,2.2,1.4,2016-08-16,06:15,A,29,5.0       ,291,22.3
0.16,102.388,312,2.4,1.5,2016-08-16,06:15,A,37,5.0       ,290.8,36.5
1.38,109.124,334.5,1,1,2016-08-16,06:15,A,86,5.0       ,291.4,35
1.471,109.114,320,1,1,2016-08-16,06:15,A,49,5.0       ,292.3,12.4
0.474,102.027,313.8,2.5,1.5,2016-08-16,06:15,A,39,5.0       ,291.8,32.8
0.488,102.025,314,2.5,1.5,2016-08-16,06:15,A,26,5.0       ,291.2,32.8
0.483,102.043,314.4,2.5,1.5,2016-08-16,06:15,A,44,5.0       ,291.6,36.2
0.48,102.021,314.7,2.5,1.5,2016-08-16,06:15,A,52,5.0       ,292.1,35.6
2.047,112.523,315.6,1.4,1.2,2016-08-16,06:15,A,43,5.0       ,288,21.1
0.664,102.078,315.9,2.5,1.5,2016-08-16,06:15,A,30,5.0       ,287.1,38.8
0.661,102.056,317.2,2.5,1.5,2016-08-16,06:15,A,57,5.0       ,287.2,42.3
0.486,100.629,318.7,3.3,1.7,2016-08-16,06:15,A,65,5.0       ,282.9,88
0.498,100.622,312,3.3,1.7,2016-08-16,06:15,A,44,5.0       ,279.3,53.5
0.589,100.51,312.8,3.4,1.7,2016-08-16,06:15,A,56,5.0       ,279.1,56.5
1.9,109.41,324,1,1,2016-08-16,06:15,A,77,5.0       ,292.3,19.1
1.909,109.409,342.1,1,1,2016-08-16,06:15,A,91,5.0       ,290.8,48.8
0.928,102.288,311.7,2.4,1.5,2016-08-16,06:15,A,0,5.0       ,282,34.9
0.938,102.265,334,2.4,1.5,2016-08-16,06:15,A,65,5.0       ,282.4,133.9
0.982,101.939,311.4,2.5,1.5,2016-08-16,06:15,A,39,5.0       ,285.3,31.5
2.459,111.677,351,1.2,1.1,2016-08-16,06:15,A,83,5.0       ,297.4,83.1
2.456,111.655,334.8,1.2,1.1,2016-08-16,06:15,A,86,5.0       ,302.1,36.2
3.395,102.929,330.2,1.9,1.4,2016-08-16,06:15,A,83,5.0       ,281.9,80.2
29.753,106.79,326.8,1.4,1.2,2016-08-16,06:25,A,55,5.0       ,305.6,23
29.959,103.093,315.9,1,1,2016-08-16,06:25,A,47,5.0       ,297.8,6.7
30.06,102.762,319,1,1,2016-08-16,06:25,A,56,5.0       ,301,11.1
27.065,102.752,322.9,1,1,2016-08-16,06:25,A,51,5.0       ,302.8,12.8
28.728,105.057,321.5,1.1,1.1,2016-08-16,06:25,A,73,5.0       ,304.6,14.7
28.863,105.519,322.9,1.2,1.1,2016-08-16,06:25,A,49,5.0       ,304.9,14.6
28.883,105.569,322.4,1.2,1.1,2016-08-16,06:25,A,75,5.0       ,305.1,15.8
-5.971,147.108,305.5,1.8,1.3,2016-08-16,12:25,T,32,5.0       ,287.4,30
-11.79,130.975,310,1.1,1.1,2016-08-16,14:00,T,69,5.0       ,291.3,16.6
-11.792,130.965,310.3,1.1,1.1,2016-08-16,14:00,T,62,5.0       ,291.5,16.3
-11.782,130.964,326.7,1.1,1.1,2016-08-16,14:00,T,100,5.0       ,292.3,39.5
-11.774,130.952,313.2,1.1,1.1,2016-08-16,14:00,T,81,5.0       ,290.7,19.5
-11.768,130.93,312.4,1.1,1.1,2016-08-16,14:00,T,79,5.0       ,291.4,19.7
-11.434,131.179,307.1,1.2,1.1,2016-08-16,14:00,T,43,5.0       ,291.8,13.7
-11.425,131.178,307.4,1.2,1.1,2016-08-16,14:00,T,46,5.0       ,291,14.1
-11.448,130.544,305.8,1.1,1,2016-08-16,14:00,T,18,5.0       ,293.7,10.4
27.784,114.918,310.2,1.6,1.2,2016-08-16,14:10,T,55,5.0       ,298.2,13
27.785,114.912,309.6,1.6,1.2,2016-08-16,14:10,T,67,5.0       ,298.3,12.2
29.753,114.439,310.5,1.5,1.2,2016-08-16,14:10,T,71,5.0       ,297,16.6
30.633,114.44,309.9,1.5,1.2,2016-08-16,14:10,T,69,5.0       ,297.8,11.4
0.675,102.069,317.4,1,1,2016-08-16,15:40,T,93,5.0       ,291.1,19.5
0.5,100.647,305.6,1,1,2016-08-16,15:40,T,34,5.0       ,292.6,7.1
0.499,100.638,315.4,1,1,2016-08-16,15:40,T,88,5.0       ,292.7,17
0.581,100.508,312.6,1,1,2016-08-16,15:40,T,79,5.0       ,291.9,13.6
0.59,100.507,308.5,1,1,2016-08-16,15:40,T,61,5.0       ,292.2,9.3
0.623,100.474,316.9,1,1,2016-08-16,15:40,T,92,5.0       ,293.5,17.7
1.06,102.379,310.1,1,1,2016-08-16,15:40,T,69,5.0       ,292.1,12.2
1.058,102.37,323,1,1,2016-08-16,15:40,T,100,5.0       ,293.5,26.9
1.057,102.361,312.1,1,1,2016-08-16,15:40,T,77,5.0       ,292.1,13.8
1.052,102.324,307.1,1,1,2016-08-16,15:40,T,17,5.0       ,291.9,7.5
1.05,102.315,418.3,1,1,2016-08-16,15:40,T,100,5.0       ,301,396.3
1.049,102.306,366.4,1,1,2016-08-16,15:40,T,100,5.0       ,293.6,117.6
1.069,102.378,310.8,1,1,2016-08-16,15:40,T,72,5.0       ,291.8,13.2
1.061,102.323,309.2,1,1,2016-08-16,15:40,T,57,5.0       ,291.7,9.5
1.06,102.314,402.6,1,1,2016-08-16,15:40,T,100,5.0       ,295.7,283.9
1.058,102.305,345.7,1,1,2016-08-16,15:40,T,100,5.0       ,292.5,63.1
1.05,102.185,317.8,1,1,2016-08-16,15:40,T,94,5.0       ,293.3,20.2
1.061,102.001,307.2,1,1,2016-08-16,15:40,T,52,5.0       ,291.5,8.9
1.07,102,308.7,1,1,2016-08-16,15:40,T,62,5.0       ,291,10.6
1.044,101.104,324.2,1,1,2016-08-16,15:40,T,100,5.0       ,293.8,27.9
1.043,101.095,306.2,1,1,2016-08-16,15:40,T,43,5.0       ,292.5,8.3
0.966,99.915,312.1,1.1,1,2016-08-16,15:40,T,77,5.0       ,293.6,13.2
1.14,101.003,310.9,1,1,2016-08-16,15:40,T,73,5.0       ,292.7,12.5
1.216,101.022,330,1,1,2016-08-16,15:40,T,100,5.0       ,295.8,35.6
1.215,101.013,321.8,1,1,2016-08-16,15:40,T,100,5.0       ,294,24.2
1.35,101.575,308.3,1,1,2016-08-16,15:40,T,60,5.0       ,291.6,10.4
1.375,101.429,313.6,1,1,2016-08-16,15:40,T,83,5.0       ,291.4,15.2
1.151,99.857,327.6,1.1,1,2016-08-16,15:40,T,100,5.0       ,293.4,33.1
1.149,99.848,307.2,1.1,1,2016-08-16,15:40,T,52,5.0       ,292.7,8.2
1.148,99.838,305.5,1.1,1,2016-08-16,15:40,T,32,5.0       ,292.6,6.9
1.312,100.92,311.3,1,1,2016-08-16,15:40,T,74,5.0       ,294,12.5
1.297,100.813,309.6,1,1,2016-08-16,15:40,T,67,5.0       ,291.4,12
1.321,100.919,314.6,1,1,2016-08-16,15:40,T,86,5.0       ,293.8,15.6
1.32,100.91,312.8,1,1,2016-08-16,15:40,T,80,5.0       ,293.3,13.6
1.326,100.827,306.2,1,1,2016-08-16,15:40,T,39,5.0       ,291.7,7.8
1.35,100.933,315.8,1,1,2016-08-16,15:40,T,89,5.0       ,292.3,17.5
1.338,100.843,310.9,1,1,2016-08-16,15:40,T,73,5.0       ,293.6,11.8
1.336,100.835,325.1,1,1,2016-08-16,15:40,T,100,5.0       ,295.5,27.4
1.335,100.826,343.6,1,1,2016-08-16,15:40,T,100,5.0       ,297.2,58.2
1.334,100.817,315.2,1,1,2016-08-16,15:40,T,88,5.0       ,291.3,16.4
1.328,100.772,312.9,1,1,2016-08-16,15:40,T,80,5.0       ,289.5,14.9
1.348,100.851,320,1,1,2016-08-16,15:40,T,99,5.0       ,294.2,21.9
1.347,100.842,350.6,1,1,2016-08-16,15:40,T,100,5.0       ,298.1,73.3
1.345,100.833,349.1,1,1,2016-08-16,15:40,T,100,5.0       ,298.4,69.3
1.344,100.824,342,1,1,2016-08-16,15:40,T,100,5.0       ,297.1,55.7
1.343,100.815,308.5,1,1,2016-08-16,15:40,T,61,5.0       ,290.9,10.2
1.203,99.83,312.8,1.1,1,2016-08-16,15:40,T,80,5.0       ,293.1,14.2
1.454,101.529,317.6,1,1,2016-08-16,15:40,T,94,5.0       ,293.6,19.7
1.332,100.673,314.7,1,1,2016-08-16,15:40,T,23,5.0       ,291.3,14.7
1.331,100.664,341.4,1,1,2016-08-16,15:40,T,100,5.0       ,293.9,53.5
1.33,100.655,326.2,1,1,2016-08-16,15:40,T,100,5.0       ,291.1,30.1
1.211,99.832,319.8,1.1,1,2016-08-16,15:40,T,99,5.0       ,293.3,23.3
1.21,99.823,308.9,1.1,1,2016-08-16,15:40,T,63,5.0       ,292.5,10.9
1.341,100.672,317.2,1,1,2016-08-16,15:40,T,73,5.0       ,291.7,18.4
1.34,100.663,329.8,1,1,2016-08-16,15:40,T,100,5.0       ,292.8,35.2
1.339,100.654,309.1,1,1,2016-08-16,15:40,T,64,5.0       ,290.2,11.3
1.351,100.68,307.2,1,1,2016-08-16,15:40,T,49,5.0       ,289.2,9.3
1.386,100.794,313,1,1,2016-08-16,15:40,T,81,5.0       ,291.8,14.1
1.385,100.785,306.1,1,1,2016-08-16,15:40,T,42,5.0       ,291.3,7.7
1.535,101.518,310.8,1,1,2016-08-16,15:40,T,72,5.0       ,292.9,12
1.31,99.932,319.2,1,1,2016-08-16,15:40,T,98,5.0       ,293.3,20.2
1.307,99.914,321.8,1,1,2016-08-16,15:40,T,100,5.0       ,293.3,25.4
1.545,101.52,312.2,1,1,2016-08-16,15:40,T,78,5.0       ,292.8,13.9
1.544,101.511,306.8,1,1,2016-08-16,15:40,T,48,5.0       ,292.4,8.5
1.493,101.154,314.4,1,1,2016-08-16,15:40,T,85,5.0       ,293.4,15.4
1.492,101.146,325.8,1,1,2016-08-16,15:40,T,100,5.0       ,294.5,28.9
1.318,99.935,313,1,1,2016-08-16,15:40,T,81,5.0       ,293.4,13.1
1.317,99.926,313,1,1,2016-08-16,15:40,T,81,5.0       ,293.2,13
1.315,99.916,314.9,1,1,2016-08-16,15:40,T,87,5.0       ,293.1,15.7
1.314,99.907,320.1,1,1,2016-08-16,15:40,T,100,5.0       ,292.2,22.3
1.502,101.153,305.3,1,1,2016-08-16,15:40,T,26,5.0       ,292.6,7.1
1.501,101.144,319.9,1,1,2016-08-16,15:40,T,99,5.0       ,293.1,22
1.314,99.84,314.8,1.1,1,2016-08-16,15:40,T,86,5.0       ,293.9,15.6
1.312,99.831,322.8,1.1,1,2016-08-16,15:40,T,100,5.0       ,294.2,25.7
1.311,99.821,311.9,1.1,1,2016-08-16,15:40,T,77,5.0       ,293.3,12
1.321,99.829,306.9,1.1,1,2016-08-16,15:40,T,49,5.0       ,292.8,7.5
1.315,99.589,307.9,1.1,1,2016-08-16,15:40,T,57,5.0       ,292.3,8.8
1.6,101.33,305.5,1,1,2016-08-16,15:40,T,32,5.0       ,292.5,7.5
1.652,101.37,308.9,1,1,2016-08-16,15:40,T,63,5.0       ,291.7,10.1
1.651,101.044,312.5,1,1,2016-08-16,15:40,T,79,5.0       ,293.4,13.4
1.712,101.274,324.4,1,1,2016-08-16,15:40,T,100,5.0       ,293.6,26.4
1.711,101.265,311.3,1,1,2016-08-16,15:40,T,72,5.0       ,291.8,12.1
1.725,101.3,320.3,1,1,2016-08-16,15:40,T,100,5.0       ,294.3,21
1.724,101.291,309.4,1,1,2016-08-16,15:40,T,25,5.0       ,293.4,9.5
1.723,101.282,307.4,1,1,2016-08-16,15:40,T,26,5.0       ,292.8,8
1.721,101.273,315.8,1,1,2016-08-16,15:40,T,89,5.0       ,292.9,16.3
1.678,100.97,321,1,1,2016-08-16,15:40,T,100,5.0       ,294.7,22.6
1.735,101.307,306.1,1,1,2016-08-16,15:40,T,14,5.0       ,292.6,7.1
1.734,101.298,310.1,1,1,2016-08-16,15:40,T,11,5.0       ,293.1,10.2
1.713,100.956,311.9,1,1,2016-08-16,15:40,T,77,5.0       ,293.7,12.4
1.711,100.947,305.5,1,1,2016-08-16,15:40,T,31,5.0       ,292.8,6.6
1.722,100.955,317.5,1,1,2016-08-16,15:40,T,94,5.0       ,293.7,18
1.72,100.946,317.5,1,1,2016-08-16,15:40,T,94,5.0       ,293.2,18
1.894,100.809,308.8,1,1,2016-08-16,15:45,T,63,5.0       ,293.4,9.6
1.907,100.828,311.3,1,1,2016-08-16,15:45,T,74,5.0       ,293.9,11.6
1.916,100.826,305.6,1,1,2016-08-16,15:45,T,33,5.0       ,293.4,6.8
1.895,100.363,306.1,1,1,2016-08-16,15:45,T,18,5.0       ,293.8,6.3
1.894,100.354,309.4,1,1,2016-08-16,15:45,T,66,5.0       ,293.7,9.4
1.904,100.361,309.2,1,1,2016-08-16,15:45,T,62,5.0       ,293.6,9
1.917,100.387,310.2,1,1,2016-08-16,15:45,T,70,5.0       ,292.7,11.2
1.916,100.378,333.6,1,1,2016-08-16,15:45,T,100,5.0       ,294.5,40.3
2.001,100.914,308.4,1,1,2016-08-16,15:45,T,60,5.0       ,293.2,8.9
2.012,100.925,319.9,1,1,2016-08-16,15:45,T,99,5.0       ,293.1,21.1
2.033,100.94,306.8,1,1,2016-08-16,15:45,T,49,5.0       ,293.1,7.9
1.984,100.537,307.5,1,1,2016-08-16,15:45,T,54,5.0       ,292.5,8.6
1.983,100.528,306.9,1,1,2016-08-16,15:45,T,50,5.0       ,292.6,8.2
2.485,103.633,305.1,1.2,1.1,2016-08-16,15:45,T,19,5.0       ,293.1,8.4
2.097,100.87,305.4,1,1,2016-08-16,15:45,T,29,5.0       ,293.3,6.4
2.106,100.869,313.8,1,1,2016-08-16,15:45,T,83,5.0       ,293.6,14.4
2.088,100.552,317.6,1,1,2016-08-16,15:45,T,35,5.0       ,293.7,15.4
2.087,100.543,317.8,1,1,2016-08-16,15:45,T,33,5.0       ,294,14.5
2.081,100.507,315.5,1,1,2016-08-16,15:45,T,41,5.0       ,294.2,14.5
2.08,100.498,325.2,1,1,2016-08-16,15:45,T,100,5.0       ,295,27.4
2.096,100.542,319.9,1,1,2016-08-16,15:45,T,56,5.0       ,293.9,17.7
2.15,100.862,306.4,1,1,2016-08-16,15:45,T,45,5.0       ,293.1,7.7
2.194,100.394,305.4,1,1,2016-08-16,15:45,T,31,5.0       ,292.5,7.1
2.376,100.318,310.7,1,1,2016-08-16,15:45,T,72,5.0       ,292.2,11.3
2.386,100.32,306.2,1,1,2016-08-16,15:45,T,32,5.0       ,292.2,7
2.404,100.317,305.3,1,1,2016-08-16,15:45,T,14,5.0       ,290.9,6
2.919,103.241,307.2,1.2,1.1,2016-08-16,15:45,T,52,5.0       ,292.7,10.9
3.179,103.362,305.1,1.2,1.1,2016-08-16,15:45,T,15,5.0       ,292.6,7.9
3.221,103.36,306.2,1.2,1.1,2016-08-16,15:45,T,36,5.0       ,292.9,9
3.231,103.359,306.1,1.2,1.1,2016-08-16,15:45,T,41,5.0       ,293,9
3.229,103.348,306.5,1.2,1.1,2016-08-16,15:45,T,46,5.0       ,292.8,9.4
3.399,102.938,308.2,1.1,1.1,2016-08-16,15:45,T,59,5.0       ,291.5,11.6
3.398,102.928,306.2,1.1,1.1,2016-08-16,15:45,T,35,5.0       ,291.7,9.2
3.441,102.24,310.4,1.1,1,2016-08-16,15:45,T,71,5.0       ,293.7,11.6
3.624,103.257,306.3,1.2,1.1,2016-08-16,15:45,T,43,5.0       ,292.8,9.4
3.732,103.283,313.1,1.2,1.1,2016-08-16,15:45,T,81,5.0       ,292.7,17.7
4.284,101.499,317.1,1,1,2016-08-16,15:45,T,92,5.0       ,269.7,26
-0.828,101.656,316.8,1,1,2016-08-16,15:40,T,92,5.0       ,290.7,19.8
-0.04,100.794,319.1,1,1,2016-08-16,15:40,T,97,5.0       ,286.3,22.7
-0.042,100.785,311.4,1,1,2016-08-16,15:40,T,75,5.0       ,285.7,14.4
0.666,102.07,330.6,1,1,2016-08-16,15:40,T,100,5.0       ,292.4,37.3
-0.824,101.656,314.2,1.1,1.1,2016-08-16,18:40,A,85,5.0       ,284.3,21
-0.825,101.666,307.7,1.1,1.1,2016-08-16,18:40,A,56,5.0       ,283.3,13.5
3.227,103.356,305.8,1,1,2016-08-16,18:35,A,37,5.0       ,285,9.6
3.225,103.365,305.4,1,1,2016-08-16,18:35,A,28,5.0       ,285.7,9.5
2.084,100.554,311.8,1.4,1.2,2016-08-16,18:35,A,9,5.0       ,292.2,20.6
2.08,100.503,311,1.4,1.2,2016-08-16,18:35,A,44,5.0       ,292.3,19.1
1.915,100.376,307.1,1.4,1.2,2016-08-16,18:35,A,28,5.0       ,292,13.2
1.913,100.389,312.9,1.4,1.2,2016-08-16,18:35,A,80,5.0       ,292.2,22.9
1.901,100.367,305.4,1.4,1.2,2016-08-16,18:35,A,24,5.0       ,292.4,11.4
1.547,101.518,306.8,1.2,1.1,2016-08-16,18:35,A,49,5.0       ,287.8,12.6
1.499,101.148,339.5,1.3,1.1,2016-08-16,18:35,A,100,5.0       ,292.2,73.6
1.497,101.159,322,1.3,1.1,2016-08-16,18:35,A,100,5.0       ,291.5,36.5
1.356,100.94,305.6,1.3,1.1,2016-08-16,18:35,A,34,5.0       ,290.8,12.4
1.351,100.833,324.8,1.3,1.1,2016-08-16,18:35,A,100,5.0       ,294.3,42.7
1.349,100.845,334.8,1.3,1.1,2016-08-16,18:35,A,100,5.0       ,296,63.9
1.347,100.856,311.2,1.3,1.1,2016-08-16,18:35,A,74,5.0       ,292.7,19.8
1.342,100.82,312.6,1.3,1.1,2016-08-16,18:35,A,79,5.0       ,292,21.8
1.34,100.832,335.2,1.3,1.1,2016-08-16,18:35,A,100,5.0       ,296.8,65.7
1.339,100.843,313.7,1.3,1.1,2016-08-16,18:35,A,83,5.0       ,293,22.6
1.33,100.83,316.9,1.3,1.1,2016-08-16,18:35,A,92,5.0       ,292.1,29.3
1.317,100.923,309.1,1.3,1.1,2016-08-16,18:35,A,65,5.0       ,292,17.2
1.344,100.663,311.3,1.3,1.2,2016-08-16,18:35,A,63,5.0       ,292.2,20.3
1.342,100.675,316.8,1.3,1.1,2016-08-16,18:35,A,92,5.0       ,294.1,29
1.327,100.782,307.5,1.3,1.1,2016-08-16,18:35,A,55,5.0       ,291.6,16.1
1.334,100.661,333.5,1.3,1.2,2016-08-16,18:35,A,100,5.0       ,293.4,63.9
1.332,100.673,326.8,1.3,1.1,2016-08-16,18:35,A,100,5.0       ,293.9,48
1.061,102.375,314.3,1.1,1,2016-08-16,18:35,A,85,5.0       ,286.5,20
1.062,102.306,358.2,1.1,1,2016-08-16,18:35,A,100,5.0       ,284.9,104.6
1.06,102.316,411,1.1,1,2016-08-16,18:35,A,100,5.0       ,292.2,372.1
1.059,102.326,323.5,1.1,1,2016-08-16,18:35,A,100,5.0       ,285.3,30.1
1.053,102.305,318.4,1.1,1,2016-08-16,18:35,A,96,5.0       ,283.9,23.2
1.051,102.315,351.8,1.1,1,2016-08-16,18:35,A,100,5.0       ,287.5,87.1
1.222,101.02,320.5,1.3,1.1,2016-08-16,18:35,A,100,5.0       ,291.4,35.2
1.051,102.185,306.5,1.1,1,2016-08-16,18:35,A,46,5.0       ,282,12.9
1.068,102.006,308.8,1.1,1.1,2016-08-16,18:35,A,63,5.0       ,286.9,15.1
1.31,99.933,305.6,1.5,1.2,2016-08-16,18:35,A,34,5.0       ,292.8,10.9
1.304,99.507,308.7,1.6,1.3,2016-08-16,18:35,A,62,5.0       ,290.6,20.9
1.045,101.108,311.1,1.3,1.1,2016-08-16,18:35,A,74,5.0       ,290.5,20.4
0.671,102.066,305.9,1.1,1,2016-08-16,18:35,A,38,5.0       ,285.6,11.5
0.67,102.076,326.4,1.1,1,2016-08-16,18:35,A,100,5.0       ,286,38.1
-0.256,101.683,306.3,1.1,1.1,2016-08-16,18:35,A,44,5.0       ,286.2,11.2
-0.332,101.645,308.2,1.1,1.1,2016-08-16,18:35,A,59,5.0       ,284.5,15.2
29.757,114.44,305.5,1.3,1.1,2016-08-16,18:30,A,31,5.0       ,294.5,8.5
29.755,114.454,311.8,1.3,1.1,2016-08-16,18:30,A,76,5.0       ,294.6,17.1
24.388,109.386,307.5,1,1,2016-08-16,18:30,A,44,5.0       ,293.9,7.2