latitude,longitude,brightness,scan,track,acq_date,acq_time,satellite,confidence,version,bright_t31,frp
-5.746,142.158,310.1,1.1,1.1,2016-02-28,04:00,A,29,5.0       ,293.1,8.7
-3.944,143.731,375.6,1,1,2016-02-28,04:00,A,100,5.0       ,300,136.5
-3.78,141.765,328.6,1.1,1.1,2016-02-28,04:00,A,82,5.0       ,298.1,28.7
-3.022,141.275,331.1,1.2,1.1,2016-02-28,04:00,A,0,5.0       ,295.2,41.4
29.086,110.272,311.3,4.7,2,2016-02-28,04:15,T,48,5.0       ,290.3,134.3
28.97,95.802,312.5,1.1,1.1,2016-02-28,04:15,T,51,5.0       ,302.2,17.9
27.728,102.21,313.6,1.4,1.2,2016-02-28,04:15,T,58,5.0       ,294.1,22.2
26.62,101.599,311.7,1.4,1.2,2016-02-28,04:15,T,42,5.0       ,294,18.4
25.333,107.309,319,3.6,1.8,2016-02-28,04:15,T,70,5.0       ,289.2,153
27.253,92.516,320.1,1.6,1.2,2016-02-28,04:15,T,66,5.0       ,291.8,52.3
27.251,92.53,328,1.6,1.2,2016-02-28,04:15,T,81,5.0       ,285.7,73.4
27.251,92.525,329.5,1.6,1.2,2016-02-28,04:15,T,81,5.0       ,291.3,75.5
26.788,95.567,311.1,1.1,1,2016-02-28,04:15,T,44,5.0       ,298.4,17.2
26.638,95.309,310.3,1.1,1.1,2016-02-28,04:15,T,31,5.0       ,298.1,13.7
23.083,95.239,313.5,1,1,2016-02-28,04:15,T,42,5.0       ,298.2,6.3
22.806,95.574,321.2,1,1,2016-02-28,04:15,T,74,5.0       ,303.2,10.7
22.847,94.006,318.2,1.2,1.1,2016-02-28,04:15,T,64,5.0       ,301.1,10.8
22.645,95.414,316.6,1,1,2016-02-28,04:15,T,65,5.0       ,301,7.1
22.443,95.601,322.2,1,1,2016-02-28,04:15,T,75,5.0       ,300.3,15.8
22.442,95.61,320.6,1,1,2016-02-28,04:15,T,73,5.0       ,299.8,13.4
22.09,96.33,315.4,1,1,2016-02-28,04:15,T,64,5.0       ,299.7,8.9
21.705,96.437,319.3,1,1,2016-02-28,04:15,T,59,5.0       ,304.4,8.5
20.729,96.916,324.5,1,1,2016-02-28,04:15,T,78,5.0       ,296.4,20.5
20.727,96.925,314.5,1,1,2016-02-28,04:15,T,53,5.0       ,295.1,9.1
20.183,95.814,319.4,1,1,2016-02-28,04:15,T,71,5.0       ,302.7,7.2
20.279,94.298,316.2,1.1,1,2016-02-28,04:15,T,52,5.0       ,298.7,12
20.217,94.543,320.7,1.1,1,2016-02-28,04:15,T,73,5.0       ,302.4,9.8
20.208,94.546,318.7,1,1,2016-02-28,04:15,T,70,5.0       ,302.5,7.7
20.194,94.585,323.5,1,1,2016-02-28,04:15,T,76,5.0       ,303.2,12.9
20.154,94.599,320.6,1,1,2016-02-28,04:15,T,73,5.0       ,301.9,8.9
20.146,94.456,318.2,1.1,1,2016-02-28,04:15,T,69,5.0       ,300.2,9.8
19.964,94.577,322.8,1,1,2016-02-28,04:15,T,76,5.0       ,300.7,13.2
19.896,94.994,321,1,1,2016-02-28,04:15,T,50,5.0       ,302.3,9.3
19.953,94.455,318.9,1.1,1,2016-02-28,04:15,T,50,5.0       ,298.5,12.3
19.606,96.413,312.7,1,1,2016-02-28,04:15,T,55,5.0       ,296.4,7.8
19.795,94.539,326.5,1,1,2016-02-28,04:15,T,47,5.0       ,301.3,19
19.734,94.967,321.9,1,1,2016-02-28,04:15,T,74,5.0       ,302.2,11.6
19.786,94.538,323.7,1,1,2016-02-28,04:15,T,34,5.0       ,300.3,15
19.776,94.537,324.9,1,1,2016-02-28,04:15,T,36,5.0       ,299.7,16.5
19.775,94.546,329.5,1,1,2016-02-28,04:15,T,71,5.0       ,301.1,22.6
19.53,96.05,318.3,1,1,2016-02-28,04:15,T,65,5.0       ,300.6,7.4
19.529,96.06,316.2,1,1,2016-02-28,04:15,T,50,5.0       ,299.8,6.2
19.557,95.496,323.8,1,1,2016-02-28,04:15,T,77,5.0       ,303.1,11
19.548,95.369,326.6,1,1,2016-02-28,04:15,T,80,5.0       ,303.4,14.8
19.252,95.056,323,1,1,2016-02-28,04:15,T,74,5.0       ,301.2,11
19.416,93.813,317,1.1,1,2016-02-28,04:15,T,63,5.0       ,301.2,10.4
19.237,95.034,323.5,1,1,2016-02-28,04:15,T,72,5.0       ,301.9,12.3
19.115,95.558,317.5,1,1,2016-02-28,04:15,T,68,5.0       ,301.2,7
19.113,95.568,322.2,1,1,2016-02-28,04:15,T,75,5.0       ,301.2,12.5
19.055,95.712,316.8,1,1,2016-02-28,04:15,T,66,5.0       ,300,7.3
19.061,95.55,319.8,1,1,2016-02-28,04:15,T,67,5.0       ,302.2,8.8
19.162,94.329,310.9,1,1,2016-02-28,04:15,T,44,5.0       ,297.9,7.1
17.706,103.137,311.4,2.7,1.6,2016-02-28,04:15,T,21,5.0       ,292.7,19
17.702,103.161,316,2.7,1.6,2016-02-28,04:15,T,65,5.0       ,296,40.9
17.697,103.155,318.3,2.7,1.6,2016-02-28,04:15,T,69,5.0       ,296.7,50.3
16.908,104.95,312.1,3.8,1.8,2016-02-28,04:15,T,51,5.0       ,295.2,54.8
17.198,102.623,312.4,2.5,1.5,2016-02-28,04:15,T,26,5.0       ,296.4,24.5
16.763,103.645,319.2,3,1.7,2016-02-28,04:15,T,62,5.0       ,298.5,56.2
16.757,103.672,318.8,3,1.7,2016-02-28,04:15,T,70,5.0       ,297.5,52.7
16.758,103.666,323.2,3,1.7,2016-02-28,04:15,T,76,5.0       ,297.8,78.9
16.88,101.975,316.9,2.3,1.5,2016-02-28,04:15,T,54,5.0       ,299.2,27.2
16.869,101.966,316.1,2.3,1.5,2016-02-28,04:15,T,54,5.0       ,298.1,29.1
17.875,94.961,316.7,1,1,2016-02-28,04:15,T,48,5.0       ,298.4,9.6
16.472,102.479,315.8,2.5,1.5,2016-02-28,04:15,T,65,5.0       ,298.4,26.5
16.068,103.816,317.6,3.2,1.7,2016-02-28,04:15,T,68,5.0       ,298.3,40.5
16.07,103.811,316.8,3.2,1.7,2016-02-28,04:15,T,67,5.0       ,298.5,38.5
17.198,97.124,314.9,1.1,1,2016-02-28,04:15,T,12,5.0       ,298.5,8.3
16.676,100.293,327.4,1.7,1.3,2016-02-28,04:15,T,80,5.0       ,297.7,50.8
15.997,103.951,315.5,3.3,1.7,2016-02-28,04:15,T,62,5.0       ,296.1,55.8
15.991,103.981,317.7,3.3,1.7,2016-02-28,04:15,T,68,5.0       ,297.2,75.6
15.995,103.975,320.5,3.3,1.7,2016-02-28,04:15,T,67,5.0       ,297.4,90.9
16.636,99.645,323.8,1.5,1.2,2016-02-28,04:15,T,77,5.0       ,302.7,19.3
16.351,101.029,314.2,2,1.4,2016-02-28,04:15,T,53,5.0       ,296,28.6
16.315,100.642,318.6,1.8,1.3,2016-02-28,04:15,T,46,5.0       ,301.9,18.6
16.415,99.86,318.3,1.6,1.2,2016-02-28,04:15,T,53,5.0       ,299.7,13.9
16.617,98.447,318.9,1.3,1.1,2016-02-28,04:15,T,70,5.0       ,297.1,22.2
16.657,98.076,320.3,1.2,1.1,2016-02-28,04:15,T,72,5.0       ,302.7,12.2
16.662,97.984,325.7,1.2,1.1,2016-02-28,04:15,T,76,5.0       ,300.9,23.1
16.66,97.995,330.5,1.2,1.1,2016-02-28,04:15,T,83,5.0       ,301.7,29.8
16.037,101.236,323,2.1,1.4,2016-02-28,04:15,T,49,5.0       ,298,47.8
16.57,98.043,324.8,1.2,1.1,2016-02-28,04:15,T,78,5.0       ,303.4,18
16.568,98.054,325.8,1.2,1.1,2016-02-28,04:15,T,79,5.0       ,302.5,21.1
15.959,101.372,312.4,2.1,1.4,2016-02-28,04:15,T,45,5.0       ,296.8,19.5
15.716,102.068,321.8,2.4,1.5,2016-02-28,04:15,T,74,5.0       ,299.3,45.8
16.373,97.979,323.3,1.2,1.1,2016-02-28,04:15,T,61,5.0       ,301.8,16.8
16.03,100.093,321.1,1.7,1.3,2016-02-28,04:15,T,72,5.0       ,302.2,17.7
16.346,97.963,325.6,1.2,1.1,2016-02-28,04:15,T,79,5.0       ,300.7,22.5
15.161,104.466,316.9,3.8,1.8,2016-02-28,04:15,T,63,5.0       ,297.5,72.4
15.17,104.461,315.1,3.8,1.8,2016-02-28,04:15,T,29,5.0       ,296.8,50.8
15.942,99.928,317.7,1.7,1.3,2016-02-28,04:15,T,57,5.0       ,300.6,16.7
15.918,99.252,314.7,1.5,1.2,2016-02-28,04:15,T,53,5.0       ,298.2,16
15.286,102.593,320.2,2.7,1.6,2016-02-28,04:15,T,55,5.0       ,299.4,36.3
16.375,96.179,341.7,1,1,2016-02-28,04:15,T,91,5.0       ,304.9,38.5
16.374,96.189,324.2,1,1,2016-02-28,04:15,T,75,5.0       ,304.6,9.8
15.282,102.586,319,2.7,1.6,2016-02-28,04:15,T,59,5.0       ,299.1,33.1
15.161,102.929,318.5,2.9,1.6,2016-02-28,04:15,T,70,5.0       ,298.5,41.5
15.551,100.676,322.8,1.9,1.3,2016-02-28,04:15,T,76,5.0       ,302.9,24.5
15.158,102.924,317.3,2.9,1.6,2016-02-28,04:15,T,67,5.0       ,298.4,35.6
15.279,101.71,329.5,2.3,1.5,2016-02-28,04:15,T,82,5.0       ,301,71.1
15.053,102.93,318.8,2.9,1.6,2016-02-28,04:15,T,70,5.0       ,299.8,39.6
15.282,101.703,327.6,2.3,1.5,2016-02-28,04:15,T,81,5.0       ,301,60.8
15.128,102.418,318,2.6,1.6,2016-02-28,04:15,T,69,5.0       ,299.2,33.6
16.389,94.598,326.4,1,1,2016-02-28,04:15,T,79,5.0       ,304.1,17.3
16.016,95.569,324.1,1,1,2016-02-28,04:15,T,58,5.0       ,303.8,11.6
15.155,100.333,326.7,1.8,1.3,2016-02-28,04:15,T,76,5.0       ,304.3,33.2
14.682,102.943,319.8,3,1.6,2016-02-28,04:15,T,67,5.0       ,300.4,43.9
15.34,99.196,321.1,1.5,1.2,2016-02-28,04:15,T,39,5.0       ,299.4,23.5
15.346,99.205,323.2,1.5,1.2,2016-02-28,04:15,T,48,5.0       ,300.3,27.4
15.149,100.325,334.6,1.8,1.3,2016-02-28,04:15,T,86,5.0       ,304.3,62.1
14.681,102.937,317.8,3,1.6,2016-02-28,04:15,T,62,5.0       ,299.7,34.5
15.131,100.288,323.2,1.8,1.3,2016-02-28,04:15,T,71,5.0       ,302.6,26.4
15.294,99.182,313.8,1.5,1.2,2016-02-28,04:15,T,40,5.0       ,299.2,11.3
15.343,98.763,314,1.4,1.2,2016-02-28,04:15,T,59,5.0       ,296.4,16.6
15.95,94.771,315.3,1,1,2016-02-28,04:15,T,31,5.0       ,299.3,7.5
14.848,101.468,317,2.3,1.5,2016-02-28,04:15,T,43,5.0       ,299,28.8
15.275,98.307,311.5,1.3,1.1,2016-02-28,04:15,T,48,5.0       ,296,12.3
12.227,106.686,333.8,3.6,1.8,2016-02-28,05:45,A,86,5.0       ,302.1,133.6
12.286,106.741,329.9,3.5,1.8,2016-02-28,05:45,A,45,5.0       ,300.2,114.4
12.28,106.709,332.5,3.5,1.8,2016-02-28,05:45,A,85,5.0       ,301.1,123.2
12.274,106.678,327.5,3.6,1.8,2016-02-28,05:45,A,81,5.0       ,301.7,78.6
12.206,105.977,319.9,4,1.9,2016-02-28,05:45,A,72,5.0       ,298.6,58.1
12.43,105.732,320.6,4.2,1.9,2016-02-28,05:45,A,62,5.0       ,298.1,62.9
12.424,105.694,320.3,4.2,1.9,2016-02-28,05:45,A,53,5.0       ,297.4,70.3
12.959,107.944,320.9,2.8,1.6,2016-02-28,05:45,A,47,5.0       ,297.4,36.8
12.973,107.941,321.2,2.8,1.6,2016-02-28,05:45,A,44,5.0       ,300,38.1
12.962,107.938,321.1,2.8,1.6,2016-02-28,05:45,A,24,5.0       ,298.4,35.8
12.976,107.935,323.6,2.8,1.6,2016-02-28,05:45,A,42,5.0       ,300.8,47.9
12.676,105.668,337.4,4.2,1.9,2016-02-28,05:45,A,88,5.0       ,297.8,251.3
13.097,107.963,326.2,2.7,1.6,2016-02-28,05:45,A,79,5.0       ,302.3,56.4
13.093,107.939,323.8,2.7,1.6,2016-02-28,05:45,A,72,5.0       ,301.6,45.6
12.692,105.665,324.9,4.2,1.9,2016-02-28,05:45,A,50,5.0       ,297.3,111.7
12.686,105.627,325.2,4.2,1.9,2016-02-28,05:45,A,66,5.0       ,297,108.7
13.087,107.958,329.6,2.7,1.6,2016-02-28,05:45,A,82,5.0       ,302.6,78.5
12.68,105.66,334.6,4.2,1.9,2016-02-28,05:45,A,86,5.0       ,297.6,219.4
12.697,105.657,327.4,4.2,1.9,2016-02-28,05:45,A,70,5.0       ,297.1,145.1
12.767,105.638,315.3,4.2,1.9,2016-02-28,05:45,A,32,5.0       ,294.7,67.5
12.797,105.71,319.6,4.1,1.9,2016-02-28,05:45,A,54,5.0       ,294.6,98.4
12.839,105.466,317.3,4.3,1.9,2016-02-28,05:45,A,28,5.0       ,295.9,68.3
12.843,105.459,321.1,4.3,1.9,2016-02-28,05:45,A,68,5.0       ,296.6,105.4
12.855,105.335,317.7,4.4,1.9,2016-02-28,05:45,A,42,5.0       ,297,74.5
12.917,105.483,316,4.3,1.9,2016-02-28,05:45,A,47,5.0       ,297.8,69.7
12.889,105.328,328.5,4.4,1.9,2016-02-28,05:45,A,58,5.0       ,298.3,170.5
12.964,105.89,316.2,3.9,1.8,2016-02-28,05:45,A,63,5.0       ,298.3,64.1
12.89,105.323,327.5,4.4,1.9,2016-02-28,05:45,A,68,5.0       ,298.3,159.9
13.014,105.42,329,4.3,1.9,2016-02-28,05:45,A,40,5.0       ,298.2,167.9
13.001,105.416,330.6,4.3,1.9,2016-02-28,05:45,A,64,5.0       ,298.2,191.3
13.237,106.59,319.8,3.4,1.7,2016-02-28,05:45,A,66,5.0       ,299.3,44.9
13.231,106.559,353.3,3.5,1.8,2016-02-28,05:45,A,97,5.0       ,299.2,399.6
12.995,105.295,321.6,4.4,1.9,2016-02-28,05:45,A,54,5.0       ,298.1,71.5
13.588,108.305,322.8,2.5,1.5,2016-02-28,05:45,A,58,5.0       ,301.9,40.3
12.98,104.829,326.2,4.7,2,2016-02-28,05:45,A,79,5.0       ,297.3,161.7
-0.045,119.699,310.9,1.3,1.1,2016-02-28,02:45,T,45,5.0       ,293.3,11.4
0.308,116.815,321.8,1,1,2016-02-28,02:45,T,57,5.0       ,300.5,14.6
0.175,116.72,319.1,1,1,2016-02-28,02:45,T,36,5.0       ,299.2,12.2
0.177,116.638,317.2,1,1,2016-02-28,02:45,T,47,5.0       ,297.2,11.5
0.017,116.792,319.5,1,1,2016-02-28,02:45,T,44,5.0       ,297.3,9.9
-0.036,116.897,317.9,1,1,2016-02-28,02:45,T,69,5.0       ,297.3,10.8
-0.988,122.181,311.2,2.1,1.4,2016-02-28,02:45,T,33,5.0       ,290.7,21.7
-0.989,122.174,314.1,2.1,1.4,2016-02-28,02:45,T,48,5.0       ,290.9,29.8
-0.739,120.114,311.3,1.5,1.2,2016-02-28,02:45,T,0,5.0       ,291.6,10.9
-0.95,117.034,318.7,1,1,2016-02-28,02:45,T,70,5.0       ,298.1,11.4
-2.587,121.379,312.8,1.9,1.4,2016-02-28,02:45,T,18,5.0       ,286.9,30.6
-3.606,115.93,313.1,1,1,2016-02-28,02:45,T,43,5.0       ,295.4,8.9
-8.458,118.725,314.2,1.5,1.2,2016-02-28,02:45,T,0,5.0       ,293.6,17.3
-8.46,118.739,311,1.5,1.2,2016-02-28,02:45,T,28,5.0       ,292.5,14.1
-8.114,112.925,328.7,1.1,1,2016-02-28,02:45,T,0,5.0       ,292.6,31.9
-8.763,116.193,311.3,1.1,1,2016-02-28,02:45,T,27,5.0       ,293.7,6.4
17.486,121.66,317.7,1.1,1,2016-02-28,02:40,T,27,5.0       ,297.9,12
5.344,118.158,318.7,1,1,2016-02-28,02:40,T,66,5.0       ,301.1,14.8
4.598,114.351,318.6,1.2,1.1,2016-02-28,02:40,T,56,5.0       ,292.4,15.7
3.402,117.64,311.8,1,1,2016-02-28,02:40,T,51,5.0       ,295.8,7.1
1.041,120.824,312.9,1.5,1.2,2016-02-28,02:40,T,23,5.0       ,295.9,16.4
1.04,120.818,313.9,1.5,1.2,2016-02-28,02:40,T,0,5.0       ,296.2,18.9
1.5,117.227,318.2,1,1,2016-02-28,02:40,T,50,5.0       ,299.7,11.5
1.183,118.187,316.3,1.1,1,2016-02-28,02:40,T,66,5.0       ,296.6,12.6
1.181,118.197,314.3,1.1,1,2016-02-28,02:40,T,56,5.0       ,294.2,10
1.137,117.876,316.2,1.1,1,2016-02-28,02:40,T,28,5.0       ,297.9,12
1.082,117.441,313.2,1,1,2016-02-28,02:40,T,43,5.0       ,295.6,9.3
0.796,117.068,338.6,1,1,2016-02-28,02:40,T,67,5.0       ,293.9,43.2
0.64,117.625,315,1,1,2016-02-28,02:40,T,49,5.0       ,294.8,7.8
0.49,117.582,317.7,1,1,2016-02-28,02:40,T,51,5.0       ,295.9,11
29.15,117.602,315.7,1.6,1.2,2016-02-28,02:35,T,64,5.0       ,288.4,40.9
23.445,120.402,310.1,1,1,2016-02-28,02:35,T,30,5.0       ,295.6,5.8
23.136,115.621,316.8,1.8,1.3,2016-02-28,02:35,T,67,5.0       ,292.3,42.5
15.32,97.779,321.8,1.2,1.1,2016-02-28,04:15,T,53,5.0       ,302,18.7
15.318,97.79,323.2,1.2,1.1,2016-02-28,04:15,T,71,5.0       ,303.2,20.5
14.968,99.882,323.9,1.7,1.3,2016-02-28,04:15,T,77,5.0       ,303.6,20.8
14.966,99.898,326.5,1.7,1.3,2016-02-28,04:15,T,80,5.0       ,303.2,28.3
14.957,99.89,325.4,1.7,1.3,2016-02-28,04:15,T,78,5.0       ,303.4,24.9
14.922,98.077,320.5,1.3,1.1,2016-02-28,04:15,T,73,5.0       ,301,17.8
14.92,98.089,321,1.3,1.1,2016-02-28,04:15,T,73,5.0       ,302.1,18.8
14.834,98.615,316.5,1.4,1.2,2016-02-28,04:15,T,66,5.0       ,299.9,19.7
13.91,102.714,323.7,2.9,1.6,2016-02-28,04:15,T,77,5.0       ,299,74.7
13.909,102.708,324.2,2.9,1.6,2016-02-28,04:15,T,77,5.0       ,299.1,78.9
14.501,98.89,316.5,1.5,1.2,2016-02-28,04:15,T,48,5.0       ,297.9,20.7
14.451,98.993,310.5,1.5,1.2,2016-02-28,04:15,T,32,5.0       ,297.1,10.6
14.407,98.965,330.8,1.5,1.2,2016-02-28,04:15,T,83,5.0       ,297.8,56.8
14.405,98.978,320.9,1.5,1.2,2016-02-28,04:15,T,73,5.0       ,296.7,34.2
14.403,98.856,314.9,1.5,1.2,2016-02-28,04:15,T,57,5.0       ,300.9,13.1
13.257,105.095,315.3,4.6,2,2016-02-28,04:15,T,30,5.0       ,295.3,82.7
13.24,105.092,341.2,4.6,2,2016-02-28,04:15,T,90,5.0       ,295.7,422.9
13.232,105.133,326.3,4.6,2,2016-02-28,04:15,T,79,5.0       ,294.1,215.4
14.497,98.045,318.5,1.3,1.1,2016-02-28,04:15,T,38,5.0       ,298.9,18.4
14.45,98.337,310.7,1.4,1.2,2016-02-28,04:15,T,41,5.0       ,296.2,15.6
14.387,98.723,314.3,1.4,1.2,2016-02-28,04:15,T,61,5.0       ,298.9,15.9
14.293,99.23,317,1.6,1.2,2016-02-28,04:15,T,67,5.0       ,301.6,20.2
13.257,105.09,316.5,4.6,2,2016-02-28,04:15,T,41,5.0       ,295.4,95.5
14.093,100.35,319.4,1.9,1.4,2016-02-28,04:15,T,71,5.0       ,300.9,28
13.239,105.087,333.6,4.6,2,2016-02-28,04:15,T,86,5.0       ,295.5,303.5
13.231,105.128,327,4.6,2,2016-02-28,04:15,T,80,5.0       ,294.4,221.8
14.175,99.8,320.2,1.7,1.3,2016-02-28,04:15,T,72,5.0       ,301.9,18.4
14.005,100.622,316.9,2,1.4,2016-02-28,04:15,T,59,5.0       ,299.8,17.8
13.692,102.459,318.6,2.8,1.6,2016-02-28,04:15,T,57,5.0       ,299.8,29.4
13.996,100.453,320.1,2,1.4,2016-02-28,04:15,T,72,5.0       ,300,31.9
13.993,100.471,316.4,2,1.4,2016-02-28,04:15,T,66,5.0       ,299.2,20.9
14.225,98.753,312.2,1.5,1.2,2016-02-28,04:15,T,53,5.0       ,295.1,18.9
14.221,98.747,313,1.5,1.2,2016-02-28,04:15,T,57,5.0       ,295.4,20.9
13.295,103.459,317.9,3.4,1.7,2016-02-28,04:15,T,69,5.0       ,296.4,72.6
13.327,103.49,312.9,3.5,1.8,2016-02-28,04:15,T,48,5.0       ,294.9,42.3
13.474,102.567,322.4,2.9,1.6,2016-02-28,04:15,T,75,5.0       ,301.4,47.4
13.261,103.413,315.2,3.4,1.7,2016-02-28,04:15,T,34,5.0       ,294.9,53.1
13.243,103.506,317.3,3.5,1.8,2016-02-28,04:15,T,46,5.0       ,294.5,69.2
13.238,103.538,317,3.5,1.8,2016-02-28,04:15,T,67,5.0       ,294.3,75.9
14.144,98.256,327,1.4,1.2,2016-02-28,04:15,T,80,5.0       ,300.8,36.4
14.142,98.268,313.8,1.4,1.2,2016-02-28,04:15,T,58,5.0       ,299.8,11.8
14.134,98.254,315.1,1.4,1.2,2016-02-28,04:15,T,57,5.0       ,299.5,13.2
13.995,99.087,318.8,1.6,1.2,2016-02-28,04:15,T,58,5.0       ,303.1,16.8
13.224,103.438,318.1,3.4,1.7,2016-02-28,04:15,T,59,5.0       ,294.9,70.9
14.121,98.202,320.4,1.4,1.2,2016-02-28,04:15,T,73,5.0       ,303.1,16.8
13.249,103.405,316.5,3.4,1.7,2016-02-28,04:20,T,46,5.0       ,295.3,64.2
13.228,103.434,317.3,3.4,1.7,2016-02-28,04:20,T,62,5.0       ,295,67.8
13.971,98.947,319.8,1.5,1.2,2016-02-28,04:20,T,72,5.0       ,300.2,24.9
13.087,103.504,328.8,3.5,1.8,2016-02-28,04:20,T,82,5.0       ,295,159.6
12.771,105.145,322.9,4.7,2,2016-02-28,04:20,T,70,5.0       ,295.8,128.1
13.093,103.498,324.8,3.5,1.8,2016-02-28,04:20,T,78,5.0       ,294.9,131.6
13.087,103.53,312,3.5,1.8,2016-02-28,04:20,T,44,5.0       ,295.1,40.5
23.85,109.651,321.4,1.3,1.1,2016-02-28,05:45,A,74,5.0       ,292.8,36.9
24.191,109.413,310.5,1.3,1.1,2016-02-28,05:45,A,32,5.0       ,299.4,11
24.38,109.375,313,1.3,1.1,2016-02-28,05:45,A,42,5.0       ,301.2,13.4
24.908,112.487,310.5,1,1,2016-02-28,05:45,A,40,5.0       ,296.8,9.7
25.1,111.325,313.3,1.1,1,2016-02-28,05:45,A,57,5.0       ,300.4,10.9
25.529,112.642,338.7,1,1,2016-02-28,05:45,A,89,5.0       ,297.5,45.2
25.527,112.632,341.4,1,1,2016-02-28,05:45,A,91,5.0       ,299.4,50.3
25.511,112.392,311.1,1,1,2016-02-28,05:45,A,46,5.0       ,299.9,6.7
25.509,112.383,313.1,1,1,2016-02-28,05:45,A,57,5.0       ,299.8,8.7
24.259,105.1,311,2.6,1.6,2016-02-28,05:45,A,45,5.0       ,291.7,49.5
24.269,105.12,310,2.6,1.5,2016-02-28,05:45,A,24,5.0       ,290.8,44.2
25.598,112.674,315.5,1,1,2016-02-28,05:45,A,64,5.0       ,297.3,12.9
25.596,112.664,324.6,1,1,2016-02-28,05:45,A,78,5.0       ,297,23.9
24.824,107.61,321.3,1.7,1.3,2016-02-28,05:45,A,74,5.0       ,296.5,46.4
25.727,112.05,312.3,1,1,2016-02-28,05:45,A,53,5.0       ,299.6,8.9
25.835,112.461,313.9,1,1,2016-02-28,05:45,A,59,5.0       ,298.1,10.7
25.844,112.46,314.1,1,1,2016-02-28,05:45,A,60,5.0       ,298.6,11
25.825,112.27,318.8,1,1,2016-02-28,05:45,A,70,5.0       ,298.9,16.2
25.824,112.26,313,1,1,2016-02-28,05:45,A,56,5.0       ,297.8,9.6
25.42,108.354,310.3,1.5,1.2,2016-02-28,05:45,A,35,5.0       ,294.2,19.8
25.85,110.747,311,1.1,1,2016-02-28,05:45,A,45,5.0       ,295.5,12
25.329,107.326,313.3,1.7,1.3,2016-02-28,05:45,A,58,5.0       ,293,29.1
25.326,107.308,331.3,1.7,1.3,2016-02-28,05:45,A,84,5.0       ,295.5,80.1
26.233,112.868,337.1,1,1,2016-02-28,05:45,A,88,5.0       ,297.9,41.9
26.231,112.858,319.1,1,1,2016-02-28,05:45,A,71,5.0       ,299,15.9
25.337,107.306,315,1.7,1.3,2016-02-28,05:45,A,62,5.0       ,292.6,34.3
26.242,112.867,318.7,1,1,2016-02-28,05:45,A,70,5.0       ,299.1,15.8
26.24,112.857,313.6,1,1,2016-02-28,05:45,A,59,5.0       ,299.7,10
25.338,107.318,317.2,1.7,1.3,2016-02-28,05:45,A,61,5.0       ,291.9,38.2
26.333,112.473,312.1,1,1,2016-02-28,05:45,A,53,5.0       ,299.4,9.2
25.61,107.989,315.4,1.5,1.2,2016-02-28,05:45,A,64,5.0       ,298.1,25.4
25.6,107.866,321.3,1.6,1.2,2016-02-28,05:45,A,74,5.0       ,297.7,39.8
25.561,107.65,311.5,1.6,1.3,2016-02-28,05:45,A,49,5.0       ,298.2,18.8
25.611,107.346,313.3,1.7,1.3,2016-02-28,05:45,A,58,5.0       ,295.8,26.1
25.594,107.248,311.5,1.7,1.3,2016-02-28,05:45,A,49,5.0       ,293.6,26.5
25.683,107.681,320.7,1.6,1.2,2016-02-28,05:45,A,73,5.0       ,298.2,37.5
25.68,107.666,327.6,1.6,1.2,2016-02-28,05:45,A,81,5.0       ,299,56
25.683,107.676,326.1,1.6,1.2,2016-02-28,05:45,A,79,5.0       ,298.7,50
25.68,107.661,315.9,1.6,1.2,2016-02-28,05:45,A,62,5.0       ,298.5,25.4
26.572,112.987,311.9,1,1,2016-02-28,05:45,A,52,5.0       ,295.3,10.6
25.733,107.762,317.7,1.6,1.2,2016-02-28,05:45,A,68,5.0       ,297.1,31.9
25.73,107.746,326.5,1.6,1.2,2016-02-28,05:45,A,80,5.0       ,299.1,53
25.71,107.573,322.7,1.6,1.3,2016-02-28,05:45,A,76,5.0       ,297.1,45
25.721,107.57,317.3,1.6,1.3,2016-02-28,05:45,A,68,5.0       ,297.3,31.2
26.435,111.726,311.3,1,1,2016-02-28,05:45,A,48,5.0       ,297.4,9.6
26.141,109.452,311.8,1.2,1.1,2016-02-28,05:45,A,51,5.0       ,297.1,15.2
26.754,113.298,316.5,1,1,2016-02-28,05:45,A,66,5.0       ,298.8,14.8
26.014,107.651,310.5,1.6,1.2,2016-02-28,05:45,A,39,5.0       ,294.5,24
26.624,111.139,330,1,1,2016-02-28,05:45,A,83,5.0       ,298.3,36.7
26.623,111.129,325.5,1,1,2016-02-28,05:45,A,79,5.0       ,295.5,30.1
25.971,107.157,315.7,1.7,1.3,2016-02-28,05:45,A,64,5.0       ,296.2,32
25.968,107.152,310,1.7,1.3,2016-02-28,05:45,A,24,5.0       ,296.1,20.9
26.058,107.387,311.5,1.6,1.3,2016-02-28,05:45,A,49,5.0       ,295.1,23.7
26.426,109.437,312.8,1.2,1.1,2016-02-28,05:45,A,56,5.0       ,298.6,15.9
26.722,111.063,314.2,1,1,2016-02-28,05:45,A,60,5.0       ,298.3,14.5
27.13,113.562,311.6,1,1,2016-02-28,05:45,A,50,5.0       ,297,11.8
26.824,111.07,310.2,1,1,2016-02-28,05:45,A,33,5.0       ,297.5,8.3
26.823,111.06,319.5,1,1,2016-02-28,05:45,A,71,5.0       ,298.2,18.2
26.868,110.869,315.4,1.1,1,2016-02-28,05:45,A,64,5.0       ,297.8,13.9
27.004,111.638,310.3,1,1,2016-02-28,05:45,A,36,5.0       ,298.8,7.1
26.268,107.135,310.8,1.7,1.3,2016-02-28,05:45,A,43,5.0       ,295.5,22.4
27.47,114.193,321.3,1.1,1,2016-02-28,05:45,A,74,5.0       ,293,27.6
27.469,114.181,312.5,1.1,1,2016-02-28,05:45,A,55,5.0       ,291.4,16.9
26.37,106.817,313.8,1.8,1.3,2016-02-28,05:45,A,59,5.0       ,295.5,32.1
27.576,111.034,311.9,1,1,2016-02-28,05:45,A,51,5.0       ,295,12.9
27.115,108.232,319.5,1.4,1.2,2016-02-28,05:45,A,71,5.0       ,297,30.7
27.112,108.217,311,1.4,1.2,2016-02-28,05:45,A,45,5.0       ,296.5,15.9
27.657,111.502,310.8,1,1,2016-02-28,05:45,A,43,5.0       ,298.3,7.9
28.397,116.815,324.7,1.5,1.2,2016-02-28,05:45,A,78,5.0       ,296.2,43.8
28.402,116.823,312.2,1.5,1.2,2016-02-28,05:45,A,53,5.0       ,295.2,18.8
27.668,111.147,311.1,1,1,2016-02-28,05:45,A,43,5.0       ,297.6,10.8
27.808,111.524,318.8,1,1,2016-02-28,05:45,A,70,5.0       ,296.4,16.7
27.806,111.514,314.4,1,1,2016-02-28,05:45,A,61,5.0       ,297.9,12
28.661,117.338,311.2,1.6,1.3,2016-02-28,05:45,A,47,5.0       ,287.5,25.1
28.152,111.543,313.5,1,1,2016-02-28,05:45,A,58,5.0       ,296.9,13.4
28.599,114.492,318.4,1.1,1.1,2016-02-28,05:45,A,70,5.0       ,291.8,23.3
28.61,114.502,319.4,1.1,1.1,2016-02-28,05:45,A,69,5.0       ,291.4,24.3
28.609,114.49,328.9,1.1,1.1,2016-02-28,05:45,A,82,5.0       ,294.8,38.3
28.016,110.301,316.2,1.1,1,2016-02-28,05:45,A,65,5.0       ,295.5,18
28.015,110.29,313.5,1.1,1,2016-02-28,05:45,A,58,5.0       ,296.3,14.9
28.37,112.215,320,1,1,2016-02-28,05:45,A,72,5.0       ,297.3,18.9
27.991,109.564,313.6,1.2,1.1,2016-02-28,05:45,A,59,5.0       ,295.7,14.9
28.658,114.074,313.8,1.1,1,2016-02-28,05:45,A,59,5.0       ,295.4,16.3
28.201,110.522,311.6,1.1,1,2016-02-28,05:45,A,50,5.0       ,296.7,12.3
28.176,109.383,316.4,1.2,1.1,2016-02-28,05:45,A,66,5.0       ,295.8,20.1
28.174,109.371,316.1,1.2,1.1,2016-02-28,05:45,A,65,5.0       ,294.9,20
28.225,109.306,317.6,1.2,1.1,2016-02-28,05:45,A,68,5.0       ,297.9,19.6
28.897,113.648,335.2,1.1,1,2016-02-28,05:45,A,87,5.0       ,295.9,44.1
28.906,113.646,312,1.1,1,2016-02-28,05:45,A,52,5.0       ,296.7,11.3
28.305,109.404,311.4,1.2,1.1,2016-02-28,05:45,A,48,5.0       ,295.7,11.6
28.522,110.693,312,1,1,2016-02-28,05:45,A,52,5.0       ,296.6,12
28.875,112.797,317.8,1,1,2016-02-28,05:45,A,68,5.0       ,298.7,15.5
28.841,112.488,316.4,1,1,2016-02-28,05:45,A,66,5.0       ,297.7,13.1
28.84,112.478,311,1,1,2016-02-28,05:45,A,42,5.0       ,296.4,8
28.389,109.355,311.5,1.2,1.1,2016-02-28,05:45,A,44,5.0       ,294.6,12
28.882,112.193,318.4,1,1,2016-02-28,05:45,A,49,5.0       ,296.7,16
29.343,115.688,310.5,1.3,1.1,2016-02-28,05:45,A,40,5.0       ,295.9,14.7
28.499,109.338,311.9,1.2,1.1,2016-02-28,05:45,A,52,5.0       ,295.9,13.9
29.232,114.261,319.5,1.1,1.1,2016-02-28,05:45,A,71,5.0       ,294.7,23.2
28.961,112.224,344.3,1,1,2016-02-28,05:45,A,80,5.0       ,300.7,56.7
29.113,112.725,311.2,1,1,2016-02-28,05:45,A,21,5.0       ,297.4,7.6
29.126,112.755,310.6,1,1,2016-02-28,05:45,A,35,5.0       ,296.4,7.3
29.122,112.724,321,1,1,2016-02-28,05:45,A,73,5.0       ,298.3,18.9
29.08,112.228,319.9,1,1,2016-02-28,05:45,A,67,5.0       ,298.9,16.8
29.507,115.446,310.1,1.3,1.1,2016-02-28,05:45,A,26,5.0       ,293.4,14.7
29.506,115.433,311.5,1.3,1.1,2016-02-28,05:45,A,49,5.0       ,293,16.8
29.671,116.786,314,1.6,1.2,2016-02-28,05:45,A,60,5.0       ,292.3,26.6
29.675,116.795,311.6,1.6,1.2,2016-02-28,05:45,A,49,5.0       ,292.1,23.3
28.91,110.634,315.6,1,1,2016-02-28,05:45,A,64,5.0       ,294.1,17
28.921,110.524,310.1,1,1,2016-02-28,05:45,A,25,5.0       ,293.5,10.8
28.92,110.513,325.1,1,1,2016-02-28,05:45,A,78,5.0       ,296,29.3
29.523,114.628,375.1,1.2,1.1,2016-02-28,05:45,A,100,5.0       ,297.7,178.8
29.521,114.616,318.6,1.2,1.1,2016-02-28,05:45,A,62,5.0       ,295.7,22.2
29.534,114.638,314.5,1.2,1.1,2016-02-28,05:45,A,35,5.0       ,295.4,14.9
29.532,114.626,339.3,1.2,1.1,2016-02-28,05:45,A,89,5.0       ,298.5,59.3
28.957,110.402,311,1.1,1,2016-02-28,05:45,A,45,5.0       ,294.7,12.9
29.46,113.114,313.6,1,1,2016-02-28,05:45,A,45,5.0       ,298.1,11.2
29.056,110.264,312.2,1.1,1,2016-02-28,05:45,A,53,5.0       ,297,12.4
29.055,110.254,322.6,1.1,1,2016-02-28,05:45,A,75,5.0       ,298.4,25.1
29.091,110.263,314.9,1.1,1,2016-02-28,05:45,A,62,5.0       ,295.3,16.1
29.09,110.252,313.6,1.1,1,2016-02-28,05:45,A,59,5.0       ,295.7,14.7
29.507,113.057,355.2,1,1,2016-02-28,05:45,A,98,5.0       ,295.6,83.5
29.505,113.046,354,1,1,2016-02-28,05:45,A,97,5.0       ,299.3,80
29.504,113.036,317.5,1,1,2016-02-28,05:45,A,36,5.0       ,295.6,14.6
29.693,114.441,310.7,1.2,1.1,2016-02-28,05:45,A,42,5.0       ,293.8,15
29.514,113.045,343.8,1,1,2016-02-28,05:45,A,92,5.0       ,297.9,56.5
29.513,113.034,325.3,1,1,2016-02-28,05:45,A,57,5.0       ,297.6,24.1
29.523,113.043,310.2,1,1,2016-02-28,05:45,A,20,5.0       ,289.6,7.7
28.946,109.186,311.3,1.2,1.1,2016-02-28,05:45,A,48,5.0       ,295.8,13.1
29.075,109.679,312.7,1.1,1,2016-02-28,05:45,A,55,5.0       ,297.1,13.8
29.241,110.082,310.2,1.1,1,2016-02-28,05:45,A,34,5.0       ,294.6,11
29.239,110.071,311.1,1.1,1,2016-02-28,05:45,A,47,5.0       ,296.9,11.7
29.729,112.057,312.6,1,1,2016-02-28,05:45,A,55,5.0       ,298.3,10.3
30.023,113.914,313.6,1.1,1,2016-02-28,05:45,A,58,5.0       ,294,16.5
30.077,114.27,310.5,1.1,1.1,2016-02-28,05:45,A,39,5.0       ,293.2,12.5
29.439,108.872,310.9,1.2,1.1,2016-02-28,05:45,A,44,5.0       ,293.2,14.6
-2.586,121.38,334.2,1.2,1.1,2016-02-28,05:40,A,81,5.0       ,291.9,40.6
12.978,104.824,324.4,4.7,2,2016-02-28,05:45,A,77,5.0       ,297.3,140.2
13.294,106.139,325.5,3.7,1.8,2016-02-28,05:45,A,47,5.0       ,296.5,106.1
13.302,106.128,325.8,3.7,1.8,2016-02-28,05:45,A,59,5.0       ,297.7,105.1
13.312,105.912,316.8,3.9,1.8,2016-02-28,05:45,A,23,5.0       ,295.5,52.1
13.364,105.829,314.5,3.9,1.8,2016-02-28,05:45,A,45,5.0       ,296.2,49.3
13.233,105.112,335.4,4.5,1.9,2016-02-28,05:45,A,87,5.0       ,296.2,306.8
13.226,105.071,328.1,4.5,2,2016-02-28,05:45,A,81,5.0       ,296.8,206.5
13.234,105.107,339,4.5,1.9,2016-02-28,05:45,A,89,5.0       ,296.5,353.2
13.226,105.067,325.5,4.5,2,2016-02-28,05:45,A,76,5.0       ,296.9,169.7
13.305,105.297,323.3,4.3,1.9,2016-02-28,05:45,A,74,5.0       ,297.6,126.2
13.253,105.019,319.4,4.5,2,2016-02-28,05:45,A,30,5.0       ,295.7,96.3
13.308,105.289,322.6,4.3,1.9,2016-02-28,05:45,A,74,5.0       ,297.8,109.5
13.254,105.012,320.4,4.5,2,2016-02-28,05:45,A,27,5.0       ,295.9,108.3
13.765,107.467,333.8,2.9,1.6,2016-02-28,05:45,A,86,5.0       ,301.2,120.3
13.447,105.652,316.7,4,1.9,2016-02-28,05:45,A,66,5.0       ,295.6,90.9
13.808,107.459,333.9,2.9,1.6,2016-02-28,05:45,A,86,5.0       ,298.2,130.2
13.803,107.433,362.4,2.9,1.6,2016-02-28,05:45,A,100,5.0       ,298.5,426.3
13.516,105.75,322.3,3.9,1.8,2016-02-28,05:45,A,61,5.0       ,298.1,96.1
13.837,107.453,329.5,2.9,1.6,2016-02-28,05:45,A,82,5.0       ,298.2,112.7
13.795,107.456,331.7,2.9,1.6,2016-02-28,05:45,A,84,5.0       ,300.1,108.9
13.79,107.43,326.7,2.9,1.6,2016-02-28,05:45,A,71,5.0       ,299.2,76.1
13.452,105.647,315.5,4,1.9,2016-02-28,05:45,A,59,5.0       ,295.7,75.6
13.809,107.454,329.8,2.9,1.6,2016-02-28,05:45,A,66,5.0       ,297.7,101
13.804,107.428,348.4,2.9,1.6,2016-02-28,05:45,A,94,5.0       ,298.2,260
13.838,107.449,324.3,2.9,1.6,2016-02-28,05:45,A,72,5.0       ,297.8,79.5
13.651,106.349,336.5,3.5,1.8,2016-02-28,05:45,A,88,5.0       ,299.6,195.6
13.876,107.496,347.4,2.9,1.6,2016-02-28,05:45,A,94,5.0       ,299.6,254.8
13.955,107.253,320.3,3,1.6,2016-02-28,05:45,A,44,5.0       ,302.8,52.8
-2.994,141.29,317.2,1,1,2016-02-28,01:05,T,51,5.0       ,292.5,14.2
-3.042,141.367,316.8,1,1,2016-02-28,01:05,T,67,5.0       ,292.4,13.2
-3.82,141.779,313.2,1.1,1,2016-02-28,01:05,T,41,5.0       ,295.2,7.8
-9.002,142.233,312.3,1.3,1.1,2016-02-28,01:05,T,29,5.0       ,294.8,10.4
-10.79,142.586,310.9,1.4,1.2,2016-02-28,01:05,T,0,5.0       ,294.5,12
-0.845,116.915,317.8,1.1,1,2016-02-28,05:40,A,68,5.0       ,297.1,11.7
-0.481,117.394,320.3,1,1,2016-02-28,05:40,A,72,5.0       ,298,11.8
-0.036,117.291,323.8,1,1,2016-02-28,05:40,A,43,5.0       ,291.6,18.8
-0.001,117.408,331.9,1,1,2016-02-28,05:40,A,53,5.0       ,300.8,17.2
0.072,117.4,325.7,1,1,2016-02-28,05:40,A,66,5.0       ,298.5,14.9
0.149,117.43,323.7,1,1,2016-02-28,05:40,A,65,5.0       ,299.8,9.9
0.105,116.796,326.3,1.1,1,2016-02-28,05:40,A,49,5.0       ,299.6,16.4
0.416,116.727,328.6,1.1,1,2016-02-28,05:40,A,64,5.0       ,303,20.8
0.623,117.647,322,1,1,2016-02-28,05:40,A,37,5.0       ,298.4,10.3
0.635,117.673,322.6,1,1,2016-02-28,05:40,A,60,5.0       ,301.1,11.1
0.634,117.664,324.7,1,1,2016-02-28,05:40,A,67,5.0       ,299.7,13.5
0.789,117.069,331.9,1,1,2016-02-28,05:40,A,84,5.0       ,297.8,29.1
0.796,117.072,335.3,1,1,2016-02-28,05:40,A,87,5.0       ,297.5,36.7
0.795,117.063,323.8,1,1,2016-02-28,05:40,A,70,5.0       ,296.6,17.7
0.845,117.216,322.6,1,1,2016-02-28,05:40,A,60,5.0       ,298.9,11.9
0.844,117.207,334.6,1,1,2016-02-28,05:40,A,86,5.0       ,298,30.7
0.853,117.205,322.3,1,1,2016-02-28,05:40,A,53,5.0       ,297.3,12.5
0.908,117.2,317.5,1,1,2016-02-28,05:40,A,68,5.0       ,298.4,9.3
1.189,118.201,318.2,1,1,2016-02-28,05:40,A,55,5.0       ,297.1,11.6
1.102,117.075,324.7,1,1,2016-02-28,05:40,A,18,5.0       ,298.9,14.8
1.337,116.795,332.1,1.1,1,2016-02-28,05:40,A,70,5.0       ,296.5,26.7
3.422,117.589,324.2,1,1,2016-02-28,05:40,A,77,5.0       ,299.5,18.6
3.817,117.52,321,1,1,2016-02-28,05:40,A,56,5.0       ,302.5,14.8
3.815,117.511,321.9,1,1,2016-02-28,05:40,A,55,5.0       ,303.1,15.9
4.22,114.276,318.5,1.3,1.1,2016-02-28,05:40,A,46,5.0       ,296,17.8
4.23,114.274,318.8,1.3,1.1,2016-02-28,05:40,A,44,5.0       ,296.5,18.9
30.67,114.38,318.4,1.2,1.1,2016-02-28,05:50,A,66,5.0       ,291.2,21.9
30.669,114.368,313.8,1.2,1.1,2016-02-28,05:50,A,59,5.0       ,289.3,15.6
30.769,109.993,313.2,1,1,2016-02-28,05:50,A,57,5.0       ,292,14.4
30.977,109.784,322.2,1.1,1,2016-02-28,05:50,A,75,5.0       ,294.1,25.6
11.607,103.055,315,3.5,1.8,2016-02-28,04:20,T,59,5.0       ,294.2,67
11.612,103.051,313.9,3.5,1.8,2016-02-28,04:20,T,59,5.0       ,294.4,64
10.63,98.583,337.7,1.6,1.3,2016-02-28,04:20,T,88,5.0       ,292.5,90.8
10.628,98.597,334.8,1.6,1.3,2016-02-28,04:20,T,86,5.0       ,291.3,82.8
10.619,98.582,350.4,1.6,1.3,2016-02-28,04:20,T,95,5.0       ,294,141.8
10.616,98.596,353.3,1.6,1.3,2016-02-28,04:20,T,97,5.0       ,293.8,158.1
10.607,98.58,311.2,1.6,1.3,2016-02-28,04:20,T,47,5.0       ,292.8,18.4
10.605,98.594,313.2,1.6,1.3,2016-02-28,04:20,T,57,5.0       ,292.2,24.6
4.816,101.08,313.4,3.3,1.7,2016-02-28,04:20,T,42,5.0       ,295.7,43.8
1.246,98.931,315.7,2.5,1.5,2016-02-28,04:20,T,40,5.0       ,292.5,39.5
1.24,98.924,312,2.5,1.5,2016-02-28,04:20,T,36,5.0       ,291.5,28.1
-8.881,120.74,315.2,1,1,2016-02-28,05:35,A,31,5.0       ,290.1,8.9
-8.229,123.644,323.1,1.3,1.1,2016-02-28,05:35,A,0,5.0       ,299.2,26.2
-8.23,123.632,324.2,1.3,1.1,2016-02-28,05:35,A,0,5.0       ,300.1,28.8
11.138,108.324,327.2,2.8,1.6,2016-02-28,05:45,A,22,5.0       ,300.8,56.4
11.133,108.3,326.4,2.8,1.6,2016-02-28,05:45,A,28,5.0       ,300.9,56
12.039,107.942,331.1,2.9,1.6,2016-02-28,05:45,A,84,5.0       ,296.3,137.8
12.036,107.836,321.3,2.9,1.6,2016-02-28,05:45,A,74,5.0       ,296.1,77.7
12.045,107.963,315.9,2.9,1.6,2016-02-28,05:45,A,47,5.0       ,295.1,48.4
12.041,107.937,323.8,2.9,1.6,2016-02-28,05:45,A,77,5.0       ,296.5,86.7
12.022,107.833,319.2,2.9,1.6,2016-02-28,05:45,A,71,5.0       ,296,62.8
12.094,106.548,321.3,3.7,1.8,2016-02-28,05:45,A,27,5.0       ,299.5,49.8
12.179,106.566,327.6,3.6,1.8,2016-02-28,05:45,A,81,5.0       ,302.2,78.2
12.234,106.69,332.9,3.6,1.8,2016-02-28,05:45,A,85,5.0       ,302,115
12.228,106.657,325.7,3.6,1.8,2016-02-28,05:45,A,65,5.0       ,301.6,51.6
12.172,106.562,325.4,3.6,1.8,2016-02-28,05:45,A,77,5.0       ,301,59.7
12.118,106.187,322.7,3.9,1.8,2016-02-28,05:45,A,63,5.0       ,300.3,54.4
12.112,106.152,320.8,3.9,1.8,2016-02-28,05:45,A,53,5.0       ,297.4,36.2
13.956,107.249,320.6,3,1.6,2016-02-28,05:45,A,45,5.0       ,303,55
13.752,105.725,323.1,3.9,1.8,2016-02-28,05:45,A,58,5.0       ,298.4,94
14.249,108.114,331.6,2.5,1.5,2016-02-28,05:45,A,84,5.0       ,300.8,109.4
14.26,107.774,343.5,2.7,1.6,2016-02-28,05:45,A,92,5.0       ,299.8,214.9
14.255,107.746,315.2,2.7,1.6,2016-02-28,05:45,A,26,5.0       ,297.8,41.4
14.265,107.769,343.4,2.7,1.6,2016-02-28,05:45,A,92,5.0       ,300.1,214.4
14.43,108.093,325.9,2.5,1.5,2016-02-28,05:45,A,79,5.0       ,298.7,85.6
14.426,108.071,341.8,2.5,1.5,2016-02-28,05:45,A,91,5.0       ,297.6,185.4
14.818,107.849,322,2.6,1.5,2016-02-28,05:45,A,32,5.0       ,301.9,67.7
14.863,107.943,317.9,2.5,1.5,2016-02-28,05:45,A,64,5.0       ,292.8,60.2
14.949,106.399,311.4,3.3,1.7,2016-02-28,05:45,A,48,5.0       ,293.4,52.8
15.333,106.4,319.8,3.2,1.7,2016-02-28,05:45,A,41,5.0       ,294.4,83.1
15.398,106.416,312.5,3.2,1.7,2016-02-28,05:45,A,25,5.0       ,295.6,40.9
15.396,106.409,313.2,3.2,1.7,2016-02-28,05:45,A,27,5.0       ,295.8,44.3
15.328,104.362,316.1,4.6,2,2016-02-28,05:45,A,65,5.0       ,297.7,69.6
15.329,104.354,317.9,4.6,2,2016-02-28,05:45,A,69,5.0       ,297.8,90.1
16.147,106.654,311.6,3,1.6,2016-02-28,05:45,A,50,5.0       ,291.9,50.9
19.941,103.508,311.9,4.3,1.9,2016-02-28,05:45,A,52,5.0       ,285,104
21.84,112.15,311.8,1.1,1,2016-02-28,05:45,A,37,5.0       ,296.9,8.7
21.197,107.221,314,2.1,1.4,2016-02-28,05:45,A,55,5.0       ,284,53.7
23.125,115.625,360.8,1.1,1.1,2016-02-28,05:45,A,100,5.0       ,284.2,116.9
23.123,115.614,319.3,1.1,1.1,2016-02-28,05:45,A,71,5.0       ,286.3,24.4
23.13,115.617,333,1.1,1.1,2016-02-28,05:45,A,85,5.0       ,285.5,46.5
23.783,116.794,344.7,1.3,1.1,2016-02-28,05:45,A,92,5.0       ,293.1,87.9
24.619,117.795,312.7,1.5,1.2,2016-02-28,05:45,A,55,5.0       ,300,16.4
24.757,116.969,316.1,1.4,1.2,2016-02-28,05:45,A,65,5.0       ,280.2,31.4
15.09,99.943,323,3.7,1.8,2016-02-28,07:20,A,73,5.0       ,299.3,64.9
15.086,99.909,322.5,3.6,1.8,2016-02-28,07:20,A,75,5.0       ,299.2,54.8
15.081,99.938,323.3,3.7,1.8,2016-02-28,07:20,A,76,5.0       ,299,67.1
15.837,95.521,318.1,1.7,1.3,2016-02-28,07:20,A,69,5.0       ,298.3,22.5
15.835,95.506,315.6,1.7,1.3,2016-02-28,07:20,A,64,5.0       ,298.4,16.8
16.569,98.03,321.8,2.7,1.6,2016-02-28,07:20,A,74,5.0       ,298.5,45.2
16.454,94.601,325.5,1.5,1.2,2016-02-28,07:20,A,72,5.0       ,303.6,24
16.452,94.587,328.8,1.5,1.2,2016-02-28,07:20,A,82,5.0       ,302.5,31.4
13.582,99.292,318.7,3.1,1.7,2016-02-28,07:20,A,60,5.0       ,290.7,62
13.782,99.057,321.4,3,1.6,2016-02-28,07:20,A,74,5.0       ,297.7,76.2
13.787,99.078,319.6,3,1.7,2016-02-28,07:20,A,49,5.0       ,296.8,58.3
14.003,99.136,329.1,3.1,1.7,2016-02-28,07:20,A,82,5.0       ,302.5,89
14.003,99.128,328.7,3.1,1.7,2016-02-28,07:20,A,82,5.0       ,302.4,87
16.808,97.274,331.6,2.4,1.5,2016-02-28,07:25,A,84,5.0       ,297.8,94.5
18.478,95.809,330,2,1.4,2016-02-28,07:25,A,83,5.0       ,304.8,46
18.786,95.745,321.1,2,1.4,2016-02-28,07:25,A,35,5.0       ,301.7,21.6
18.818,95.704,325.8,2,1.4,2016-02-28,07:25,A,79,5.0       ,304.6,31
18.906,95.03,324.8,1.8,1.3,2016-02-28,07:25,A,24,5.0       ,295.2,37.8
18.901,95.025,328.4,1.8,1.3,2016-02-28,07:25,A,71,5.0       ,295.2,49.1
19.083,93.754,323.3,1.4,1.2,2016-02-28,07:25,A,76,5.0       ,302.3,21.3
19.165,94.156,322.4,1.5,1.2,2016-02-28,07:25,A,30,5.0       ,303,18.4
19.466,93.719,321,1.4,1.2,2016-02-28,07:25,A,66,5.0       ,300.2,17.9
19.464,93.705,322.9,1.4,1.2,2016-02-28,07:25,A,76,5.0       ,302.9,21.2
19.469,93.713,325.1,1.4,1.2,2016-02-28,07:25,A,67,5.0       ,302.1,26.3
19.835,95.719,324.9,2,1.4,2016-02-28,07:25,A,55,5.0       ,303.1,34.3
19.781,94.536,322.9,1.7,1.3,2016-02-28,07:25,A,67,5.0       ,300,24.7
20.177,95.632,326.2,2,1.4,2016-02-28,07:25,A,43,5.0       ,304.5,40.2
19.937,93.521,328.8,1.4,1.2,2016-02-28,07:25,A,62,5.0       ,300.3,43.9
20.216,94.538,323.6,1.7,1.3,2016-02-28,07:25,A,77,5.0       ,301.4,21.4
20.216,94.547,325.5,1.7,1.3,2016-02-28,07:25,A,79,5.0       ,302.9,26.4
20.881,93.014,323.7,1.4,1.2,2016-02-28,07:25,A,63,5.0       ,306.9,16.6
20.893,93.025,322.3,1.4,1.2,2016-02-28,07:25,A,49,5.0       ,305.5,13.1
20.891,93.012,323.3,1.4,1.2,2016-02-28,07:25,A,60,5.0       ,305.4,16.1
22.067,94.592,321.3,1.8,1.3,2016-02-28,07:25,A,61,5.0       ,303.1,19.7
22.705,94.075,320.2,1.7,1.3,2016-02-28,07:25,A,58,5.0       ,302.9,17.6
23.122,89.601,319.7,1,1,2016-02-28,07:25,A,72,5.0       ,299.6,12.3
24.774,97.305,312.9,3.1,1.7,2016-02-28,07:25,A,48,5.0       ,298.7,44.2
24.85,97.322,312.1,3.1,1.7,2016-02-28,07:25,A,52,5.0       ,295.8,45.5
24.847,97.292,311.4,3.1,1.7,2016-02-28,07:25,A,48,5.0       ,295.9,44.1
24.849,97.315,316,3.1,1.7,2016-02-28,07:25,A,65,5.0       ,295.9,68.4
24.933,97.063,326.6,3,1.6,2016-02-28,07:25,A,80,5.0       ,297,121.8
24.736,95.053,311.5,2.1,1.4,2016-02-28,07:25,A,42,5.0       ,298.4,23
24.934,97.088,312.8,3,1.7,2016-02-28,07:25,A,56,5.0       ,294.7,46.7
24.932,97.058,321.4,3,1.6,2016-02-28,07:25,A,74,5.0       ,296.7,94
25.044,97.13,310.7,3,1.7,2016-02-28,07:25,A,42,5.0       ,294.8,38.5
25.168,91.716,314.8,1.3,1.1,2016-02-28,07:25,A,33,5.0       ,301.9,9.6
25.214,91.169,317.4,1.2,1.1,2016-02-28,07:25,A,66,5.0       ,303.3,12.9
25.212,91.158,319.9,1.2,1.1,2016-02-28,07:25,A,72,5.0       ,302.2,16.8
25.284,91.067,327.7,1.2,1.1,2016-02-28,07:25,A,81,5.0       ,302.5,31.9
25.517,92.81,313.9,1.5,1.2,2016-02-28,07:25,A,57,5.0       ,300.4,13.6
25.306,91.005,315.4,1.2,1.1,2016-02-28,07:25,A,64,5.0       ,300.4,13.5
25.586,92.718,317.1,1.5,1.2,2016-02-28,07:25,A,67,5.0       ,300.8,23.9
25.68,92.635,315.7,1.5,1.2,2016-02-28,07:25,A,64,5.0       ,298.7,21.6
25.56,91.005,312.2,1.2,1.1,2016-02-28,07:25,A,0,5.0       ,294.4,12
25.628,91.323,310.3,1.2,1.1,2016-02-28,07:25,A,36,5.0       ,296.9,9.9
25.621,91.177,310.9,1.2,1.1,2016-02-28,07:25,A,40,5.0       ,297.6,10.6
25.737,91.809,313.7,1.3,1.1,2016-02-28,07:25,A,27,5.0       ,294.8,14.4
25.641,90.751,318.9,1.2,1.1,2016-02-28,07:25,A,70,5.0       ,302.7,14.2
25.695,91.111,314.4,1.2,1.1,2016-02-28,07:25,A,61,5.0       ,296.4,15.7
25.977,93.267,315.2,1.7,1.3,2016-02-28,07:25,A,57,5.0       ,301.7,15.9
25.986,93.26,316.1,1.7,1.3,2016-02-28,07:25,A,60,5.0       ,302.3,15
25.931,92.348,313,1.4,1.2,2016-02-28,07:25,A,57,5.0       ,299.9,11.8
12.772,105.138,322.6,4.7,2,2016-02-28,04:20,T,75,5.0       ,295.7,130.2
13.978,98.077,313.7,1.3,1.1,2016-02-28,04:20,T,0,5.0       ,299.8,11.5
13.662,99.962,314.1,1.8,1.3,2016-02-28,04:20,T,47,5.0       ,298.6,18.5
13.659,99.978,314,1.8,1.3,2016-02-28,04:20,T,59,5.0       ,298.2,20
13.653,99.972,317.1,1.8,1.3,2016-02-28,04:20,T,58,5.0       ,298,25.2
13.553,100.058,311.4,1.9,1.3,2016-02-28,04:20,T,48,5.0       ,298.2,14.5
12.706,104.607,313.6,4.3,1.9,2016-02-28,04:20,T,59,5.0       ,294.9,55
13.592,99.289,318.6,1.6,1.3,2016-02-28,04:20,T,64,5.0       ,298.7,26.7
13.589,99.304,336.4,1.6,1.3,2016-02-28,04:20,T,88,5.0       ,300,76.1
13.166,101.217,318,2.3,1.5,2016-02-28,04:20,T,66,5.0       ,300.3,29.6
13.17,101.211,319,2.3,1.5,2016-02-28,04:20,T,62,5.0       ,300.7,32.5
13.23,98.757,311.3,1.5,1.2,2016-02-28,04:20,T,47,5.0       ,297.6,13
13.078,99.597,316.6,1.8,1.3,2016-02-28,04:20,T,57,5.0       ,298.7,24.9
12.417,103.325,318.2,3.5,1.8,2016-02-28,04:20,T,50,5.0       ,297.4,54.3
12.491,102.752,312.5,3.2,1.7,2016-02-28,04:20,T,24,5.0       ,295.4,44.5
13.07,99.59,322.2,1.8,1.3,2016-02-28,04:20,T,69,5.0       ,298.4,40.2
12.407,103.316,318.2,3.5,1.8,2016-02-28,04:20,T,55,5.0       ,297.4,53.5
12.781,101.093,316.5,2.3,1.5,2016-02-28,04:20,T,65,5.0       ,296.5,34.6
12.493,102.745,310.6,3.2,1.7,2016-02-28,04:20,T,28,5.0       ,295.6,38.5
12.366,103.276,319.7,3.5,1.8,2016-02-28,04:20,T,51,5.0       ,298.2,67.5
12.458,102.34,322.6,2.9,1.6,2016-02-28,04:20,T,75,5.0       ,296.8,89.2
12.453,102.367,312.6,3,1.6,2016-02-28,04:20,T,55,5.0       ,296.1,36.5
12.296,103.066,317,3.4,1.7,2016-02-28,04:20,T,60,5.0       ,298.5,43.6
12.14,103.918,328.7,3.9,1.8,2016-02-28,04:20,T,80,5.0       ,296,187.2
12.134,103.909,329.7,3.9,1.8,2016-02-28,04:20,T,82,5.0       ,295.6,202.1
11.7,104.034,321.7,4.1,1.9,2016-02-28,04:20,T,57,5.0       ,298.1,71.9
11.696,104.026,320.7,4.1,1.9,2016-02-28,04:20,T,30,5.0       ,298,74.3
12.474,98.646,317.4,1.5,1.2,2016-02-28,04:20,T,48,5.0       ,300.7,16.1
4.398,114.237,327.9,1.3,1.1,2016-02-28,05:40,A,68,5.0       ,297,29.5
4.429,114.232,341.8,1.3,1.1,2016-02-28,05:40,A,91,5.0       ,295.9,62.6
4.427,114.221,368.9,1.3,1.1,2016-02-28,05:40,A,100,5.0       ,298.9,161.3
4.426,114.227,357.7,1.3,1.1,2016-02-28,05:40,A,99,5.0       ,297.2,117.4
4.424,114.215,333.2,1.3,1.1,2016-02-28,05:40,A,79,5.0       ,298.5,38.6
4.436,114.226,340.1,1.3,1.1,2016-02-28,05:40,A,90,5.0       ,295.6,62.7
4.434,114.214,338,1.3,1.1,2016-02-28,05:40,A,89,5.0       ,297.7,54.8
4.517,114.013,333.9,1.4,1.2,2016-02-28,05:40,A,72,5.0       ,297.8,46.2
4.516,114,329.4,1.4,1.2,2016-02-28,05:40,A,37,5.0       ,296.4,33.1
4.592,114.443,312.7,1.3,1.1,2016-02-28,05:40,A,20,5.0       ,294,10.1
4.528,114.011,324.2,1.4,1.2,2016-02-28,05:40,A,76,5.0       ,295.2,28.2
4.602,114.441,321.8,1.3,1.1,2016-02-28,05:40,A,74,5.0       ,295.4,25
4.597,114.337,321.1,1.3,1.1,2016-02-28,05:40,A,42,5.0       ,297.7,18.3
4.661,114.496,332.8,1.3,1.1,2016-02-28,05:40,A,85,5.0       ,290.6,44.3
4.659,114.484,332.4,1.3,1.1,2016-02-28,05:40,A,80,5.0       ,291.4,42.3
5.425,115.525,319.5,1.1,1,2016-02-28,05:40,A,54,5.0       ,297.2,12.4
5.446,115.542,334.2,1.1,1,2016-02-28,05:40,A,86,5.0       ,297.7,34.4
5.454,115.544,321,1.1,1,2016-02-28,05:40,A,73,5.0       ,296.7,16.5
5.472,115.541,331.9,1.1,1,2016-02-28,05:40,A,84,5.0       ,297.6,31.2
25.897,91.957,311.7,1.4,1.2,2016-02-28,07:25,A,50,5.0       ,298,11.8
25.972,92.415,310.9,1.5,1.2,2016-02-28,07:25,A,44,5.0       ,298.8,10.5
26.379,93.841,317,1.8,1.3,2016-02-28,07:25,A,67,5.0       ,301.3,28.2
26.161,89.945,315.8,1.1,1,2016-02-28,07:25,A,49,5.0       ,304,8.2
26.651,93.499,331.1,1.8,1.3,2016-02-28,07:25,A,84,5.0       ,302.7,66.9
26.511,92.247,322.8,1.4,1.2,2016-02-28,07:25,A,62,5.0       ,301.6,24.1
26.649,93.51,320.4,1.8,1.3,2016-02-28,07:25,A,73,5.0       ,304.9,31.1
26.647,93.492,326.1,1.8,1.3,2016-02-28,07:25,A,79,5.0       ,302.6,50.6
26.582,92.349,334.6,1.5,1.2,2016-02-28,07:25,A,86,5.0       ,304,56.1
26.58,92.334,337,1.5,1.2,2016-02-28,07:25,A,88,5.0       ,301.4,62.6
26.314,89.903,339.8,1.1,1,2016-02-28,07:25,A,90,5.0       ,309.8,40.9
26.626,90.115,315.3,1.1,1.1,2016-02-28,07:25,A,60,5.0       ,303,8.5
26.763,90.941,323.9,1.2,1.1,2016-02-28,07:25,A,77,5.0       ,309,19.6
26.682,90.133,313.7,1.1,1.1,2016-02-28,07:25,A,58,5.0       ,301.4,7.5
26.645,89.769,325.9,1.1,1,2016-02-28,07:25,A,67,5.0       ,308.8,14.5
27.018,92.576,310.9,1.5,1.2,2016-02-28,07:25,A,24,5.0       ,298.8,18.1
27,92.114,312.1,1.4,1.2,2016-02-28,07:25,A,53,5.0       ,285.9,24.7
26.829,90.5,325.1,1.2,1.1,2016-02-28,07:25,A,72,5.0       ,308.7,15.3
26.828,90.488,332.1,1.2,1.1,2016-02-28,07:25,A,84,5.0       ,308.6,26.6
26.844,90.267,325.2,1.1,1.1,2016-02-28,07:25,A,63,5.0       ,306.3,22.1
26.842,90.256,321.8,1.1,1.1,2016-02-28,07:25,A,57,5.0       ,306.9,16.5
26.761,89.4,322.1,1.1,1,2016-02-28,07:25,A,36,5.0       ,308,11.9
26.76,89.39,323.7,1.1,1,2016-02-28,07:25,A,60,5.0       ,307.3,14.2
28.127,94.611,315.4,2.2,1.4,2016-02-28,07:25,A,54,5.0       ,290.5,54.3
28.127,94.631,312.2,2.2,1.4,2016-02-28,07:25,A,41,5.0       ,293.7,41.8
1.336,102.439,317.6,3.5,1.8,2016-02-28,07:20,A,47,5.0       ,292,70.6
4.43,95.9,333.4,1.3,1.1,2016-02-28,07:20,A,85,5.0       ,300.7,39.4
13.222,101.168,319.3,4.3,1.9,2016-02-28,07:20,A,62,5.0       ,300.1,79.9
13.049,99.635,316.8,3.2,1.7,2016-02-28,07:20,A,55,5.0       ,293.6,58.2
13.045,99.627,316,3.2,1.7,2016-02-28,07:20,A,52,5.0       ,293.2,53
13.223,101.162,319.5,4.3,1.9,2016-02-28,07:20,A,62,5.0       ,300.1,83
13.585,99.298,322.2,3.1,1.7,2016-02-28,07:20,A,63,5.0       ,291,78.9
26.699,88.533,318.9,1,1,2016-02-28,07:25,A,36,5.0       ,303.1,10.9
26.711,88.49,322,1,1,2016-02-28,07:25,A,57,5.0       ,303.7,14.4
27.22,92.449,323.1,1.5,1.2,2016-02-28,07:25,A,76,5.0       ,302.1,40.6
26.759,88.502,319.8,1,1,2016-02-28,07:25,A,72,5.0       ,300.7,13.9
26.853,88.989,341.6,1,1,2016-02-28,07:25,A,91,5.0       ,310.8,42.1
26.852,88.979,327.3,1,1,2016-02-28,07:25,A,33,5.0       ,309.5,17.9
26.816,88.444,312.3,1,1,2016-02-28,07:25,A,42,5.0       ,300.9,6
27.364,92.419,310.4,1.5,1.2,2016-02-28,07:25,A,27,5.0       ,291.2,23.1
27.492,93.78,316.2,1.9,1.3,2016-02-28,07:25,A,65,5.0       ,289.1,39.6
26.982,88.856,319.7,1,1,2016-02-28,07:25,A,70,5.0       ,302.5,11
11.875,105.333,310,1.2,1.1,2016-02-28,15:10,T,69,5.0       ,292,16.4
11.876,104.274,324.1,1.4,1.2,2016-02-28,15:10,T,100,5.0       ,293.7,47.2
11.874,104.261,346.8,1.5,1.2,2016-02-28,15:10,T,100,5.0       ,295,113
11.87,104.268,323.8,1.4,1.2,2016-02-28,15:10,T,100,5.0       ,294.1,46.6
11.868,104.255,307.2,1.5,1.2,2016-02-28,15:10,T,52,5.0       ,293.5,15.8
11.88,104.267,337.5,1.4,1.2,2016-02-28,15:10,T,100,5.0       ,293.8,81.5
11.878,104.254,315.9,1.5,1.2,2016-02-28,15:10,T,89,5.0       ,293.5,30.1
12.393,105.765,310.9,1.2,1.1,2016-02-28,15:10,T,73,5.0       ,276.2,20.5
12.507,105.847,306.7,1.1,1.1,2016-02-28,15:10,T,48,5.0       ,283.6,12.7
12.506,105.837,307,1.1,1.1,2016-02-28,15:10,T,50,5.0       ,281.3,13.2
12.552,105.819,310.7,1.1,1.1,2016-02-28,15:10,T,72,5.0       ,284.6,16.7
12.55,105.808,314.7,1.1,1.1,2016-02-28,15:10,T,86,5.0       ,284.5,22.3
12.614,105.685,323.9,1.2,1.1,2016-02-28,15:10,T,100,5.0       ,288.8,34.1
12.646,105.701,308.4,1.2,1.1,2016-02-28,15:10,T,27,5.0       ,291.3,11.3
12.644,105.691,312.7,1.2,1.1,2016-02-28,15:10,T,80,5.0       ,291.4,17.1
12.649,105.695,317.6,1.2,1.1,2016-02-28,15:10,T,94,5.0       ,291.7,23.6
12.665,105.735,319.4,1.2,1.1,2016-02-28,15:10,T,98,5.0       ,289.4,27.3
12.662,105.714,308.9,1.2,1.1,2016-02-28,15:10,T,50,5.0       ,290.2,13.7
12.66,105.704,321.5,1.2,1.1,2016-02-28,15:10,T,100,5.0       ,291.1,30.5
12.648,105.63,307.6,1.2,1.1,2016-02-28,15:10,T,55,5.0       ,287.5,12.8
12.647,105.619,307.8,1.2,1.1,2016-02-28,15:10,T,57,5.0       ,287.8,13.4
12.653,105.596,312.6,1.2,1.1,2016-02-28,15:10,T,79,5.0       ,286.8,18.3
12.652,105.585,310.5,1.2,1.1,2016-02-28,15:10,T,71,5.0       ,287.4,16.4
12.65,105.575,311.1,1.2,1.1,2016-02-28,15:10,T,74,5.0       ,288.9,17.2
12.661,105.584,306.3,1.2,1.1,2016-02-28,15:10,T,44,5.0       ,286.2,11.7
12.659,105.573,314.2,1.2,1.1,2016-02-28,15:10,T,85,5.0       ,288.2,21.7
12.701,105.783,310.3,1.1,1.1,2016-02-28,15:10,T,70,5.0       ,283.8,16.5
12.733,105.577,321.1,1.2,1.1,2016-02-28,15:10,T,100,5.0       ,289.8,30.6
12.731,105.567,306.5,1.2,1.1,2016-02-28,15:10,T,46,5.0       ,288.8,11.7
12.763,105.714,306.5,1.2,1.1,2016-02-28,15:10,T,46,5.0       ,287.3,12.4
12.981,105.931,308.9,1.1,1.1,2016-02-28,15:10,T,63,5.0       ,286.8,13
12.979,105.921,316.7,1.1,1.1,2016-02-28,15:10,T,91,5.0       ,286.9,22.7
13.151,106.75,308.1,1,1,2016-02-28,15:10,T,59,5.0       ,291.7,10.4
13.319,107.851,306.7,1,1,2016-02-28,15:10,T,48,5.0       ,292.4,9.8
13,105.45,305,1.2,1.1,2016-02-28,15:10,T,13,5.0       ,289.3,9.9
13.109,106.04,312.7,1.1,1,2016-02-28,15:10,T,80,5.0       ,291.9,16
13.204,106.549,313.6,1.1,1,2016-02-28,15:10,T,83,5.0       ,291.5,15.4
13.213,106.547,327.9,1.1,1,2016-02-28,15:10,T,100,5.0       ,292.9,34
13.236,106.573,340,1.1,1,2016-02-28,15:10,T,100,5.0       ,295.4,54.2
13.234,106.564,382.4,1.1,1,2016-02-28,15:10,T,100,5.0       ,302.4,184.6
13.233,106.554,393.7,1.1,1,2016-02-28,15:10,T,100,5.0       ,302.2,241.4
13.231,106.544,342.3,1.1,1,2016-02-28,15:10,T,100,5.0       ,295,59.3
13.244,106.576,309.6,1.1,1,2016-02-28,15:10,T,67,5.0       ,293.4,11.9
13.242,106.566,347.6,1.1,1,2016-02-28,15:10,T,100,5.0       ,295.6,72.3
13.241,106.557,376.1,1.1,1,2016-02-28,15:10,T,100,5.0       ,298.4,159.8
13.239,106.547,322.7,1.1,1,2016-02-28,15:10,T,100,5.0       ,294.3,27.4
13.231,106.3,306.4,1.1,1,2016-02-28,15:10,T,45,5.0       ,291.6,8.3
13.229,106.29,316.3,1.1,1,2016-02-28,15:10,T,90,5.0       ,291.7,19.1
13.27,106.503,311.2,1.1,1,2016-02-28,15:10,T,74,5.0       ,293.9,13.5
13.281,106.511,321.9,1.1,1,2016-02-28,15:10,T,100,5.0       ,294,26.2
13.279,106.501,331.1,1.1,1,2016-02-28,15:10,T,100,5.0       ,294.5,39.9
13.333,106.307,331.7,1.1,1,2016-02-28,15:10,T,100,5.0       ,294.1,39.6
13.31,106.149,306.7,1.1,1,2016-02-28,15:10,T,48,5.0       ,294.6,7.8
13.655,108.398,307.5,1,1,2016-02-28,15:10,T,54,5.0       ,290.7,12.2
13.352,106.304,306.5,1.1,1,2016-02-28,15:10,T,21,5.0       ,293.3,6.8
13.35,106.295,306.2,1.1,1,2016-02-28,15:10,T,19,5.0       ,293.5,6.8
13.367,106.342,312.2,1.1,1,2016-02-28,15:10,T,78,5.0       ,294.3,13.3
13.234,105.113,314.4,1.2,1.1,2016-02-28,15:10,T,85,5.0       ,292.3,20.2
13.232,105.102,357.3,1.2,1.1,2016-02-28,15:10,T,100,5.0       ,297.5,120.9
13.23,105.091,306.5,1.2,1.1,2016-02-28,15:10,T,24,5.0       ,293.4,10.6
13.356,105.847,305.3,1.1,1.1,2016-02-28,15:10,T,26,5.0       ,293.8,8
13.244,105.111,307.3,1.2,1.1,2016-02-28,15:10,T,49,5.0       ,292.1,11.3
13.242,105.1,363.7,1.2,1.1,2016-02-28,15:10,T,100,5.0       ,295.9,144.6
13.24,105.089,323.9,1.2,1.1,2016-02-28,15:10,T,100,5.0       ,293.5,35.4
13.303,105.305,306.4,1.2,1.1,2016-02-28,15:10,T,45,5.0       ,293.3,10.6
13.302,105.294,314.3,1.2,1.1,2016-02-28,15:10,T,85,5.0       ,293.1,20.5
13.313,105.303,310.5,1.2,1.1,2016-02-28,15:10,T,71,5.0       ,293.2,15.3
13.555,106.81,308.6,1,1,2016-02-28,15:10,T,62,5.0       ,294,10.7
13.596,107.025,318.5,1,1,2016-02-28,15:10,T,96,5.0       ,293.1,21.9
13.595,107.015,325.8,1,1,2016-02-28,15:10,T,100,5.0       ,293.5,31.3
12.929,102.427,306.5,1.9,1.3,2016-02-28,15:10,T,46,5.0       ,291.9,26.4
13.746,107.615,317.1,1,1,2016-02-28,15:10,T,93,5.0       ,291.6,20.9
13.731,107.514,324.7,1,1,2016-02-28,15:10,T,100,5.0       ,292.6,29.7
13.545,106.063,312.8,1.1,1,2016-02-28,15:10,T,80,5.0       ,294.7,15
13.709,106.79,307.8,1,1,2016-02-28,15:10,T,57,5.0       ,293.7,9.8
13.833,107.448,306.4,1,1,2016-02-28,15:10,T,45,5.0       ,292.6,9.9
13.728,106.732,307.8,1,1,2016-02-28,15:10,T,56,5.0       ,293.7,9.6
13.756,106.863,326.2,1,1,2016-02-28,15:10,T,100,5.0       ,294.4,31.7
13.586,105.728,305.4,1.1,1.1,2016-02-28,15:10,T,28,5.0       ,293.3,9.5
13.643,105.979,306.1,1.1,1,2016-02-28,15:10,T,41,5.0       ,294,7.3
13.639,105.762,309,1.1,1.1,2016-02-28,15:10,T,60,5.0       ,293.8,13.2
13.649,105.76,317.3,1.1,1.1,2016-02-28,15:10,T,93,5.0       ,294,22.6
13.647,105.75,305.9,1.1,1.1,2016-02-28,15:10,T,36,5.0       ,293.6,8.7
13.875,107.235,310.1,1,1,2016-02-28,15:10,T,69,5.0       ,293,12.9
13.824,106.881,312.5,1,1,2016-02-28,15:10,T,79,5.0       ,293.4,14.5
13.822,106.872,316.2,1,1,2016-02-28,15:10,T,90,5.0       ,293.7,18.6
13.885,107.242,313.3,1,1,2016-02-28,15:10,T,81,5.0       ,292.3,16
13.884,107.233,331,1,1,2016-02-28,15:10,T,100,5.0       ,293.1,38.5
13.962,107.262,309.5,1,1,2016-02-28,15:10,T,67,5.0       ,292.5,12.8
13.757,105.737,320.5,1.1,1.1,2016-02-28,15:10,T,100,5.0       ,294.4,25.3
13.758,105.709,305.3,1.1,1.1,2016-02-28,15:10,T,27,5.0       ,294.1,7.8
13.984,107.092,306.2,1,1,2016-02-28,15:10,T,42,5.0       ,293.8,8.8
14.028,107.208,307.8,1,1,2016-02-28,15:10,T,57,5.0       ,292.9,10.7
14.027,107.199,314.8,1,1,2016-02-28,15:10,T,86,5.0       ,292.5,17.7
13.745,105.246,312.6,1.2,1.1,2016-02-28,15:10,T,79,5.0       ,291.9,17.5
14.105,107.619,309.8,1,1,2016-02-28,15:10,T,68,5.0       ,293.1,12.2
13.859,105.932,316.2,1.1,1,2016-02-28,15:10,T,88,5.0       ,294.9,20.1
13.752,105.223,307.5,1.2,1.1,2016-02-28,15:10,T,54,5.0       ,291.7,12.2
14.121,107.664,308.5,1,1,2016-02-28,15:10,T,61,5.0       ,292.9,11.7
13.87,105.941,305.3,1.1,1,2016-02-28,15:10,T,9,5.0       ,293.9,7.7
13.632,104.307,310.4,1.4,1.2,2016-02-28,15:10,T,71,5.0       ,289.5,20
14.13,107.591,311.5,1,1,2016-02-28,15:10,T,75,5.0       ,292.8,14.9
13.628,104.303,313,1.4,1.2,2016-02-28,15:10,T,80,5.0       ,289.7,23.3
13.904,105.94,308.7,1.1,1,2016-02-28,15:10,T,57,5.0       ,293.1,12.6
14.042,106.365,308.7,1.1,1,2016-02-28,15:10,T,62,5.0       ,294.8,10.5
13.935,104.358,309.6,1.3,1.1,2016-02-28,15:10,T,67,5.0       ,291.1,18.4
14.244,105.621,305.3,1.1,1.1,2016-02-28,15:10,T,25,5.0       ,293,9.9
13.993,104.011,306.2,1.4,1.2,2016-02-28,15:10,T,43,5.0       ,293.6,14.3
14.003,104.009,305.7,1.4,1.2,2016-02-28,15:10,T,36,5.0       ,292.9,14
14.03,104.108,307.1,1.4,1.2,2016-02-28,15:10,T,51,5.0       ,292.6,15.8
14.208,105.129,305.9,1.2,1.1,2016-02-28,15:10,T,39,5.0       ,293.8,9.7
14.022,103.927,313.1,1.4,1.2,2016-02-28,15:10,T,81,5.0       ,294.1,23.9
14.035,103.938,312.3,1.4,1.2,2016-02-28,15:10,T,78,5.0       ,294.1,22.5
14.03,103.933,313,1.4,1.2,2016-02-28,15:10,T,81,5.0       ,294.4,24
14.624,106.559,306.6,1,1,2016-02-28,15:10,T,47,5.0       ,293.3,9.1
14.363,104.602,307,1.3,1.1,2016-02-28,15:10,T,50,5.0       ,295.4,11.9
14.353,104.337,307.6,1.3,1.1,2016-02-28,15:10,T,56,5.0       ,296.5,13.5
14.361,102.938,313.8,1.6,1.3,2016-02-28,15:10,T,83,5.0       ,289.6,38
15.054,102.954,307.2,1.6,1.2,2016-02-28,15:10,T,52,5.0       ,291.4,23.2
16.123,105.497,309.4,1.1,1,2016-02-28,15:10,T,66,5.0       ,277,18.6
16.277,104.326,309.1,1.2,1.1,2016-02-28,15:10,T,64,5.0       ,289.1,19.1
16.858,104.568,319.2,1.2,1.1,2016-02-28,15:10,T,98,5.0       ,290.1,31.3
16.752,103.512,306.1,1.4,1.2,2016-02-28,15:10,T,41,5.0       ,285,17.6
16.989,102.942,305.6,1.5,1.2,2016-02-28,15:10,T,34,5.0       ,289.3,20.1
18.398,104.859,308.7,1.1,1,2016-02-28,15:10,T,62,5.0       ,285.1,18.7
18.332,104.152,305.7,1.2,1.1,2016-02-28,15:10,T,35,5.0       ,290.9,13.4
18.33,104.14,305.8,1.2,1.1,2016-02-28,15:10,T,37,5.0       ,290.8,13.1
26.139,106.299,315.9,1,1,2016-02-28,15:10,T,89,5.0       ,280.9,28.3
26.691,95.309,310.9,3.3,1.7,2016-02-28,15:10,T,73,5.0       ,284.5,106.7
26.706,95.304,317.2,3.3,1.7,2016-02-28,15:10,T,93,5.0       ,284.7,142.5
26.71,95.329,317.4,3.2,1.7,2016-02-28,15:10,T,93,5.0       ,285,144.1
26.703,95.299,319.6,3.3,1.7,2016-02-28,15:10,T,99,5.0       ,284.8,158.2
4.432,114.221,314.2,1.5,1.2,2016-02-28,15:05,T,84,5.0       ,287.1,32
11.059,106.931,323.7,1.1,1,2016-02-28,15:05,T,100,5.0       ,293.1,29.3
13.244,105.111,310,4.8,2,2016-02-28,18:00,A,69,5.0       ,291.6,123.8
13.247,105.104,306,4.8,2,2016-02-28,18:00,A,41,5.0       ,291.4,88.1
12.394,105.775,306.2,4.1,1.9,2016-02-28,18:00,A,43,5.0       ,289.1,72.7
4.407,114.248,308.9,1,1,2016-02-28,18:00,A,57,5.0       ,291.3,11.5
13.239,106.563,322,3.7,1.8,2016-02-28,17:55,A,100,5.0       ,291,172.1
13.249,106.557,306.7,3.7,1.8,2016-02-28,17:55,A,33,5.0       ,290.7,63.9
13.245,106.59,305.9,3.7,1.8,2016-02-28,17:55,A,27,5.0       ,289.1,60
13.233,106.555,307.6,3.7,1.8,2016-02-28,17:55,A,39,5.0       ,290.8,69.1
21.879,96.338,312,1.2,1.1,2016-02-28,19:35,A,77,5.0       ,283,31.1
27.179,91.251,319.5,1.2,1.1,2016-02-28,19:30,A,98,5.0       ,287.2,37.5
27.177,91.265,311.7,1.2,1.1,2016-02-28,19:30,A,76,5.0       ,285.4,26.6