latitude,longitude,brightness,scan,track,acq_date,acq_time,satellite,confidence,version,bright_t31,frp
22.427,120.538,310.7,1.1,1.1,2016-02-26,02:50,T,0,5.0       ,294.8,7.6
13.146,120.77,313,1.6,1.3,2016-02-26,02:50,T,34,5.0       ,295.6,16.2
13.811,105.302,315.6,4.7,2,2016-02-26,02:50,T,56,5.0       ,297.1,66.2
13.485,105.828,317.6,4.3,1.9,2016-02-26,02:50,T,68,5.0       ,294.7,91
12.741,106.682,314.2,3.6,1.8,2016-02-26,02:50,T,56,5.0       ,295.3,42.1
12.575,106.411,318.9,3.8,1.8,2016-02-26,02:50,T,70,5.0       ,296.6,58.3
12.131,106.19,317.5,3.8,1.8,2016-02-26,02:50,T,65,5.0       ,295.4,49.5
8.068,122.858,312.9,2.9,1.6,2016-02-26,02:50,T,56,5.0       ,296.6,38.1
8.067,122.851,311.2,2.9,1.6,2016-02-26,02:55,T,47,5.0       ,296.6,32
7.187,124.344,317.2,4,1.9,2016-02-26,02:55,T,43,5.0       ,299,63.6
6.042,121.012,312.4,2.3,1.5,2016-02-26,02:55,T,42,5.0       ,297.8,25.5
6.091,116.166,319.2,1.1,1,2016-02-26,02:55,T,56,5.0       ,299.9,11.2
5.198,120.114,310.1,2,1.4,2016-02-26,02:55,T,26,5.0       ,294.2,17.6
5.338,115.651,333.4,1.1,1,2016-02-26,02:55,T,85,5.0       ,301.6,33.8
5.329,115.649,339.7,1.1,1,2016-02-26,02:55,T,90,5.0       ,298.3,46.5
15.384,100.256,329.8,3.1,1.7,2016-02-26,04:30,T,83,5.0       ,300.3,106.2
15.453,99.716,329.1,2.8,1.6,2016-02-26,04:30,T,82,5.0       ,299.8,108.6
16.16,95.552,325.8,1.3,1.1,2016-02-26,04:30,T,79,5.0       ,297.2,33.2
16.276,94.253,313.6,1.1,1.1,2016-02-26,04:30,T,39,5.0       ,298.9,8.6
16.06,95.279,319.9,1.3,1.1,2016-02-26,04:30,T,42,5.0       ,300.3,18.3
16.062,95.273,318.8,1.3,1.1,2016-02-26,04:30,T,29,5.0       ,299.3,17.3
15.437,97.815,319.9,2,1.4,2016-02-26,04:30,T,54,5.0       ,302.5,33.1
15.435,97.809,320.5,2,1.4,2016-02-26,04:30,T,60,5.0       ,303,34.7
14.406,102.174,311.7,4.5,2,2016-02-26,04:30,T,11,5.0       ,294.4,75.5
14.82,98.618,311.2,2.4,1.5,2016-02-26,04:30,T,47,5.0       ,296.6,27.4
14.03,101.472,325.7,4.1,1.9,2016-02-26,04:30,T,79,5.0       ,298.2,141
14.023,101.509,328,4.1,1.9,2016-02-26,04:30,T,81,5.0       ,300.5,169.6
14.025,101.466,320.2,4.1,1.9,2016-02-26,04:30,T,71,5.0       ,297.2,89.8
14.018,101.503,330,4.1,1.9,2016-02-26,04:30,T,83,5.0       ,300.3,194
14.101,99.892,314.9,3.1,1.7,2016-02-26,04:30,T,60,5.0       ,296.5,37
13.629,101.922,324.1,4.5,1.9,2016-02-26,04:30,T,77,5.0       ,297.8,147.4
13.621,101.962,316,4.5,2,2016-02-26,04:30,T,65,5.0       ,297.7,61.7
13.627,101.917,322,4.5,1.9,2016-02-26,04:30,T,74,5.0       ,297.6,115.3
13.619,101.958,318,4.5,2,2016-02-26,04:30,T,43,5.0       ,297.6,72.7
27.895,95.435,318.6,1,1,2016-02-26,04:25,T,70,5.0       ,298.5,17.2
27.886,95.433,313.6,1,1,2016-02-26,04:25,T,51,5.0       ,298.5,11.7
27.252,92.517,320.9,1.1,1,2016-02-26,04:25,T,73,5.0       ,295,26.8
27.251,92.528,316,1.1,1,2016-02-26,04:25,T,65,5.0       ,293.7,20.3
26.756,95.211,312.4,1,1,2016-02-26,04:25,T,54,5.0       ,301,13.2
26.749,94.954,319.6,1,1,2016-02-26,04:25,T,71,5.0       ,292.4,22
26.539,95.24,335.4,1,1,2016-02-26,04:25,T,87,5.0       ,282.6,50.9
26.919,92.116,312.8,1.1,1.1,2016-02-26,04:25,T,50,5.0       ,288,15.2
25.747,94.252,312.7,1,1,2016-02-26,04:25,T,55,5.0       ,294.1,12.1
24.716,96.308,316.5,1.1,1.1,2016-02-26,04:25,T,66,5.0       ,298.7,15
24.354,97.242,312.3,1.3,1.1,2016-02-26,04:25,T,53,5.0       ,298.7,13.6
24.739,93.771,311.4,1,1,2016-02-26,04:25,T,49,5.0       ,295.2,9.8
24.197,96.651,314.2,1.2,1.1,2016-02-26,04:25,T,60,5.0       ,299.9,11.1
23.755,96.022,318.7,1.1,1.1,2016-02-26,04:25,T,70,5.0       ,296.6,18.8
23.706,95.568,314.5,1.1,1,2016-02-26,04:25,T,39,5.0       ,300.1,9
23.705,95.579,315.3,1.1,1,2016-02-26,04:25,T,56,5.0       ,299.9,9.6
3.908,117.101,320.9,1.2,1.1,2016-02-26,05:55,A,24,5.0       ,302.1,17.5
4.426,114.247,327,1,1,2016-02-26,05:55,A,80,5.0       ,295.4,21.8
4.511,114.01,337.8,1,1,2016-02-26,05:55,A,83,5.0       ,297.8,34.8
4.51,114.001,327.9,1,1,2016-02-26,05:55,A,0,5.0       ,298.2,16.9
4.521,114.018,356.5,1,1,2016-02-26,05:55,A,98,5.0       ,299.3,77
4.52,114.009,352.9,1,1,2016-02-26,05:55,A,91,5.0       ,300.2,67.2
4.587,114.346,402.9,1,1,2016-02-26,05:55,A,100,5.0       ,303.1,263.9
4.585,114.337,340.6,1,1,2016-02-26,05:55,A,90,5.0       ,299.3,42
4.598,114.362,321.1,1,1,2016-02-26,05:55,A,27,5.0       ,298.6,11.9
4.597,114.353,336.7,1,1,2016-02-26,05:55,A,88,5.0       ,299.2,32.5
4.595,114.345,328.7,1,1,2016-02-26,05:55,A,65,5.0       ,298.8,19.2
4.545,113.996,327.8,1,1,2016-02-26,05:55,A,61,5.0       ,298.4,21.1
4.763,114.609,317.1,1,1,2016-02-26,05:55,A,0,5.0       ,299,10.3
3.901,108.187,310.2,2.2,1.4,2016-02-26,05:55,A,16,5.0       ,291.9,23.8
4.998,115.483,346.8,1,1,2016-02-26,05:55,A,94,5.0       ,298.3,56.3
5.333,115.645,345,1.1,1,2016-02-26,05:55,A,93,5.0       ,303.2,55.1
5.332,115.636,323.7,1.1,1,2016-02-26,05:55,A,56,5.0       ,300.9,17.9
5.418,115.521,326.2,1,1,2016-02-26,05:55,A,71,5.0       ,300.8,18.2
5.508,115.85,325.5,1.1,1,2016-02-26,05:55,A,71,5.0       ,298.4,19.4
5.507,115.84,326.2,1.1,1,2016-02-26,05:55,A,64,5.0       ,301.6,20.5
7.925,116.935,333.4,1.3,1.1,2016-02-26,05:55,A,0,5.0       ,297.5,47.4
11.77,120.013,318.3,2.5,1.5,2016-02-26,05:55,A,46,5.0       ,301.7,46.3
10.792,107.773,322.2,1.8,1.3,2016-02-26,05:55,A,45,5.0       ,299.1,23.5
10.543,105.059,320.9,3,1.6,2016-02-26,05:55,A,50,5.0       ,296.6,62.8
10.731,105.175,315.3,2.9,1.6,2016-02-26,05:55,A,0,5.0       ,296.9,47.7
10.738,105.194,313.4,2.9,1.6,2016-02-26,05:55,A,0,5.0       ,297.4,44.6
10.938,105.309,321,2.8,1.6,2016-02-26,05:55,A,53,5.0       ,298.8,45.6
11.65,108.239,324.1,1.6,1.2,2016-02-26,05:55,A,77,5.0       ,302.2,29.9
10.955,103.293,320.1,4,1.9,2016-02-26,05:55,A,49,5.0       ,298,79.5
10.948,103.213,318.5,4,1.9,2016-02-26,05:55,A,47,5.0       ,297.6,76.2
11.401,105.138,329.7,2.8,1.6,2016-02-26,05:55,A,82,5.0       ,299.1,103.6
11.397,105.113,319.9,2.8,1.6,2016-02-26,05:55,A,72,5.0       ,299.2,44.5
11.072,103.11,314.4,4.1,1.9,2016-02-26,05:55,A,0,5.0       ,297.5,70.7
11.966,107.916,318.6,1.7,1.3,2016-02-26,05:55,A,53,5.0       ,297,29.3
11.977,107.914,351.1,1.7,1.3,2016-02-26,05:55,A,96,5.0       ,297.4,144
11.37,104.267,323.6,3.3,1.7,2016-02-26,05:55,A,70,5.0       ,298.1,62.2
11.607,103.959,324.8,3.4,1.7,2016-02-26,05:55,A,78,5.0       ,297.1,101.3
11.628,103.987,325.1,3.4,1.7,2016-02-26,05:55,A,67,5.0       ,295.5,88.8
11.622,103.956,338,3.4,1.7,2016-02-26,05:55,A,89,5.0       ,297.7,211.7
11.474,103.123,310.6,4,1.9,2016-02-26,05:55,A,38,5.0       ,293.8,42.5
11.623,103.98,338,3.4,1.7,2016-02-26,05:55,A,89,5.0       ,297,203.2
11.617,103.949,331.5,3.4,1.7,2016-02-26,05:55,A,82,5.0       ,296.3,145.9
11.48,103.114,311.1,4,1.9,2016-02-26,05:55,A,46,5.0       ,293.8,45.6
12.157,106.853,346.2,2,1.4,2016-02-26,05:55,A,93,5.0       ,298.4,130
12.043,106.182,321.4,2.3,1.5,2016-02-26,05:55,A,51,5.0       ,296.5,24.8
11.701,104.059,324.5,3.4,1.7,2016-02-26,05:55,A,70,5.0       ,300.7,63.4
12.188,106.811,332.3,2,1.4,2016-02-26,05:55,A,85,5.0       ,298,58
12.185,106.793,329.7,2,1.4,2016-02-26,05:55,A,83,5.0       ,301.3,47.6
12.071,106.113,347.5,2.3,1.5,2016-02-26,05:55,A,94,5.0       ,300.2,165.7
12.213,106.807,331,2,1.4,2016-02-26,05:55,A,64,5.0       ,299.9,56
12.195,106.696,331.4,2.1,1.4,2016-02-26,05:55,A,84,5.0       ,302,54.9
11.967,105.333,320,2.6,1.6,2016-02-26,05:55,A,37,5.0       ,294.7,40.5
12.206,106.822,350.3,2,1.4,2016-02-26,05:55,A,95,5.0       ,299.6,159.1
12.203,106.803,327.4,2,1.4,2016-02-26,05:55,A,55,5.0       ,300.2,40.5
12.081,106.107,329.2,2.3,1.5,2016-02-26,05:55,A,63,5.0       ,298.6,62.3
12.196,106.691,328.4,2.1,1.4,2016-02-26,05:55,A,80,5.0       ,302.4,41.3
12.211,106.631,336.4,2.1,1.4,2016-02-26,05:55,A,86,5.0       ,299.3,77.9
12.285,106.845,315.8,2,1.4,2016-02-26,05:55,A,59,5.0       ,298,25.4
12.163,106.114,321.9,2.3,1.5,2016-02-26,05:55,A,55,5.0       ,297.6,32.6
12.297,106.666,325.6,2.1,1.4,2016-02-26,05:55,A,31,5.0       ,300.2,31.4
12.331,106.718,322.6,2,1.4,2016-02-26,05:55,A,25,5.0       ,299.7,26.6
12.121,105.487,326.4,2.5,1.5,2016-02-26,05:55,A,73,5.0       ,299.2,65.8
12.226,105.649,319.3,2.5,1.5,2016-02-26,05:55,A,48,5.0       ,299.3,29.7
12.289,105.774,325.7,2.4,1.5,2016-02-26,05:55,A,54,5.0       ,298.8,55.8
12.286,105.752,325.6,2.4,1.5,2016-02-26,05:55,A,64,5.0       ,300.7,58.3
12.298,105.765,323.8,2.4,1.5,2016-02-26,05:55,A,56,5.0       ,296.6,47.1
12.332,105.646,328.1,2.5,1.5,2016-02-26,05:55,A,81,5.0       ,299.1,73.3
12.372,105.797,327.2,2.4,1.5,2016-02-26,05:55,A,80,5.0       ,301.5,51.4
12.367,105.685,329.3,2.4,1.5,2016-02-26,05:55,A,82,5.0       ,300.1,72.9
12.363,105.663,318,2.4,1.5,2016-02-26,05:55,A,64,5.0       ,297.7,21.8
12.414,105.722,335.2,2.4,1.5,2016-02-26,05:55,A,87,5.0       ,301.7,98.5
12.411,105.7,323.3,2.4,1.5,2016-02-26,05:55,A,76,5.0       ,300.7,40
12.262,104.821,313.4,2.9,1.6,2016-02-26,05:55,A,25,5.0       ,294.5,22.9
12.374,105.679,329,2.4,1.5,2016-02-26,05:55,A,82,5.0       ,299.1,70
12.409,105.718,328.5,2.4,1.5,2016-02-26,05:55,A,81,5.0       ,301.4,61
12.422,105.716,326.2,2.4,1.5,2016-02-26,05:55,A,79,5.0       ,301.1,50.3
12.567,106.406,324.6,2.1,1.4,2016-02-26,05:55,A,78,5.0       ,302.3,24.2
12.007,103.213,316.6,3.8,1.8,2016-02-26,05:55,A,62,5.0       ,295.2,97.6
12.58,106.404,330.7,2.1,1.4,2016-02-26,05:55,A,83,5.0       ,301.8,50.2
0.176,116.639,322.9,1,1,2016-02-26,05:50,A,28,5.0       ,301.8,14.8
0.322,116.958,375.4,1.1,1,2016-02-26,05:50,A,100,5.0       ,303.9,141.6
0.311,116.814,330.4,1.1,1,2016-02-26,05:50,A,48,5.0       ,300.7,25.5
0.4,116.728,331.4,1.1,1,2016-02-26,05:50,A,67,5.0       ,300.5,22.8
0.648,116.597,324.7,1,1,2016-02-26,05:50,A,78,5.0       ,300.7,14.2
1.195,117.864,324.7,1.2,1.1,2016-02-26,05:50,A,78,5.0       ,299,16.7
0.628,112.484,311.3,1.2,1.1,2016-02-26,05:50,A,37,5.0       ,293.1,7.9
0.626,112.473,314,1.2,1.1,2016-02-26,05:50,A,60,5.0       ,293.7,11.9
1.304,116.681,328.8,1.1,1,2016-02-26,05:50,A,69,5.0       ,300.8,18.3
1.329,116.658,336,1.1,1,2016-02-26,05:50,A,87,5.0       ,300.4,33.9
2.338,113.753,311.3,1,1,2016-02-26,05:50,A,19,5.0       ,294.5,6.9
2.457,113.748,310.8,1,1,2016-02-26,05:50,A,21,5.0       ,294.5,6.2
-3.834,142.028,312.3,1.7,1.3,2016-02-26,01:15,T,54,5.0       ,294.1,16.9
5.005,116.524,310.5,1.1,1.1,2016-02-26,02:55,T,31,5.0       ,293.2,10.7
5.004,115.479,316.3,1,1,2016-02-26,02:55,T,39,5.0       ,296.2,10
5.002,115.488,320.4,1,1,2016-02-26,02:55,T,67,5.0       ,295,14.9
4.958,115.666,323.7,1.1,1,2016-02-26,02:55,T,77,5.0       ,297,21.1
4.138,117.659,316.6,1.4,1.2,2016-02-26,02:55,T,50,5.0       ,298,13.5
4.6,114.35,318.8,1,1,2016-02-26,02:55,T,35,5.0       ,294.5,9.7
4.161,117.175,316.2,1.3,1.1,2016-02-26,02:55,T,65,5.0       ,296.5,16
4.541,113.999,315.8,1,1,2016-02-26,02:55,T,27,5.0       ,294.5,8.2
3.99,117.563,312.3,1.4,1.2,2016-02-26,02:55,T,21,5.0       ,294.3,11.2
3.988,117.575,310.5,1.4,1.2,2016-02-26,02:55,T,0,5.0       ,294.6,8.6
3.955,117.25,310.6,1.3,1.1,2016-02-26,02:55,T,31,5.0       ,293.9,10.2
4.347,114.32,320.3,1,1,2016-02-26,02:55,T,59,5.0       ,300.1,14.7
3.596,116.986,311.7,1.3,1.1,2016-02-26,02:55,T,39,5.0       ,292.7,10.3
1.345,116.785,313.3,1.3,1.1,2016-02-26,02:55,T,48,5.0       ,294.1,13.1
1.334,116.653,316.2,1.3,1.1,2016-02-26,02:55,T,45,5.0       ,291.6,15.3
1.332,116.665,318.6,1.3,1.1,2016-02-26,02:55,T,53,5.0       ,293.9,19.3
1.324,116.652,350,1.3,1.1,2016-02-26,02:55,T,95,5.0       ,294.2,91.7
1.322,116.663,326.3,1.3,1.1,2016-02-26,02:55,T,63,5.0       ,295.5,30.6
1.253,117.115,320.6,1.4,1.2,2016-02-26,02:55,T,68,5.0       ,292.3,21.7
1.325,116.646,322.5,1.3,1.1,2016-02-26,02:55,T,71,5.0       ,292.8,23.5
1.324,116.657,340.9,1.3,1.1,2016-02-26,02:55,T,90,5.0       ,295.4,65.5
1.085,117.44,311.7,1.5,1.2,2016-02-26,02:55,T,46,5.0       ,290.3,14.2
1.115,116.757,312.7,1.3,1.1,2016-02-26,02:55,T,55,5.0       ,289.8,14.8
0.843,116.925,317.1,1.4,1.2,2016-02-26,02:55,T,55,5.0       ,289.4,21.8
0.386,116.768,334.4,1.4,1.2,2016-02-26,02:55,T,86,5.0       ,298.5,44.7
0.384,116.78,328.7,1.4,1.2,2016-02-26,02:55,T,74,5.0       ,295.1,33.2
13.288,103.425,330.2,3.5,1.8,2016-02-26,05:55,A,81,5.0       ,297.4,158.8
13.282,103.394,332.5,3.5,1.8,2016-02-26,05:55,A,85,5.0       ,296.9,181.9
13.767,106.111,323.4,2.1,1.4,2016-02-26,05:55,A,45,5.0       ,301.9,19.1
13.534,104.736,335.2,2.7,1.6,2016-02-26,05:55,A,87,5.0       ,303.5,110
13.303,103.422,321,3.5,1.8,2016-02-26,05:55,A,72,5.0       ,296.9,86.6
13.298,103.391,328,3.5,1.8,2016-02-26,05:55,A,81,5.0       ,297,147
13.686,105.794,326.2,2.3,1.5,2016-02-26,05:55,A,52,5.0       ,300.8,38.5
13.245,103.397,324.6,3.5,1.8,2016-02-26,05:55,A,78,5.0       ,297.2,114.6
13.266,103.425,317.5,3.5,1.8,2016-02-26,05:55,A,24,5.0       ,296.6,59.8
13.767,106.106,324.8,2.1,1.4,2016-02-26,05:55,A,75,5.0       ,302.3,26.8
13.541,104.756,323.7,2.7,1.6,2016-02-26,05:55,A,41,5.0       ,303.3,34.1
13.537,104.731,331.3,2.7,1.6,2016-02-26,05:55,A,81,5.0       ,303.7,86
13.297,103.419,343.4,3.5,1.8,2016-02-26,05:55,A,92,5.0       ,297.4,297.9
13.291,103.387,336.2,3.5,1.8,2016-02-26,05:55,A,87,5.0       ,297.3,220.2
13.328,103.413,335.4,3.5,1.8,2016-02-26,05:55,A,83,5.0       ,297,199.9
13.323,103.381,323.1,3.5,1.8,2016-02-26,05:55,A,46,5.0       ,296.4,97.6
13.753,105.718,329,2.3,1.5,2016-02-26,05:55,A,73,5.0       ,302.9,57.2
13.376,103.501,322.7,3.4,1.7,2016-02-26,05:55,A,75,5.0       ,298,90.5
13.354,103.375,331.7,3.5,1.8,2016-02-26,05:55,A,84,5.0       ,297.5,169.9
13.339,103.404,341.9,3.5,1.8,2016-02-26,05:55,A,76,5.0       ,298.1,256.6
13.378,103.526,323.8,3.4,1.7,2016-02-26,05:55,A,66,5.0       ,298.5,92.3
13.372,103.495,321.1,3.4,1.7,2016-02-26,05:55,A,74,5.0       ,298.1,75.3
13.617,104.58,356.5,2.8,1.6,2016-02-26,05:55,A,98,5.0       ,303.4,310.4
13.613,104.554,333.2,2.8,1.6,2016-02-26,05:55,A,85,5.0       ,304.7,98.1
13.9,106.115,323.4,2.1,1.4,2016-02-26,05:55,A,57,5.0       ,303,27.6
13.745,105.222,326,2.5,1.5,2016-02-26,05:55,A,73,5.0       ,305.2,37.7
13.954,106.28,321.3,2,1.4,2016-02-26,05:55,A,47,5.0       ,301.4,28.3
13.951,106.261,327.9,2.1,1.4,2016-02-26,05:55,A,79,5.0       ,302.9,52.4
13.955,106.275,325.2,2,1.4,2016-02-26,05:55,A,61,5.0       ,302.5,41.4
13.952,106.256,323,2.1,1.4,2016-02-26,05:55,A,47,5.0       ,302.5,31.8
14.269,108.036,331.2,1.5,1.2,2016-02-26,05:55,A,84,5.0       ,296.8,46.3
13.909,105.866,321.2,2.2,1.4,2016-02-26,05:55,A,51,5.0       ,302.9,29.3
14.095,106.867,310.4,1.8,1.3,2016-02-26,05:55,A,37,5.0       ,297.4,13.9
13.467,103.341,324.5,3.5,1.8,2016-02-26,05:55,A,72,5.0       ,301.4,70.4
13.461,103.31,321.1,3.5,1.8,2016-02-26,05:55,A,56,5.0       ,301.3,47
13.872,104.381,332.9,2.9,1.6,2016-02-26,05:55,A,85,5.0       ,302,99.4
13.867,104.355,324.7,2.9,1.6,2016-02-26,05:55,A,78,5.0       ,302.2,46
14.019,105.13,324.7,2.5,1.5,2016-02-26,05:55,A,78,5.0       ,301,62.7
14.087,105.227,323.7,2.4,1.5,2016-02-26,05:55,A,55,5.0       ,304.2,34
14.033,104.682,326.6,2.7,1.6,2016-02-26,05:55,A,60,5.0       ,302.7,56.9
14.364,106.138,313.8,2.1,1.4,2016-02-26,05:55,A,59,5.0       ,298.7,24.3
14.293,105.646,359.8,2.3,1.5,2016-02-26,05:55,A,99,5.0       ,301.1,281.2
14.289,105.625,377.3,2.3,1.5,2016-02-26,05:55,A,100,5.0       ,303,473
14.109,104.43,330.8,2.8,1.6,2016-02-26,05:55,A,83,5.0       ,302.7,95.8
14.048,104.087,325.2,3,1.6,2016-02-26,05:55,A,48,5.0       ,299.7,83.2
14.149,104.578,324.1,2.7,1.6,2016-02-26,05:55,A,44,5.0       ,303.8,35.4
14.063,104.084,325.8,3,1.6,2016-02-26,05:55,A,54,5.0       ,300.7,82
14.73,107.966,311.5,1.5,1.2,2016-02-26,05:55,A,36,5.0       ,291.9,20.8
14.112,104.423,329.3,2.8,1.6,2016-02-26,05:55,A,82,5.0       ,303,84.1
14.049,104.08,325.9,3,1.6,2016-02-26,05:55,A,57,5.0       ,299.5,84.2
14.153,104.571,324.2,2.7,1.6,2016-02-26,05:55,A,66,5.0       ,304.2,35.9
14.063,104.077,328.8,3,1.6,2016-02-26,05:55,A,65,5.0       ,300.7,97.6
14.46,106.229,310.5,2,1.4,2016-02-26,05:55,A,37,5.0       ,297.3,16.8
14.775,107.905,339.1,1.5,1.2,2016-02-26,05:55,A,89,5.0       ,292.8,82.6
14.533,106.437,324.3,1.9,1.4,2016-02-26,05:55,A,26,5.0       ,304,33.8
14.53,106.42,327.2,1.9,1.4,2016-02-26,05:55,A,59,5.0       ,304.5,41.6
14.515,106.33,326.2,2,1.4,2016-02-26,05:55,A,79,5.0       ,299.7,42.4
14.733,107.576,321.1,1.6,1.2,2016-02-26,05:55,A,53,5.0       ,298.5,32.5
14.534,106.289,326.4,2,1.4,2016-02-26,05:55,A,16,5.0       ,303.9,52
14.141,104.005,325.7,3,1.7,2016-02-26,05:55,A,78,5.0       ,302.5,47.4
14.733,107.57,322.9,1.6,1.2,2016-02-26,05:55,A,56,5.0       ,297.4,36.7
14.537,106.431,328.4,1.9,1.4,2016-02-26,05:55,A,75,5.0       ,304.8,43.6
14.518,106.324,328.1,2,1.4,2016-02-26,05:55,A,80,5.0       ,300.6,51.5
14.799,107.893,321.3,1.5,1.2,2016-02-26,05:55,A,39,5.0       ,298.2,29.5
14.536,106.284,325.9,2,1.4,2016-02-26,05:55,A,40,5.0       ,302.9,50.8
14.146,104.028,324.7,3,1.7,2016-02-26,05:55,A,78,5.0       ,302.9,44.6
14.582,106.405,325.4,1.9,1.4,2016-02-26,05:55,A,75,5.0       ,304.4,30.6
14.68,106.912,323.1,1.8,1.3,2016-02-26,05:55,A,68,5.0       ,298.7,40.1
14.678,106.895,322.6,1.8,1.3,2016-02-26,05:55,A,55,5.0       ,299.4,36.2
14.661,106.797,324.9,1.8,1.3,2016-02-26,05:55,A,45,5.0       ,301.8,40
14.827,107.73,316.6,1.5,1.2,2016-02-26,05:55,A,11,5.0       ,292.6,28.9
14.523,105.757,328.3,2.2,1.4,2016-02-26,05:55,A,81,5.0       ,306.6,36.9
14.735,106.951,333.1,1.8,1.3,2016-02-26,05:55,A,85,5.0       ,301.6,64.5
14.732,106.935,325.5,1.8,1.3,2016-02-26,05:55,A,66,5.0       ,302.6,37.5
14.731,106.945,336.8,1.8,1.3,2016-02-26,05:55,A,88,5.0       ,301.9,75.9
14.526,105.771,327.7,2.2,1.4,2016-02-26,05:55,A,81,5.0       ,305.7,31.7
14.368,104.495,312.1,2.8,1.6,2016-02-26,05:55,A,26,5.0       ,296.3,35.5
14.698,106.173,325,2,1.4,2016-02-26,05:55,A,73,5.0       ,300.3,48.7
14.7,106.167,321.9,2,1.4,2016-02-26,05:55,A,74,5.0       ,300.5,38.8
14.931,106.963,321,1.7,1.3,2016-02-26,05:55,A,51,5.0       ,303.6,18.3
14.881,106.315,320.8,2,1.4,2016-02-26,05:55,A,68,5.0       ,298.5,35.9
14.878,106.297,328,2,1.4,2016-02-26,05:55,A,81,5.0       ,298,64
14.897,106.331,326.1,1.9,1.4,2016-02-26,05:55,A,79,5.0       ,301,52.2
14.885,106.31,327.9,2,1.4,2016-02-26,05:55,A,81,5.0       ,298.1,59.2
14.881,106.292,319.9,2,1.4,2016-02-26,05:55,A,60,5.0       ,298,33.4
14.9,106.325,326.8,1.9,1.4,2016-02-26,05:55,A,67,5.0       ,300.9,53
14.964,106.261,310.4,2,1.4,2016-02-26,05:55,A,23,5.0       ,295.5,17.6
15.102,106.887,325.9,1.8,1.3,2016-02-26,05:55,A,56,5.0       ,303.8,41.7
15.008,106.34,324.6,1.9,1.4,2016-02-26,05:55,A,78,5.0       ,296.9,55.8
15.005,106.322,334.8,1.9,1.4,2016-02-26,05:55,A,86,5.0       ,297.2,94.2
15.017,106.248,313.3,2,1.4,2016-02-26,05:55,A,42,5.0       ,295.6,27.1
15.08,106.4,322.2,1.9,1.3,2016-02-26,05:55,A,75,5.0       ,296.2,51.2
15.077,106.383,310.5,1.9,1.4,2016-02-26,05:55,A,32,5.0       ,296.1,17.3
15.084,106.395,325.5,1.9,1.3,2016-02-26,05:55,A,79,5.0       ,295.6,59.5
15.327,106.08,311.2,2,1.4,2016-02-26,05:55,A,39,5.0       ,297.4,19.4
15.33,106.073,310.6,2,1.4,2016-02-26,05:55,A,29,5.0       ,297.2,19.1
15.412,106.471,322.9,1.9,1.3,2016-02-26,05:55,A,66,5.0       ,300,38.9
15.53,106.191,314.9,1.9,1.4,2016-02-26,05:55,A,48,5.0       ,300.3,15.5
15.537,106.201,314.4,1.9,1.4,2016-02-26,05:55,A,39,5.0       ,299.9,15.2
15.028,102.897,318.6,3.5,1.8,2016-02-26,05:55,A,63,5.0       ,299.4,51
14.873,102.216,316.8,4,1.9,2016-02-26,05:55,A,62,5.0       ,299.2,51.5
15.038,102.891,320.4,3.5,1.8,2016-02-26,05:55,A,72,5.0       ,300.2,67.9
15.59,104.481,317,2.6,1.6,2016-02-26,05:55,A,67,5.0       ,300.1,36
15.586,104.457,314,2.6,1.6,2016-02-26,05:55,A,57,5.0       ,299,23.7
15.583,104.476,318.3,2.6,1.6,2016-02-26,05:55,A,69,5.0       ,298.9,43.1
15.471,103.474,321.3,3.1,1.7,2016-02-26,05:55,A,73,5.0       ,301,50.9
15.686,103.988,316.6,2.8,1.6,2016-02-26,05:55,A,62,5.0       ,299.6,37.9
16.081,105.478,320.6,2.1,1.4,2016-02-26,05:55,A,57,5.0       ,302.5,35.1
16.17,105.91,319.2,2,1.4,2016-02-26,05:55,A,71,5.0       ,300.5,32.5
16.287,105.303,314.9,2.2,1.4,2016-02-26,05:55,A,60,5.0       ,298.4,29.4
16.326,103.12,323.4,3.2,1.7,2016-02-26,05:55,A,76,5.0       ,300.3,69.1
16.321,103.091,321.3,3.2,1.7,2016-02-26,05:55,A,74,5.0       ,300.2,55.7
16.352,103.175,321.2,3.2,1.7,2016-02-26,05:55,A,59,5.0       ,299.9,54.6
16.323,103.116,325.1,3.2,1.7,2016-02-26,05:55,A,56,5.0       ,300.6,74.3
16.35,103.171,321.3,3.2,1.7,2016-02-26,05:55,A,62,5.0       ,299.6,55
16.421,102.647,316.9,3.4,1.7,2016-02-26,05:55,A,67,5.0       ,298.8,45.5
16.359,102.323,326.5,3.7,1.8,2016-02-26,05:55,A,69,5.0       ,297.6,133.5
16.94,105.418,313.9,2.1,1.4,2016-02-26,05:55,A,50,5.0       ,294.4,32.3
16.941,105.413,315.6,2.1,1.4,2016-02-26,05:55,A,55,5.0       ,294.3,37.6
16.351,102.321,324.3,3.7,1.8,2016-02-26,05:55,A,73,5.0       ,297.5,113.4
16.431,102.641,317.1,3.4,1.7,2016-02-26,05:55,A,67,5.0       ,298.2,46.3
16.89,104.84,319.4,2.3,1.5,2016-02-26,05:55,A,71,5.0       ,298.3,45
17.134,105.099,315.6,2.2,1.4,2016-02-26,05:55,A,42,5.0       ,296.9,34.2
17.185,105.089,315.7,2.2,1.4,2016-02-26,05:55,A,35,5.0       ,296,33.8
16.705,102.439,336.5,3.5,1.8,2016-02-26,05:55,A,88,5.0       ,298.6,202
16.706,102.465,324.3,3.5,1.8,2016-02-26,05:55,A,77,5.0       ,298.5,92.3
16.7,102.433,324.7,3.5,1.8,2016-02-26,05:55,A,78,5.0       ,298,100.6
17.193,104.76,312.9,2.3,1.5,2016-02-26,05:55,A,55,5.0       ,297.6,25.2
17.054,103.989,314.1,2.7,1.6,2016-02-26,05:55,A,54,5.0       ,296.4,34.3
16.804,102.641,315.3,3.4,1.7,2016-02-26,05:55,A,48,5.0       ,297.6,37.1
17.19,104.756,314.1,2.3,1.5,2016-02-26,05:55,A,55,5.0       ,297.9,29.5
17.045,103.986,316.1,2.7,1.6,2016-02-26,05:55,A,65,5.0       ,297.2,42.5
17.537,103.508,316.8,2.8,1.6,2016-02-26,05:55,A,67,5.0       ,297.9,35.8
17.886,103.163,344.9,2.9,1.6,2016-02-26,05:55,A,93,5.0       ,299,253.3
17.88,103.136,321.4,3,1.6,2016-02-26,05:55,A,72,5.0       ,296.8,75.7
18.965,103.766,312,2.5,1.5,2016-02-26,05:55,A,28,5.0       ,292.5,41.4
-1.721,114.834,317.4,1,1,2016-02-26,05:50,A,41,5.0       ,298,10.5
-0.417,116.358,323.2,1,1,2016-02-26,05:50,A,62,5.0       ,301.1,15.6
-0.267,116.639,323,1,1,2016-02-26,05:50,A,44,5.0       ,296.1,14.3
-0.257,116.638,337,1,1,2016-02-26,05:50,A,88,5.0       ,299.4,34
-0.024,116.849,326.5,1.1,1,2016-02-26,05:50,A,61,5.0       ,301.6,17
-0.037,116.565,319.3,1,1,2016-02-26,05:50,A,38,5.0       ,297.7,11.4
0.079,116.678,323.7,1,1,2016-02-26,05:50,A,75,5.0       ,302.6,16.7
0.107,116.808,323.7,1.1,1,2016-02-26,05:50,A,43,5.0       ,299.2,12.1
0.106,116.799,332.5,1.1,1,2016-02-26,05:50,A,85,5.0       ,301.3,26.3
0.388,116.774,335.2,1.4,1.2,2016-02-26,02:55,T,87,5.0       ,297.6,47.8
0.15,116.851,316.7,1.4,1.2,2016-02-26,02:55,T,66,5.0       ,294.9,17.9
0.148,116.864,317.9,1.4,1.2,2016-02-26,02:55,T,69,5.0       ,295.2,19.3
-0.505,117.156,315.7,1.5,1.2,2016-02-26,02:55,T,36,5.0       ,294,18.4
-0.776,117.126,314.3,1.5,1.2,2016-02-26,02:55,T,61,5.0       ,293.1,14.6
-0.947,117.035,315.7,1.5,1.2,2016-02-26,02:55,T,64,5.0       ,292.8,15.5
-2.578,121.374,322.4,3.4,1.7,2016-02-26,02:55,T,75,5.0       ,289.5,129
-2.573,121.369,317.1,3.4,1.7,2016-02-26,02:55,T,67,5.0       ,289.6,91.8
-2.578,121.402,310.9,3.4,1.7,2016-02-26,02:55,T,44,5.0       ,289,52.1
-1.694,114.73,310.1,1.1,1,2016-02-26,02:55,T,28,5.0       ,291.6,7.2
-6.981,110.438,325.1,1,1,2016-02-26,02:55,T,78,5.0       ,298.3,14.3
-7.561,112.613,315.8,1,1,2016-02-26,02:55,T,10,5.0       ,291.6,13.6
-7.455,110.954,313.2,1,1,2016-02-26,02:55,T,57,5.0       ,295.9,7.3
-7.62,110.824,318.7,1,1,2016-02-26,02:55,T,48,5.0       ,297.1,9.3
-8.112,112.921,317.1,1.1,1,2016-02-26,02:55,T,46,5.0       ,291.2,17.6
-8.113,112.931,323.9,1.1,1,2016-02-26,02:55,T,67,5.0       ,293.7,26.2
-7.712,110.019,318.2,1.1,1,2016-02-26,02:55,T,40,5.0       ,299.3,9.4
-7.722,109.914,318.1,1.1,1,2016-02-26,02:55,T,60,5.0       ,299.7,12.6
-8.232,113.053,318.6,1.1,1,2016-02-26,02:55,T,62,5.0       ,299,13.8
-8.055,111.71,316.7,1,1,2016-02-26,02:55,T,65,5.0       ,298.9,9.2
-7.899,110.037,311.4,1.1,1,2016-02-26,02:55,T,0,5.0       ,292.1,5.2
-7.916,110.093,319.4,1.1,1,2016-02-26,02:55,T,30,5.0       ,299.7,11.9
-0.866,134.056,311.3,2.2,1.4,2016-02-26,04:15,A,38,5.0       ,292,25.8
-0.897,131.306,311.1,3.6,1.8,2016-02-26,04:15,A,27,5.0       ,291.2,50.4
-6.803,138.878,312.2,1.2,1.1,2016-02-26,04:10,A,52,5.0       ,293.9,8.1
-6.247,139.767,317.7,1.1,1,2016-02-26,04:10,A,54,5.0       ,296.2,15.6
-4.026,143.002,324.2,1.1,1.1,2016-02-26,04:10,A,77,5.0       ,297.8,19
-4.027,142.992,322.8,1.1,1.1,2016-02-26,04:10,A,76,5.0       ,298.7,17.4
-3.291,138.744,312.7,1.1,1.1,2016-02-26,04:10,A,31,5.0       ,293.8,8
-2.271,139.391,311.6,1,1,2016-02-26,04:10,A,50,5.0       ,294.3,7.4
-1.882,136.238,314.9,1.5,1.2,2016-02-26,04:10,A,47,5.0       ,295.3,19.7
-5.377,138.109,312.2,1.1,1,2016-02-26,01:20,T,31,5.0       ,292.5,7.9
-5.667,138.34,315.3,1.1,1,2016-02-26,01:20,T,42,5.0       ,292.6,10.8
-5.67,138.36,310.5,1.1,1,2016-02-26,01:20,T,17,5.0       ,293,6.8
-7.383,139.278,310,1.2,1.1,2016-02-26,01:20,T,13,5.0       ,294,10.7
22.009,96.273,313.6,1.2,1.1,2016-02-26,04:30,T,53,5.0       ,296.7,13.3
21.847,96.497,314.8,1.3,1.1,2016-02-26,04:30,T,62,5.0       ,296.6,14.8
20.423,94.369,317.7,1.1,1,2016-02-26,04:30,T,64,5.0       ,300.5,9.1
20.18,94.562,325.1,1.1,1,2016-02-26,04:30,T,78,5.0       ,300.9,17.5
19.888,95.617,318.8,1.2,1.1,2016-02-26,04:30,T,62,5.0       ,299.9,11.6
19.902,94.809,321.6,1.1,1,2016-02-26,04:30,T,74,5.0       ,299.7,15.3
19.727,94.965,320.3,1.1,1.1,2016-02-26,04:30,T,72,5.0       ,299.7,13.8
19.725,94.976,317.7,1.1,1.1,2016-02-26,04:30,T,46,5.0       ,300.3,9.9
19.717,94.964,319.5,1.1,1.1,2016-02-26,04:30,T,65,5.0       ,298.6,12.5
19.539,95.285,323.8,1.2,1.1,2016-02-26,04:30,T,77,5.0       ,301.7,16.2
19.489,95.08,325.5,1.1,1.1,2016-02-26,04:30,T,79,5.0       ,300,21.6
19.488,95.091,328,1.1,1.1,2016-02-26,04:30,T,81,5.0       ,301,26
19.225,96.698,324.1,1.4,1.2,2016-02-26,04:30,T,77,5.0       ,292.9,41.8
19.387,95.41,325.3,1.2,1.1,2016-02-26,04:30,T,49,5.0       ,300.3,18.5
19.385,95.421,331.7,1.2,1.1,2016-02-26,04:30,T,84,5.0       ,299.6,31.3
19.375,95.419,324.3,1.2,1.1,2016-02-26,04:30,T,66,5.0       ,298.9,18
19.366,95.417,320.9,1.2,1.1,2016-02-26,04:30,T,31,5.0       ,298.2,12.2
19.414,94.973,318.4,1.1,1.1,2016-02-26,04:30,T,70,5.0       ,300.7,9.5
19.377,95.143,324.2,1.2,1.1,2016-02-26,04:30,T,77,5.0       ,300.8,17.7
2.813,97.67,326.4,2.8,1.6,2016-02-26,07:30,A,65,5.0       ,283.5,118.5
2.827,97.668,335.4,2.8,1.6,2016-02-26,07:30,A,87,5.0       ,284.5,178.6
2.815,97.664,332.9,2.8,1.6,2016-02-26,07:30,A,70,5.0       ,286,149.9
2.829,97.662,319.5,2.8,1.6,2016-02-26,07:30,A,32,5.0       ,285.6,79
18.834,94.932,323.7,2.9,1.6,2016-02-26,07:35,A,77,5.0       ,297.9,63.9
18.878,95.07,331.4,3,1.7,2016-02-26,07:35,A,84,5.0       ,299.6,111
18.792,94.253,313.5,2.6,1.6,2016-02-26,07:35,A,50,5.0       ,296.8,27.6
18.834,94.927,321.2,2.9,1.6,2016-02-26,07:35,A,48,5.0       ,297.7,46
18.782,94.249,315,2.6,1.6,2016-02-26,07:35,A,59,5.0       ,297.2,32.8
18.877,95.065,327.6,3,1.7,2016-02-26,07:35,A,81,5.0       ,299.7,84.1
18.934,94.15,323.1,2.6,1.5,2016-02-26,07:35,A,76,5.0       ,298.2,59.8
19.139,95.699,327.5,3.4,1.7,2016-02-26,07:35,A,81,5.0       ,296.1,122.1
18.941,94.168,318.1,2.6,1.5,2016-02-26,07:35,A,32,5.0       ,297.5,29.2
18.939,94.144,321.1,2.6,1.5,2016-02-26,07:35,A,60,5.0       ,298,45.3
23.762,93.675,323,2.8,1.6,2016-02-26,07:35,A,64,5.0       ,298.5,98.1
-8.421,123.671,313.5,2.2,1.4,2016-02-26,05:50,A,0,5.0       ,292,32.8
-7.25,112.685,322.6,1.5,1.2,2016-02-26,05:50,A,23,5.0       ,296.3,18.1
-7.736,109.01,311.7,3,1.6,2016-02-26,05:50,A,21,5.0       ,292.2,37.9
-7.721,109.008,311,3,1.6,2016-02-26,05:50,A,13,5.0       ,291.7,41
-2.576,121.382,319,1.9,1.3,2016-02-26,05:50,A,70,5.0       ,296.9,28.1
-2.579,121.365,318.2,1.9,1.3,2016-02-26,05:50,A,69,5.0       ,296.4,25.6
-1.73,114.835,317.6,1,1,2016-02-26,05:50,A,31,5.0       ,298.7,10.4
12.652,105.662,333.3,2.4,1.5,2016-02-26,05:55,A,85,5.0       ,301.5,73.8
12.644,105.618,325.2,2.4,1.5,2016-02-26,05:55,A,15,5.0       ,301,35.1
12.479,104.656,321.2,2.9,1.6,2016-02-26,05:55,A,64,5.0       ,299.3,44
12.675,105.635,350.3,2.4,1.5,2016-02-26,05:55,A,95,5.0       ,300.9,199.4
12.671,105.613,327.9,2.4,1.5,2016-02-26,05:55,A,66,5.0       ,299.4,52.9
12.61,105.248,323.2,2.6,1.6,2016-02-26,05:55,A,73,5.0       ,299.1,49.8
12.636,105.591,323.6,2.4,1.5,2016-02-26,05:55,A,21,5.0       ,301,32.1
12.665,105.676,327.2,2.4,1.5,2016-02-26,05:55,A,50,5.0       ,302.1,38.2
12.661,105.654,326.7,2.4,1.5,2016-02-26,05:55,A,26,5.0       ,300.2,36.9
12.308,103.706,319.6,3.5,1.8,2016-02-26,05:55,A,71,5.0       ,299,45.8
12.67,105.63,351.1,2.4,1.5,2016-02-26,05:55,A,96,5.0       ,301.1,202.6
12.602,105.243,320.4,2.6,1.6,2016-02-26,05:55,A,69,5.0       ,297.9,37.3
12.71,105.778,330.9,2.4,1.5,2016-02-26,05:55,A,83,5.0       ,300.8,74.2
12.699,105.714,352,2.4,1.5,2016-02-26,05:55,A,96,5.0       ,299.6,215.4
12.695,105.693,354.6,2.4,1.5,2016-02-26,05:55,A,97,5.0       ,301.2,234.5
12.687,105.649,326.7,2.4,1.5,2016-02-26,05:55,A,45,5.0       ,300.3,50.5
12.636,105.357,320.2,2.5,1.5,2016-02-26,05:55,A,65,5.0       ,300.3,39.4
12.716,105.733,326.4,2.4,1.5,2016-02-26,05:55,A,45,5.0       ,296.1,56.2
12.701,105.647,386.1,2.4,1.5,2016-02-26,05:55,A,100,5.0       ,302.4,630.5
12.697,105.625,349.2,2.4,1.5,2016-02-26,05:55,A,95,5.0       ,300.2,199.6
12.689,105.581,326.8,2.4,1.5,2016-02-26,05:55,A,80,5.0       ,298.2,58.4
12.685,105.558,318.8,2.5,1.5,2016-02-26,05:55,A,35,5.0       ,297.6,24.4
12.666,105.446,325.1,2.5,1.5,2016-02-26,05:55,A,77,5.0       ,299.5,66.4
12.538,104.72,323.9,2.9,1.6,2016-02-26,05:55,A,74,5.0       ,298.7,58.8
12.819,106.182,327.9,2.2,1.4,2016-02-26,05:55,A,81,5.0       ,303.5,38.5
12.749,105.771,343.7,2.4,1.5,2016-02-26,05:55,A,92,5.0       ,301,157.5
12.746,105.75,327.6,2.4,1.5,2016-02-26,05:55,A,54,5.0       ,298.7,63
12.755,105.726,333.7,2.4,1.5,2016-02-26,05:55,A,86,5.0       ,298.5,108.2
12.752,105.705,344.2,2.4,1.5,2016-02-26,05:55,A,92,5.0       ,299,177
12.729,105.573,345.6,2.4,1.5,2016-02-26,05:55,A,93,5.0       ,300.5,179.9
12.769,105.724,314.8,2.4,1.5,2016-02-26,05:55,A,62,5.0       ,298.2,23
12.765,105.702,318.7,2.4,1.5,2016-02-26,05:55,A,70,5.0       ,298.5,39.3
12.75,105.615,321.2,2.4,1.5,2016-02-26,05:55,A,69,5.0       ,298.3,47
12.595,104.709,318,2.9,1.6,2016-02-26,05:55,A,39,5.0       ,298.1,33.9
12.764,105.613,343.1,2.4,1.5,2016-02-26,05:55,A,92,5.0       ,298.9,169.9
12.76,105.591,327.1,2.4,1.5,2016-02-26,05:55,A,53,5.0       ,298.1,66.8
12.722,105.365,327.6,2.5,1.5,2016-02-26,05:55,A,80,5.0       ,301.4,67.2
12.718,105.342,330.1,2.5,1.5,2016-02-26,05:55,A,76,5.0       ,300.2,79.6
12.71,105.296,323.6,2.6,1.5,2016-02-26,05:55,A,44,5.0       ,300.7,46.9
12.764,105.719,345,2.4,1.5,2016-02-26,05:55,A,93,5.0       ,299.2,182.8
12.76,105.698,333.3,2.4,1.5,2016-02-26,05:55,A,85,5.0       ,299.3,110.6
12.737,105.567,343.7,2.4,1.5,2016-02-26,05:55,A,92,5.0       ,300.3,171.4
12.758,105.609,350.6,2.4,1.5,2016-02-26,05:55,A,95,5.0       ,299.3,231.4
12.597,104.704,317.4,2.9,1.6,2016-02-26,05:55,A,35,5.0       ,297.8,29.2
12.783,105.672,325.7,2.4,1.5,2016-02-26,05:55,A,79,5.0       ,298.1,72.7
12.771,105.606,316.9,2.4,1.5,2016-02-26,05:55,A,40,5.0       ,298.1,31.3
12.728,105.359,332.6,2.5,1.5,2016-02-26,05:55,A,85,5.0       ,300.9,96.2
12.724,105.336,325.8,2.5,1.5,2016-02-26,05:55,A,67,5.0       ,300.6,56.4
12.716,105.29,327.1,2.6,1.5,2016-02-26,05:55,A,74,5.0       ,300.6,62.6
12.742,105.357,326.9,2.5,1.5,2016-02-26,05:55,A,70,5.0       ,300.1,63.6
12.819,105.643,315.4,2.4,1.5,2016-02-26,05:55,A,54,5.0       ,296.6,28.8
12.815,105.621,318.7,2.4,1.5,2016-02-26,05:55,A,70,5.0       ,298.4,40.3
12.771,105.28,329.8,2.6,1.5,2016-02-26,05:55,A,83,5.0       ,301.1,74.8
12.655,104.612,326.2,2.9,1.6,2016-02-26,05:55,A,46,5.0       ,297.5,80.4
12.831,105.55,318.7,2.4,1.5,2016-02-26,05:55,A,58,5.0       ,301.3,33.1
12.804,105.393,331.3,2.5,1.5,2016-02-26,05:55,A,84,5.0       ,299.1,103.9
12.8,105.37,316.1,2.5,1.5,2016-02-26,05:55,A,32,5.0       ,299,25.5
12.768,105.298,321.4,2.6,1.5,2016-02-26,05:55,A,36,5.0       ,301.6,33.3
12.763,105.274,322.5,2.6,1.5,2016-02-26,05:55,A,66,5.0       ,301.1,31.7
12.798,105.387,329.9,2.5,1.5,2016-02-26,05:55,A,83,5.0       ,298.5,95.2
12.68,104.735,321.8,2.8,1.6,2016-02-26,05:55,A,28,5.0       ,297.6,43.7
13.247,107.927,325.7,1.6,1.2,2016-02-26,05:55,A,61,5.0       ,298.9,23.9
12.958,106.145,331.6,2.2,1.4,2016-02-26,05:55,A,84,5.0       ,302.9,55.4
12.854,105.47,318.8,2.5,1.5,2016-02-26,05:55,A,28,5.0       ,300.8,32.6
12.85,105.448,328.4,2.5,1.5,2016-02-26,05:55,A,81,5.0       ,302.4,80.5
12.695,104.57,324.6,2.9,1.6,2016-02-26,05:55,A,49,5.0       ,298.3,67.4
12.714,104.594,337.7,2.9,1.6,2016-02-26,05:55,A,88,5.0       ,300,156.7
12.71,104.568,327.8,2.9,1.6,2016-02-26,05:55,A,59,5.0       ,299.8,89.3
12.729,104.591,321.2,2.9,1.6,2016-02-26,05:55,A,29,5.0       ,299,46.8
12.887,105.294,328.1,2.5,1.5,2016-02-26,05:55,A,57,5.0       ,301,62.1
12.952,105.583,329.3,2.4,1.5,2016-02-26,05:55,A,80,5.0       ,299.7,80.7
12.908,105.338,324.6,2.5,1.5,2016-02-26,05:55,A,35,5.0       ,302.4,34.7
12.941,105.284,331.9,2.5,1.5,2016-02-26,05:55,A,84,5.0       ,301.7,75.9
12.774,104.328,320.1,3,1.7,2016-02-26,05:55,A,0,5.0       ,296.1,67.6
12.832,104.401,323.3,3,1.6,2016-02-26,05:55,A,32,5.0       ,298.8,63.7
12.948,105.276,328.3,2.5,1.5,2016-02-26,05:55,A,78,5.0       ,302.4,56.1
12.902,104.94,322.5,2.7,1.6,2016-02-26,05:55,A,51,5.0       ,303,36.8
13.414,107.751,333.1,1.6,1.3,2016-02-26,05:55,A,85,5.0       ,299.8,49.2
13.213,106.558,333.8,2,1.4,2016-02-26,05:55,A,86,5.0       ,300.2,67.4
13.21,106.539,355,2,1.4,2016-02-26,05:55,A,97,5.0       ,303.3,186
12.833,104.394,320,3,1.6,2016-02-26,05:55,A,68,5.0       ,298.6,49.1
13.186,106.173,342.8,2.2,1.4,2016-02-26,05:55,A,91,5.0       ,301.3,120.7
13.183,106.153,326.9,2.2,1.4,2016-02-26,05:55,A,65,5.0       ,301.8,38.6
12.886,104.44,323.5,3,1.6,2016-02-26,05:55,A,61,5.0       ,300.4,62.6
13.265,106.491,335.6,2,1.4,2016-02-26,05:55,A,87,5.0       ,301.8,79.2
13.278,106.489,340.3,2,1.4,2016-02-26,05:55,A,90,5.0       ,304,98.5
13.051,105.137,322.1,2.6,1.6,2016-02-26,05:55,A,75,5.0       ,300,47.4
13.27,106.504,331.1,2,1.4,2016-02-26,05:55,A,82,5.0       ,301.2,55.6
13.267,106.486,331.1,2,1.4,2016-02-26,05:55,A,84,5.0       ,302.5,57.4
13.282,106.502,324.8,2,1.4,2016-02-26,05:55,A,55,5.0       ,301.9,30.4
13.279,106.484,350.7,2,1.4,2016-02-26,05:55,A,95,5.0       ,304.1,160.8
13.042,105.133,318.8,2.6,1.6,2016-02-26,05:55,A,64,5.0       ,300.2,32.7
13.297,106.366,334.1,2.1,1.4,2016-02-26,05:55,A,86,5.0       ,297.7,88.7
13.294,106.347,367.8,2.1,1.4,2016-02-26,05:55,A,100,5.0       ,301.6,316.7
13.291,106.328,364.6,2.1,1.4,2016-02-26,05:55,A,100,5.0       ,302.8,289.3
12.847,103.796,314.3,3.3,1.7,2016-02-26,05:55,A,49,5.0       ,296.9,41
13.439,107.134,338.8,1.8,1.3,2016-02-26,05:55,A,89,5.0       ,300.2,79.8
13.436,107.117,339.7,1.8,1.3,2016-02-26,05:55,A,90,5.0       ,299.3,85.2
13.307,106.344,340.6,2.1,1.4,2016-02-26,05:55,A,90,5.0       ,300.2,118.8
13.303,106.326,343.9,2.1,1.4,2016-02-26,05:55,A,92,5.0       ,301.4,139.3
13.3,106.307,320.2,2.1,1.4,2016-02-26,05:55,A,59,5.0       ,299.2,31
13.137,105.354,317.3,2.5,1.5,2016-02-26,05:55,A,52,5.0       ,299.7,35.8
13.316,106.323,370.5,2.1,1.4,2016-02-26,05:55,A,100,5.0       ,301.8,334.9
13.296,106.128,359.9,2.2,1.4,2016-02-26,05:55,A,99,5.0       ,301.1,247.1
13.293,106.108,336.6,2.2,1.4,2016-02-26,05:55,A,86,5.0       ,303.1,85.3
12.887,103.757,319.5,3.4,1.7,2016-02-26,05:55,A,67,5.0       ,297.8,76.5
13.321,106.335,332.8,2.1,1.4,2016-02-26,05:55,A,73,5.0       ,299.3,74.5
13.317,106.316,356.7,2.1,1.4,2016-02-26,05:55,A,98,5.0       ,301.7,216.6
13.296,106.121,362.9,2.2,1.4,2016-02-26,05:55,A,100,5.0       ,302.4,271.9
13.349,106.349,322.4,2.1,1.4,2016-02-26,05:55,A,48,5.0       ,299.1,29.7
13.051,104.668,323.8,2.8,1.6,2016-02-26,05:55,A,70,5.0       ,302.7,43.9
12.884,103.751,319,3.4,1.7,2016-02-26,05:55,A,70,5.0       ,298,72.6
13.297,105.977,322.9,2.2,1.4,2016-02-26,05:55,A,66,5.0       ,300.9,38.8
13.052,104.588,325.3,2.9,1.6,2016-02-26,05:55,A,78,5.0       ,300.7,63.3
13.066,104.585,323.8,2.9,1.6,2016-02-26,05:55,A,77,5.0       ,301.8,55.4
12.898,103.654,339.1,3.4,1.7,2016-02-26,05:55,A,89,5.0       ,297.1,251.5
12.913,103.651,318.5,3.4,1.7,2016-02-26,05:55,A,65,5.0       ,297,70.5
13.389,106.284,322.5,2.1,1.4,2016-02-26,05:55,A,47,5.0       ,300.2,28.2
13.173,105.029,321.9,2.6,1.6,2016-02-26,05:55,A,51,5.0       ,302.7,43.4
13.018,104.148,322.7,3.1,1.7,2016-02-26,05:55,A,24,5.0       ,298.7,69.9
13.14,104.756,320.2,2.8,1.6,2016-02-26,05:55,A,72,5.0       ,301.2,37.8
13.678,107.889,331,1.6,1.2,2016-02-26,05:55,A,84,5.0       ,299.5,43.1
13.062,104.226,324.5,3.1,1.7,2016-02-26,05:55,A,78,5.0       ,298.3,74.8
13.058,104.198,322.5,3.1,1.7,2016-02-26,05:55,A,60,5.0       ,297.2,67.3
13.203,104.949,320.1,2.7,1.6,2016-02-26,05:55,A,29,5.0       ,300.5,51.6
13.678,107.884,326.4,1.6,1.2,2016-02-26,05:55,A,76,5.0       ,299.9,32.5
13.017,104.143,327.3,3.1,1.7,2016-02-26,05:55,A,28,5.0       ,298.7,98.5
13.148,104.776,319.2,2.8,1.6,2016-02-26,05:55,A,71,5.0       ,301.4,34.1
13.061,104.221,326.8,3.1,1.7,2016-02-26,05:55,A,80,5.0       ,298.2,92.1
13.056,104.194,321.2,3.1,1.7,2016-02-26,05:55,A,69,5.0       ,297.4,61.9
12.948,103.608,319,3.4,1.7,2016-02-26,05:55,A,50,5.0       ,296.9,69
13.211,104.967,317,2.7,1.6,2016-02-26,05:55,A,48,5.0       ,299.1,37.5
13.207,104.943,321.5,2.7,1.6,2016-02-26,05:55,A,74,5.0       ,299.9,63.5
13.363,105.749,328.9,2.3,1.5,2016-02-26,05:55,A,82,5.0       ,300.2,73
13.272,105.152,319.4,2.6,1.5,2016-02-26,05:55,A,39,5.0       ,300.1,41.7
13.816,108.315,319.6,1.5,1.2,2016-02-26,05:55,A,61,5.0       ,294.8,22
13.321,105.191,325.9,2.5,1.5,2016-02-26,05:55,A,77,5.0       ,302.8,51.1
13.315,105.187,322,2.5,1.5,2016-02-26,05:55,A,54,5.0       ,301.3,30.9
13.745,107.452,328.8,1.7,1.3,2016-02-26,05:55,A,71,5.0       ,297.7,49.6
13.453,105.661,330,2.3,1.5,2016-02-26,05:55,A,83,5.0       ,299.2,91.5
13.484,105.763,327.9,2.3,1.5,2016-02-26,05:55,A,45,5.0       ,301.3,58.1
13.47,105.68,318.2,2.3,1.5,2016-02-26,05:55,A,69,5.0       ,299.2,37.1
13.467,105.658,316.7,2.3,1.5,2016-02-26,05:55,A,66,5.0       ,298.5,32.9
13.087,103.509,325.3,3.5,1.8,2016-02-26,05:55,A,78,5.0       ,296.7,127.8
13.081,103.477,332.7,3.5,1.8,2016-02-26,05:55,A,85,5.0       ,296.7,190.1
13.497,105.76,347.4,2.3,1.5,2016-02-26,05:55,A,94,5.0       ,302.8,167.7
13.408,105.238,324.4,2.5,1.5,2016-02-26,05:55,A,76,5.0       ,303.6,32.3
13.51,105.758,325.2,2.3,1.5,2016-02-26,05:55,A,42,5.0       ,301.8,42.3
13.693,106.776,325.9,1.9,1.3,2016-02-26,05:55,A,58,5.0       ,296.9,44.5
13.574,106.058,328.8,2.2,1.4,2016-02-26,05:55,A,73,5.0       ,303.8,48.6
13.571,106.038,324.3,2.2,1.4,2016-02-26,05:55,A,50,5.0       ,305,31.9
13.314,104.527,321.7,2.9,1.6,2016-02-26,05:55,A,41,5.0       ,302.6,40.9
13.494,105.756,330.5,2.3,1.5,2016-02-26,05:55,A,71,5.0       ,302.3,68
13.081,103.506,328.1,3.5,1.8,2016-02-26,05:55,A,81,5.0       ,297,149.8
13.075,103.474,323.8,3.5,1.8,2016-02-26,05:55,A,77,5.0       ,296.5,109.5
13.511,105.774,325.2,2.3,1.5,2016-02-26,05:55,A,42,5.0       ,303.5,37.6
13.507,105.753,332.3,2.3,1.5,2016-02-26,05:55,A,80,5.0       ,302,78.6
13.697,106.77,321.7,1.9,1.3,2016-02-26,05:55,A,42,5.0       ,297.5,33
13.573,106.053,331.3,2.2,1.4,2016-02-26,05:55,A,82,5.0       ,304.3,61.8
13.382,104.973,325.3,2.6,1.6,2016-02-26,05:55,A,78,5.0       ,303.8,39.8
13.67,106.539,325.3,2,1.4,2016-02-26,05:55,A,77,5.0       ,304.3,31.1
13.639,106.356,328.8,2,1.4,2016-02-26,05:55,A,82,5.0       ,304.5,45.1
13.315,104.522,322.7,2.9,1.6,2016-02-26,05:55,A,57,5.0       ,302.4,45.1
13.221,104.005,328.1,3.2,1.7,2016-02-26,05:55,A,61,5.0       ,298.4,105.8
13.588,105.989,327.4,2.2,1.4,2016-02-26,05:55,A,39,5.0       ,302,44.6
13.55,105.767,323.4,2.3,1.5,2016-02-26,05:55,A,69,5.0       ,301,35.8
13.502,105.492,316.1,2.4,1.5,2016-02-26,05:55,A,35,5.0       ,299.1,33.3
13.137,103.462,314.1,3.5,1.8,2016-02-26,05:55,A,15,5.0       ,296.4,38.7
13.591,105.927,325.3,2.2,1.4,2016-02-26,05:55,A,73,5.0       ,305.3,28.2
13.169,103.456,325.1,3.5,1.8,2016-02-26,05:55,A,78,5.0       ,296.3,112.4
13.163,103.424,359.1,3.5,1.8,2016-02-26,05:55,A,99,5.0       ,297.4,505.5
13.88,107.502,327.9,1.7,1.3,2016-02-26,05:55,A,78,5.0       ,297.9,50.7
13.19,103.484,387.5,3.5,1.8,2016-02-26,05:55,A,100,5.0       ,298.9,1136.4
13.184,103.453,375.8,3.5,1.8,2016-02-26,05:55,A,100,5.0       ,298.6,840.1
13.178,103.421,350.7,3.5,1.8,2016-02-26,05:55,A,95,5.0       ,297.6,383
13.605,105.778,325.7,2.3,1.5,2016-02-26,05:55,A,63,5.0       ,302.1,45
13.625,105.817,324.4,2.3,1.5,2016-02-26,05:55,A,72,5.0       ,302.6,32.5
13.603,105.772,328.2,2.3,1.5,2016-02-26,05:55,A,77,5.0       ,302.3,58.4
13.185,103.478,399.2,3.5,1.8,2016-02-26,05:55,A,100,5.0       ,300.1,1490.6
13.179,103.447,368.7,3.5,1.8,2016-02-26,05:55,A,100,5.0       ,298.1,683.2
13.173,103.415,364.1,3.5,1.8,2016-02-26,05:55,A,100,5.0       ,298.1,589.4
13.627,105.83,322.1,2.2,1.5,2016-02-26,05:55,A,57,5.0       ,302.7,25.5
13.659,105.783,333.4,2.3,1.5,2016-02-26,05:55,A,82,5.0       ,301.1,78.6
13.655,105.762,334.8,2.3,1.5,2016-02-26,05:55,A,85,5.0       ,302.8,88.4
13.251,103.4,326.8,3.5,1.8,2016-02-26,05:55,A,80,5.0       ,296.8,134.3
13.685,105.778,326.4,2.3,1.5,2016-02-26,05:55,A,47,5.0       ,302.1,44.9
28.895,111.565,322.7,1.2,1.1,2016-02-26,06:00,A,76,5.0       ,295,28.9
28.905,111.563,311.9,1.2,1.1,2016-02-26,06:00,A,33,5.0       ,294,13.2
29.061,112.283,318.1,1.3,1.1,2016-02-26,06:00,A,69,5.0       ,290.9,27.6
29.157,112.936,313.2,1.4,1.2,2016-02-26,06:00,A,57,5.0       ,293.4,18.9
29.155,112.922,322.1,1.4,1.2,2016-02-26,06:00,A,75,5.0       ,293.4,34.7
29.172,112.976,341.1,1.4,1.2,2016-02-26,06:00,A,0,5.0       ,292.4,84
29.182,112.975,311.7,1.4,1.2,2016-02-26,06:00,A,43,5.0       ,290.5,19.2
28.813,109.005,310.2,1,1,2016-02-26,06:00,A,17,5.0       ,294.1,11.4
29.445,112.775,315.4,1.4,1.2,2016-02-26,06:00,A,63,5.0       ,292.5,23.7
29.455,112.773,320.8,1.4,1.2,2016-02-26,06:00,A,73,5.0       ,293.6,34
29.134,110.195,313.2,1,1,2016-02-26,06:00,A,57,5.0       ,292.1,16
29.384,111.346,310.2,1.1,1.1,2016-02-26,06:00,A,30,5.0       ,291,13.8
29.382,111.335,325.1,1.1,1.1,2016-02-26,06:00,A,78,5.0       ,293.1,34.4
29.557,111.916,313.3,1.2,1.1,2016-02-26,06:00,A,55,5.0       ,291.9,16.4
29.558,111.923,311.6,1.2,1.1,2016-02-26,06:00,A,36,5.0       ,293,15.1
30.183,113.908,319.4,1.6,1.3,2016-02-26,06:00,A,71,5.0       ,290.6,45
30.647,114.427,312.2,1.8,1.3,2016-02-26,06:00,A,47,5.0       ,294.3,24.4
30.643,114.421,313.5,1.8,1.3,2016-02-26,06:00,A,39,5.0       ,294,28.9
19.43,94.75,320.4,1.1,1,2016-02-26,04:30,T,73,5.0       ,299.8,13.2
17.886,103.166,321.3,4.5,2,2016-02-26,04:30,T,74,5.0       ,292.6,165.7
19.401,94.59,317.1,1.1,1,2016-02-26,04:30,T,62,5.0       ,298.2,12.3
17.885,103.158,320.7,4.5,2,2016-02-26,04:30,T,66,5.0       ,292.6,152.2
19.368,94.616,315.2,1.1,1,2016-02-26,04:30,T,57,5.0       ,298.3,8.3
19.367,94.626,329.7,1.1,1,2016-02-26,04:30,T,83,5.0       ,298.5,28.2
19.271,94.866,324.2,1.1,1.1,2016-02-26,04:30,T,77,5.0       ,300.4,17.9
19.26,94.837,317.2,1.1,1.1,2016-02-26,04:30,T,67,5.0       ,299.3,8.7
19.23,95.028,317.3,1.1,1.1,2016-02-26,04:30,T,68,5.0       ,300.1,8.9
19.218,95.103,321.1,1.2,1.1,2016-02-26,04:30,T,74,5.0       ,299.8,13.7
19.219,94.615,311.9,1.1,1,2016-02-26,04:30,T,52,5.0       ,295.4,9.5
18.894,95.459,325.9,1.2,1.1,2016-02-26,04:30,T,77,5.0       ,299.8,24.4
18.927,95.19,337,1.2,1.1,2016-02-26,04:30,T,88,5.0       ,300,40.4
18.908,95.186,324.1,1.2,1.1,2016-02-26,04:30,T,50,5.0       ,300.6,17.8
18.899,95.185,321.7,1.2,1.1,2016-02-26,04:30,T,36,5.0       ,300.3,15.8
19.081,93.907,316.2,1,1,2016-02-26,04:30,T,52,5.0       ,301.1,9
18.789,94.245,318.3,1.1,1,2016-02-26,04:30,T,69,5.0       ,299.5,14.6
18.658,94.957,318.3,1.2,1.1,2016-02-26,04:30,T,69,5.0       ,301.6,9.2
18.553,95.224,325,1.2,1.1,2016-02-26,04:30,T,69,5.0       ,298.3,21.7
18.551,95.235,320,1.2,1.1,2016-02-26,04:30,T,36,5.0       ,298.4,13.3
18.543,95.222,339.3,1.2,1.1,2016-02-26,04:30,T,89,5.0       ,299.1,46.6
18.541,95.233,327.7,1.2,1.1,2016-02-26,04:30,T,81,5.0       ,298.4,22.5
18.569,94.813,315.5,1.1,1.1,2016-02-26,04:30,T,63,5.0       ,298,12.3
18.286,95.034,322.6,1.2,1.1,2016-02-26,04:30,T,75,5.0       ,296.3,24.1
16.707,102.447,316.2,4.2,1.9,2016-02-26,04:30,T,65,5.0       ,295.4,70.3
16.721,102.443,316.7,4.2,1.9,2016-02-26,04:30,T,66,5.0       ,295.8,78.4
16.714,102.482,315.3,4.3,1.9,2016-02-26,04:30,T,60,5.0       ,295.8,63.6
17.071,98.851,314.4,2.2,1.4,2016-02-26,04:30,T,61,5.0       ,291.9,46
16.367,102.31,312.5,4.2,1.9,2016-02-26,04:30,T,46,5.0       ,294.9,50.7
16.359,102.348,319.5,4.2,1.9,2016-02-26,04:30,T,67,5.0       ,295.4,111.2
16.356,102.34,318.1,4.2,1.9,2016-02-26,04:30,T,60,5.0       ,295.2,95.3
15.93,102.561,311.9,4.5,1.9,2016-02-26,04:30,T,52,5.0       ,295.3,51.2
16.709,97.984,317,1.9,1.4,2016-02-26,04:30,T,45,5.0       ,298.5,17.2
16.705,98.002,319.1,2,1.4,2016-02-26,04:30,T,66,5.0       ,299.6,23.4
16.505,96.255,322.3,1.5,1.2,2016-02-26,04:30,T,57,5.0       ,301.5,16
15.389,100.233,324.2,3.1,1.7,2016-02-26,04:30,T,77,5.0       ,299.6,63.4
15.384,100.261,327,3.1,1.7,2016-02-26,04:30,T,80,5.0       ,300.6,86.1
15.456,99.722,329.3,2.8,1.6,2016-02-26,04:30,T,82,5.0       ,299.8,106.1
15.389,100.228,319.4,3.1,1.7,2016-02-26,04:30,T,65,5.0       ,299.7,33.1
12.573,106.366,326.1,2.1,1.4,2016-02-26,05:55,A,77,5.0       ,303.7,29.9
12.57,106.346,324.8,2.1,1.4,2016-02-26,05:55,A,78,5.0       ,303.2,25.9
12.458,105.687,321.6,2.4,1.5,2016-02-26,05:55,A,74,5.0       ,301.4,28.5
12.514,105.854,324.6,2.3,1.5,2016-02-26,05:55,A,62,5.0       ,300.5,27.1
12.049,103.169,324,3.9,1.8,2016-02-26,05:55,A,77,5.0       ,294.8,157.9
12.014,103.205,320.3,3.8,1.8,2016-02-26,05:55,A,42,5.0       ,296.7,113.6
12.524,105.846,323.6,2.3,1.5,2016-02-26,05:55,A,77,5.0       ,300.9,25.8
12.04,103.164,317.3,3.9,1.8,2016-02-26,05:55,A,42,5.0       ,294.4,96.7
12.385,104.892,326.4,2.8,1.6,2016-02-26,05:55,A,65,5.0       ,299.7,64.8
12.571,105.881,327.8,2.3,1.5,2016-02-26,05:55,A,81,5.0       ,302.5,42
12.39,104.839,320.9,2.8,1.6,2016-02-26,05:55,A,30,5.0       ,298.7,37.3
12.385,104.813,322,2.8,1.6,2016-02-26,05:55,A,48,5.0       ,299.5,44.2
12.436,104.935,343.4,2.8,1.6,2016-02-26,05:55,A,92,5.0       ,299.6,197.6
12.415,104.728,325.9,2.9,1.6,2016-02-26,05:55,A,79,5.0       ,299.5,70.2
12.41,104.701,323.9,2.9,1.6,2016-02-26,05:55,A,77,5.0       ,298.9,59
12.627,105.892,335.1,2.3,1.5,2016-02-26,05:55,A,87,5.0       ,303.3,79.6
12.58,105.612,332.3,2.4,1.5,2016-02-26,05:55,A,85,5.0       ,301.9,69.4
12.443,104.954,325.2,2.8,1.6,2016-02-26,05:55,A,78,5.0       ,299,68
12.439,104.929,338.2,2.8,1.6,2016-02-26,05:55,A,89,5.0       ,299.8,157.3
12.623,105.888,324,2.3,1.5,2016-02-26,05:55,A,71,5.0       ,302.3,23.6
12.416,104.722,324.6,2.9,1.6,2016-02-26,05:55,A,76,5.0       ,299.3,63.6
12.411,104.696,319.2,2.9,1.6,2016-02-26,05:55,A,26,5.0       ,298.8,32.2
12.636,105.886,330.4,2.3,1.5,2016-02-26,05:55,A,83,5.0       ,303.6,52.4
12.591,105.628,326.7,2.4,1.5,2016-02-26,05:55,A,51,5.0       ,302.6,37.9
12.587,105.606,325.6,2.4,1.5,2016-02-26,05:55,A,39,5.0       ,301.8,37.2
12.608,105.648,327.3,2.4,1.5,2016-02-26,05:55,A,70,5.0       ,301.6,40.6
19.136,95.725,319.9,3.4,1.7,2016-02-26,07:35,A,68,5.0       ,294.5,74.5
19.133,95.694,322.3,3.4,1.7,2016-02-26,07:35,A,75,5.0       ,295.9,85.7
19.117,94.166,317.4,2.6,1.5,2016-02-26,07:35,A,58,5.0       ,298.1,30.2
19.551,94.859,328.8,3,1.6,2016-02-26,07:35,A,82,5.0       ,295.7,109.1
19.548,94.831,325.4,3,1.6,2016-02-26,07:35,A,79,5.0       ,296.3,85.3
19.55,94.854,327.3,3,1.6,2016-02-26,07:35,A,80,5.0       ,295.8,97.5
19.547,94.826,321.2,3,1.6,2016-02-26,07:35,A,60,5.0       ,296.3,56.8
12.604,105.626,335.7,2.4,1.5,2016-02-26,05:55,A,87,5.0       ,301.3,88.7
12.482,104.843,320.6,2.8,1.6,2016-02-26,05:55,A,62,5.0       ,300.3,36.6
12.315,103.903,322.5,3.4,1.7,2016-02-26,05:55,A,74,5.0       ,299.8,50
12.656,105.684,325.3,2.4,1.5,2016-02-26,05:55,A,47,5.0       ,301.9,31.7
26.774,88.467,312.4,1.3,1.1,2016-02-26,07:40,A,13,5.0       ,298.3,10.5
26.795,88.383,323.6,1.3,1.1,2016-02-26,07:40,A,69,5.0       ,300.1,25.6
26.795,88.39,321.5,1.3,1.1,2016-02-26,07:40,A,51,5.0       ,301.2,22
27.875,95.408,317,4.1,1.9,2016-02-26,07:40,A,67,5.0       ,297.5,105.5
27.88,95.445,310.5,4.1,1.9,2016-02-26,07:40,A,40,5.0       ,296.2,52.3
27.878,95.403,314.8,4.1,1.9,2016-02-26,07:40,A,62,5.0       ,297.3,86.9
3.166,98.397,336.8,3.4,1.7,2016-02-26,15:20,T,100,5.0       ,292.7,304.4
12.007,106.749,306.3,1.1,1,2016-02-26,15:20,T,43,5.0       ,285.3,11.6
12.006,106.739,314.5,1.1,1,2016-02-26,15:20,T,85,5.0       ,285.1,20.5
11.712,104.213,306.6,1,1,2016-02-26,15:20,T,14,5.0       ,293.9,13.2
11.711,104.204,307.4,1,1,2016-02-26,15:20,T,34,5.0       ,293.1,13.4
14.234,105.171,305,1,1,2016-02-26,15:20,T,9,5.0       ,294,6.7
14.131,104.446,306.2,1,1,2016-02-26,15:20,T,42,5.0       ,293.2,8
14.115,104.204,307.6,1,1,2016-02-26,15:20,T,56,5.0       ,293.5,8.9
14.118,104.166,305.6,1,1,2016-02-26,15:20,T,35,5.0       ,293.7,7.1
14.117,104.156,309.9,1,1,2016-02-26,15:20,T,68,5.0       ,293.9,11.3
14.159,104.191,341.6,1,1,2016-02-26,15:20,T,100,5.0       ,294.1,55.2
14.158,104.182,326.7,1,1,2016-02-26,15:20,T,100,5.0       ,293.9,31
13.392,99.18,307.9,1.9,1.3,2016-02-26,15:20,T,58,5.0       ,290.8,30.8
14.024,102.765,305.6,1.1,1,2016-02-26,15:20,T,33,5.0       ,293.5,9.3
14.357,104.998,310.3,1,1,2016-02-26,15:20,T,70,5.0       ,290.9,13.8
14.356,104.989,305.4,1,1,2016-02-26,15:20,T,24,5.0       ,291.9,9.2
14.277,104.242,307.6,1,1,2016-02-26,15:20,T,55,5.0       ,293.5,9.5
14.333,104.506,307.1,1,1,2016-02-26,15:20,T,52,5.0       ,293.3,9.7
14.347,104.541,307.7,1,1,2016-02-26,15:20,T,56,5.0       ,293.4,10.5
14.256,103.781,309.5,1,1,2016-02-26,15:20,T,66,5.0       ,293.9,11
14.351,104.372,308.2,1,1,2016-02-26,15:20,T,60,5.0       ,293.7,10.2
14.286,103.799,309,1,1,2016-02-26,15:20,T,64,5.0       ,293.9,10.2
14.285,103.789,313.9,1,1,2016-02-26,15:20,T,84,5.0       ,294,15.7
14.365,104.279,307.2,1,1,2016-02-26,15:20,T,52,5.0       ,293.5,9.4
14.363,104.261,318.2,1,1,2016-02-26,15:20,T,95,5.0       ,294,20.1
14.306,103.805,312,1,1,2016-02-26,15:20,T,77,5.0       ,294,12.9
14.004,101.682,306.9,1.3,1.1,2016-02-26,15:20,T,50,5.0       ,294.8,10.8
14.016,101.692,306.5,1.2,1.1,2016-02-26,15:20,T,46,5.0       ,294.9,10
14.095,102.078,306.7,1.2,1.1,2016-02-26,15:20,T,48,5.0       ,294.9,10
14.362,103.752,308.6,1,1,2016-02-26,15:20,T,62,5.0       ,293.6,11.1
14.398,103.554,313.9,1,1,2016-02-26,15:20,T,83,5.0       ,291.3,18.8
14.812,106.353,309.5,1.1,1,2016-02-26,15:20,T,66,5.0       ,293.1,12.6
14.176,101.936,314.6,1.2,1.1,2016-02-26,15:20,T,86,5.0       ,293.4,19.2
14.817,106.346,305.1,1.1,1,2016-02-26,15:20,T,17,5.0       ,292.2,8.9
14.177,101.93,305.7,1.2,1.1,2016-02-26,15:20,T,2,5.0       ,293.4,8.1
14.877,106.368,307.1,1.1,1,2016-02-26,15:20,T,51,5.0       ,292.6,10.2
14.936,103.768,311.5,1,1,2016-02-26,15:20,T,75,5.0       ,291.4,16.1
14.982,102.899,314.2,1.1,1,2016-02-26,15:20,T,85,5.0       ,292.1,19.5
15.103,103.402,310.9,1,1,2016-02-26,15:20,T,73,5.0       ,291.8,15.5
14.416,98.947,314.6,1.9,1.3,2016-02-26,15:20,T,86,5.0       ,294,43.2
14.623,99.438,308.2,1.7,1.3,2016-02-26,15:20,T,59,5.0       ,292.6,26.2
15.309,102.243,306.3,1.1,1.1,2016-02-26,15:20,T,43,5.0       ,291.8,12.6
15.114,100.917,308.7,1.3,1.1,2016-02-26,15:20,T,62,5.0       ,294.3,14.3
15.355,102.388,307.2,1.1,1.1,2016-02-26,15:20,T,52,5.0       ,292.4,12.6
15.121,100.91,311.2,1.3,1.1,2016-02-26,15:20,T,74,5.0       ,294.5,17.7
15.669,104.189,307.2,1,1,2016-02-26,15:20,T,52,5.0       ,289.3,12.3
15.524,102.765,307.5,1.1,1,2016-02-26,15:20,T,54,5.0       ,291.9,12.9
15.991,104.969,326,1,1,2016-02-26,15:20,T,100,5.0       ,288.5,35.2
15.647,101.38,306.9,1.2,1.1,2016-02-26,15:20,T,47,5.0       ,291.2,13.4
15.963,101.892,308.5,1.2,1.1,2016-02-26,15:20,T,61,5.0       ,293.1,14.3
15.996,101.76,306.1,1.2,1.1,2016-02-26,15:20,T,41,5.0       ,289,14.1
15.968,101.394,306.8,1.2,1.1,2016-02-26,15:20,T,49,5.0       ,274.8,17.6
15.966,101.383,337.2,1.2,1.1,2016-02-26,15:20,T,100,5.0       ,270.4,69.8
16.005,101.501,308.7,1.2,1.1,2016-02-26,15:20,T,62,5.0       ,284,18
16.578,103.091,317.3,1,1,2016-02-26,15:20,T,93,5.0       ,290.7,23.9
16.562,102.548,306.1,1.1,1,2016-02-26,15:20,T,41,5.0       ,283.2,13.3
16.82,103.234,306.1,1,1,2016-02-26,15:20,T,41,5.0       ,285.7,12.5
16.91,102.786,306.3,1,1,2016-02-26,15:20,T,44,5.0       ,277.1,16.3
16.717,100.49,308.7,1.3,1.2,2016-02-26,15:20,T,62,5.0       ,294.1,15.5
16.714,100.485,305.2,1.3,1.2,2016-02-26,15:20,T,23,5.0       ,293.9,10.5
16.642,98.228,305.4,1.9,1.4,2016-02-26,15:20,T,30,5.0       ,294.1,16.1
17.239,101.471,312.4,1.2,1.1,2016-02-26,15:20,T,78,5.0       ,289.7,21.3
17.243,101.475,305.7,1.2,1.1,2016-02-26,15:20,T,36,5.0       ,289.7,14.8
17.647,103.344,306,1,1,2016-02-26,15:20,T,40,5.0       ,271.5,14.9
1.418,101.61,323,2,1.4,2016-02-26,15:15,T,100,5.0       ,291.9,73.3
1.415,101.593,325.7,2,1.4,2016-02-26,15:15,T,100,5.0       ,291.8,83.7
1.43,101.609,311.6,2,1.4,2016-02-26,15:15,T,76,5.0       ,291.3,36.5
1.428,101.591,313.7,2,1.4,2016-02-26,15:15,T,83,5.0       ,291.5,42.7
1.442,101.607,310,2,1.4,2016-02-26,15:15,T,69,5.0       ,291.7,30.5
1.44,101.589,317.6,2,1.4,2016-02-26,15:15,T,94,5.0       ,292.3,52.9
1.42,101.605,336.5,2,1.4,2016-02-26,15:15,T,100,5.0       ,292.6,127.3
1.417,101.587,314.8,2,1.4,2016-02-26,15:15,T,86,5.0       ,291.5,45.3
1.445,101.601,321.2,2,1.4,2016-02-26,15:15,T,100,5.0       ,292.1,65
1.442,101.583,312.1,2,1.4,2016-02-26,15:15,T,77,5.0       ,292.3,37.5
1.801,101.726,314.8,1.9,1.4,2016-02-26,15:15,T,86,5.0       ,293.3,39.4
1.808,101.738,306.3,1.9,1.4,2016-02-26,15:15,T,44,5.0       ,293.3,17
1.805,101.721,309.9,1.9,1.4,2016-02-26,15:15,T,68,5.0       ,293,26
3.115,102.639,309.5,1.6,1.2,2016-02-26,15:20,T,66,5.0       ,292.8,21.6
5.339,115.656,308.2,3.6,1.8,2016-02-26,15:20,T,59,5.0       ,289.7,67.7
5.332,115.65,311.1,3.6,1.8,2016-02-26,15:20,T,74,5.0       ,289.8,86.6
3.174,98.422,320.8,3.4,1.7,2016-02-26,15:20,T,100,5.0       ,290.1,162
3.17,98.401,341.4,3.4,1.7,2016-02-26,15:20,T,100,5.0       ,294,349.7
3.164,98.36,314.3,3.4,1.7,2016-02-26,15:20,T,85,5.0       ,284.9,122.2
3.17,98.418,330.9,3.4,1.7,2016-02-26,15:20,T,100,5.0       ,293.6,244
12.084,106.642,325.1,1.1,1,2016-02-26,15:20,T,100,5.0       ,293.8,31.2
12.083,106.633,327.4,1.1,1,2016-02-26,15:20,T,100,5.0       ,293.8,34.6
12.108,106.555,306,1.1,1,2016-02-26,15:20,T,40,5.0       ,293.3,8.6
12.162,106.813,306.2,1.1,1,2016-02-26,15:20,T,43,5.0       ,292.8,9.4
12.155,106.558,305.3,1.1,1,2016-02-26,15:20,T,23,5.0       ,293.8,6.7
12.222,106.905,308.8,1.1,1,2016-02-26,15:20,T,63,5.0       ,292,11.9
12.21,106.816,307,1.1,1,2016-02-26,15:20,T,51,5.0       ,293,9.5
11.843,104.225,321.9,1,1,2016-02-26,15:20,T,100,5.0       ,294.5,25.7
11.842,104.216,313.6,1,1,2016-02-26,15:20,T,53,5.0       ,293.5,17.5
12.136,106.159,312.6,1,1,2016-02-26,15:20,T,79,5.0       ,294.4,13.5
12.135,106.15,309.2,1,1,2016-02-26,15:20,T,65,5.0       ,294.3,10
12.22,106.63,309.8,1.1,1,2016-02-26,15:20,T,68,5.0       ,294,11.5
12.246,106.755,306.2,1.1,1,2016-02-26,15:20,T,43,5.0       ,293.2,8
12.245,106.745,325.5,1.1,1,2016-02-26,15:20,T,100,5.0       ,294.4,31.2
12.266,106.693,307.1,1.1,1,2016-02-26,15:20,T,51,5.0       ,293.2,8.6
12.264,106.683,309.3,1.1,1,2016-02-26,15:20,T,65,5.0       ,293.6,11
12.183,106.095,305.1,1,1,2016-02-26,15:20,T,18,5.0       ,294.9,5.7
12.175,106.039,306.3,1,1,2016-02-26,15:20,T,43,5.0       ,294.8,7
12.304,106.642,308.3,1.1,1,2016-02-26,15:20,T,60,5.0       ,294.4,9.7
12.343,106.725,311.9,1.1,1,2016-02-26,15:20,T,77,5.0       ,294.2,13.9
12.531,106.896,313.8,1.1,1,2016-02-26,15:20,T,83,5.0       ,293.6,17.2
12.404,105.77,311.1,1,1,2016-02-26,15:20,T,74,5.0       ,292.2,13
12.455,105.932,306.4,1,1,2016-02-26,15:20,T,45,5.0       ,295.1,6.7
12.453,105.923,309.9,1,1,2016-02-26,15:20,T,68,5.0       ,295.1,9.8
12.065,103.223,312.8,1.1,1,2016-02-26,15:20,T,80,5.0       ,290.2,19.1
12.577,106.417,305.5,1,1,2016-02-26,15:20,T,31,5.0       ,294.6,6.7
13.618,104.331,314.1,1,1,2016-02-26,15:20,T,84,5.0       ,294.5,14.7
13.629,104.282,307.2,1,1,2016-02-26,15:20,T,52,5.0       ,294.5,7.5
13.639,104.29,305.5,1,1,2016-02-26,15:20,T,21,5.0       ,294.4,5.7
13.638,104.28,313.9,1,1,2016-02-26,15:20,T,84,5.0       ,294.5,14.1
14.105,107.614,311.2,1.2,1.1,2016-02-26,15:20,T,74,5.0       ,291.8,19.3
13.671,104.19,305.6,1,1,2016-02-26,15:20,T,34,5.0       ,293.6,6.9
14.155,107.443,310.6,1.2,1.1,2016-02-26,15:20,T,72,5.0       ,292,17.7
13.847,104.386,317.4,1,1,2016-02-26,15:20,T,93,5.0       ,294,18.4
13.121,99.545,310.8,1.8,1.3,2016-02-26,15:20,T,73,5.0       ,292.3,33
13.88,104.363,306.7,1,1,2016-02-26,15:20,T,48,5.0       ,293.8,7.2
13.891,104.379,311.2,1,1,2016-02-26,15:20,T,74,5.0       ,294,11
13.89,104.37,313,1,1,2016-02-26,15:20,T,81,5.0       ,293.8,12.8
13.854,103.992,305.1,1,1,2016-02-26,15:20,T,19,5.0       ,293.9,7.3
13.999,104.619,310.5,1,1,2016-02-26,15:20,T,71,5.0       ,293.8,10.8
14.056,104.956,308.6,1,1,2016-02-26,15:20,T,62,5.0       ,293.2,10
14.11,105.267,310.9,1,1,2016-02-26,15:20,T,73,5.0       ,291,14.4
14.017,104.479,307.9,1,1,2016-02-26,15:20,T,57,5.0       ,292.5,9.7
13.735,102.584,322.4,1.1,1.1,2016-02-26,15:20,T,100,5.0       ,294.5,29.6
14.044,104.541,329.5,1,1,2016-02-26,15:20,T,100,5.0       ,294.5,34.2
14.021,104.253,311.5,1,1,2016-02-26,15:20,T,75,5.0       ,293.3,12.2
14.039,104.251,312.4,1,1,2016-02-26,15:20,T,79,5.0       ,294,13.7
14.037,104.241,315.1,1,1,2016-02-26,15:20,T,87,5.0       ,293.5,16.6
14.017,104.037,308.8,1,1,2016-02-26,15:20,T,63,5.0       ,294,10.1
13.984,103.813,305.9,1,1,2016-02-26,15:20,T,27,5.0       ,293.9,6.9
14.051,104.082,305.7,1,1,2016-02-26,15:20,T,31,5.0       ,293.5,7.2
13.987,103.643,306.6,1,1,2016-02-26,15:20,T,47,5.0       ,294.3,8.8
13.731,101.965,326.8,1.2,1.1,2016-02-26,15:20,T,100,5.0       ,292.4,42.5
13.712,101.842,319.2,1.2,1.1,2016-02-26,15:20,T,98,5.0       ,293.3,30.1
14.29,105.637,306.8,1,1,2016-02-26,15:20,T,34,5.0       ,287.6,9.6
14.299,105.636,309,1,1,2016-02-26,15:20,T,51,5.0       ,292.1,12.3
12.576,106.407,328.6,1,1,2016-02-26,15:20,T,100,5.0       ,295.6,34.9
12.5,105.863,322,1,1,2016-02-26,15:20,T,100,5.0       ,295.7,22.9
12.499,105.853,310.5,1,1,2016-02-26,15:20,T,70,5.0       ,295.3,9.9
12.625,106.696,306.7,1.1,1,2016-02-26,15:20,T,47,5.0       ,294,8.5
12.585,106.406,326,1,1,2016-02-26,15:20,T,100,5.0       ,294.9,30.6
12.509,105.861,307.7,1,1,2016-02-26,15:20,T,56,5.0       ,294.8,7.5
12.488,105.714,320.7,1,1,2016-02-26,15:20,T,100,5.0       ,293.6,22.8
12.487,105.704,308.5,1,1,2016-02-26,15:20,T,51,5.0       ,291.6,9.6
12.56,105.895,306.7,1,1,2016-02-26,15:20,T,48,5.0       ,294.6,6.7
12.559,105.886,306.5,1,1,2016-02-26,15:20,T,45,5.0       ,293.5,6.6
12.548,105.746,306.1,1,1,2016-02-26,15:20,T,41,5.0       ,295.3,6.1
12.55,105.689,310,1,1,2016-02-26,15:20,T,69,5.0       ,293.9,11.1
12.548,105.68,313.2,1,1,2016-02-26,15:20,T,81,5.0       ,294.7,13.8
12.592,105.73,324.7,1,1,2016-02-26,15:20,T,100,5.0       ,295.4,27.1
12.592,105.664,313.5,1,1,2016-02-26,15:20,T,82,5.0       ,295,13.7
12.576,105.554,310.5,1,1,2016-02-26,15:20,T,71,5.0       ,293.6,10.5
12.597,105.635,306.2,1,1,2016-02-26,15:20,T,33,5.0       ,294.8,5.5
12.636,105.651,309,1,1,2016-02-26,15:20,T,50,5.0       ,292.6,8.7
12.611,105.468,305.1,1,1,2016-02-26,15:20,T,20,5.0       ,294.9,5.1
12.641,105.622,327.6,1,1,2016-02-26,15:20,T,100,5.0       ,295.4,29.4
12.67,105.759,328,1,1,2016-02-26,15:20,T,100,5.0       ,296.2,30.4
12.65,105.621,313.5,1,1,2016-02-26,15:20,T,82,5.0       ,295.3,11.8
12.649,105.612,309.7,1,1,2016-02-26,15:20,T,67,5.0       ,295.1,8.5
12.645,105.584,305.5,1,1,2016-02-26,15:20,T,33,5.0       ,294.9,5.6
12.666,105.666,316.1,1,1,2016-02-26,15:20,T,90,5.0       ,295.7,14.1
12.663,105.647,308.2,1,1,2016-02-26,15:20,T,30,5.0       ,295.1,6.4
12.707,105.896,310.8,1,1,2016-02-26,15:20,T,72,5.0       ,295.4,10.2
12.706,105.886,311.6,1,1,2016-02-26,15:20,T,76,5.0       ,295.2,11
12.688,105.757,306.4,1,1,2016-02-26,15:20,T,20,5.0       ,295,5.3
12.668,105.618,324,1,1,2016-02-26,15:20,T,100,5.0       ,295.6,24
12.68,105.635,332.4,1,1,2016-02-26,15:20,T,100,5.0       ,295.6,35.9
12.664,105.525,310.6,1,1,2016-02-26,15:20,T,72,5.0       ,295.3,10.6
12.708,105.772,314,1,1,2016-02-26,15:20,T,84,5.0       ,295.7,12.7
12.7,105.717,310.2,1,1,2016-02-26,15:20,T,34,5.0       ,295.2,8.6
12.698,105.699,307.1,1,1,2016-02-26,15:20,T,51,5.0       ,295.1,6.5
12.693,105.662,307.4,1,1,2016-02-26,15:20,T,13,5.0       ,294.8,6
12.269,102.733,307.7,1.2,1.1,2016-02-26,15:20,T,56,5.0       ,291.9,12
12.711,105.728,318.4,1,1,2016-02-26,15:20,T,96,5.0       ,295.8,18.4
12.71,105.719,309,1,1,2016-02-26,15:20,T,46,5.0       ,295.4,8.1
12.7,105.645,309.1,1,1,2016-02-26,15:20,T,46,5.0       ,295.1,8.5
12.709,105.644,314.1,1,1,2016-02-26,15:20,T,69,5.0       ,295,13
12.745,105.771,313,1,1,2016-02-26,15:20,T,81,5.0       ,295.6,11.7
12.744,105.761,348.4,1,1,2016-02-26,15:20,T,100,5.0       ,297.6,66.9
12.727,105.641,305.8,1,1,2016-02-26,15:20,T,15,5.0       ,294.7,5.6
12.754,105.769,315.9,1,1,2016-02-26,15:20,T,89,5.0       ,295,14.9
12.753,105.76,310.7,1,1,2016-02-26,15:20,T,55,5.0       ,295.1,9.2
12.764,105.711,307.8,1,1,2016-02-26,15:20,T,57,5.0       ,294.5,7.1
12.365,102.955,306.2,1.1,1.1,2016-02-26,15:20,T,21,5.0       ,290.3,15.9
12.76,105.618,308.1,1,1,2016-02-26,15:20,T,59,5.0       ,294.6,7.9
12.759,105.608,318.7,1,1,2016-02-26,15:20,T,97,5.0       ,295.2,19
12.79,105.764,312.2,1,1,2016-02-26,15:20,T,78,5.0       ,295.2,11.9
12.783,105.718,307.8,1,1,2016-02-26,15:20,T,56,5.0       ,294.8,7.1
12.769,105.616,306,1,1,2016-02-26,15:20,T,39,5.0       ,294.9,6
12.732,105.351,306.4,1,1,2016-02-26,15:20,T,33,5.0       ,293.6,6.9
12.743,105.368,314.8,1,1,2016-02-26,15:20,T,86,5.0       ,293.4,14.8
12.742,105.358,307,1,1,2016-02-26,15:20,T,27,5.0       ,293.5,7.2
12.833,105.874,305.6,1,1,2016-02-26,15:20,T,33,5.0       ,295.2,5.6
12.864,105.568,309.4,1,1,2016-02-26,15:20,T,66,5.0       ,295.3,8.7
12.846,105.377,316.4,1,1,2016-02-26,15:20,T,91,5.0       ,295.6,16.7
12.885,105.587,313.2,1,1,2016-02-26,15:20,T,81,5.0       ,295.7,12.5
12.855,105.376,312,1,1,2016-02-26,15:20,T,77,5.0       ,295,12.1
13.263,107.955,307.5,1.3,1.1,2016-02-26,15:20,T,55,5.0       ,290.9,14.7
12.913,105.33,342,1,1,2016-02-26,15:20,T,100,5.0       ,296,54
12.912,105.321,333.6,1,1,2016-02-26,15:20,T,100,5.0       ,295.6,38.9
12.908,105.293,308,1,1,2016-02-26,15:20,T,58,5.0       ,295,8
12.906,105.284,306.7,1,1,2016-02-26,15:20,T,48,5.0       ,295,6.9
12.972,105.687,305.5,1,1,2016-02-26,15:20,T,32,5.0       ,294.9,5.6
12.922,105.329,322.1,1,1,2016-02-26,15:20,T,100,5.0       ,295.3,23.3
12.977,105.586,311.1,1,1,2016-02-26,15:20,T,68,5.0       ,295.2,9.2
12.991,105.621,308.6,1,1,2016-02-26,15:20,T,61,5.0       ,295,7.7
13.004,105.45,306.8,1,1,2016-02-26,15:20,T,48,5.0       ,294.4,6.7
12.996,105.264,307.1,1,1,2016-02-26,15:20,T,52,5.0       ,295.5,6.8
13.029,105.3,305.1,1,1,2016-02-26,15:20,T,19,5.0       ,295,5.2
13.21,106.549,305.2,1.1,1,2016-02-26,15:20,T,22,5.0       ,293.3,7.4
13.095,105.384,307,1,1,2016-02-26,15:20,T,50,5.0       ,294.4,7.7
13.094,105.375,306.1,1,1,2016-02-26,15:20,T,42,5.0       ,294.1,7
13.277,106.503,315,1.1,1,2016-02-26,15:20,T,74,5.0       ,293.7,16.7
13.276,106.493,311.3,1.1,1,2016-02-26,15:20,T,36,5.0       ,293.4,12.3
13.285,106.491,308.7,1.1,1,2016-02-26,15:20,T,62,5.0       ,293.2,11
13.156,105.032,335,1,1,2016-02-26,15:20,T,100,5.0       ,295.8,41.3
13.165,105.025,305.8,1,1,2016-02-26,15:20,T,37,5.0       ,294.8,6.2
13.489,107.262,308.1,1.2,1.1,2016-02-26,15:20,T,59,5.0       ,291.9,12.9
13.487,107.251,317.6,1.2,1.1,2016-02-26,15:20,T,94,5.0       ,292.2,24.7
13.315,105.906,306,1,1,2016-02-26,15:20,T,38,5.0       ,294.4,6.1
12.675,101.16,315.6,1.4,1.2,2016-02-26,15:20,T,89,5.0       ,294.4,26.5
13.275,105.151,305.6,1,1,2016-02-26,15:20,T,35,5.0       ,294.5,5.8
12.669,101.155,318.7,1.4,1.2,2016-02-26,15:20,T,97,5.0       ,294.7,30.7
13.303,105.287,307.5,1,1,2016-02-26,15:20,T,55,5.0       ,294.9,7.6
12.68,101.153,307.4,1.4,1.2,2016-02-26,15:20,T,51,5.0       ,295.2,12.2
13.326,105.387,306.2,1,1,2016-02-26,15:20,T,42,5.0       ,294.7,6.4
13.322,105.359,308.3,1,1,2016-02-26,15:20,T,60,5.0       ,295,8
13.449,106.005,306.4,1,1,2016-02-26,15:20,T,45,5.0       ,294.3,7.7
13.591,106.975,312.9,1.1,1.1,2016-02-26,15:20,T,80,5.0       ,292.5,17.5
13.45,105.683,322.2,1,1,2016-02-26,15:20,T,100,5.0       ,295,23.2
13.449,105.674,340.2,1,1,2016-02-26,15:20,T,100,5.0       ,295.8,51.2
13.477,105.813,306.6,1,1,2016-02-26,15:20,T,47,5.0       ,294.7,6
13.476,105.803,306.3,1,1,2016-02-26,15:20,T,44,5.0       ,294.6,5.6
13.459,105.682,334.4,1,1,2016-02-26,15:20,T,100,5.0       ,296,40.7
13.458,105.673,316.9,1,1,2016-02-26,15:20,T,92,5.0       ,295.2,16.6
13.457,105.663,307.3,1,1,2016-02-26,15:20,T,53,5.0       ,294.9,6.8
13.467,105.671,342.9,1,1,2016-02-26,15:20,T,100,5.0       ,295.9,56.3
13.466,105.662,320.2,1,1,2016-02-26,15:20,T,100,5.0       ,295.2,20.1
13.498,105.762,308.2,1,1,2016-02-26,15:20,T,22,5.0       ,294.9,6.3
13.508,105.77,318.3,1,1,2016-02-26,15:20,T,95,5.0       ,295.3,17.3
13.507,105.761,314,1,1,2016-02-26,15:20,T,72,5.0       ,295.3,12.3
13.575,106.185,308.2,1,1,2016-02-26,15:20,T,59,5.0       ,294.4,9
13.517,105.769,307.3,1,1,2016-02-26,15:20,T,29,5.0       ,294.8,6.5
13.516,105.759,317.4,1,1,2016-02-26,15:20,T,93,5.0       ,295.3,17
13.515,105.75,310.2,1,1,2016-02-26,15:20,T,41,5.0       ,294.9,9.1
13.19,103.483,310.8,1.1,1,2016-02-26,15:20,T,50,5.0       ,291.3,16.5
13.247,103.565,327.3,1,1,2016-02-26,15:20,T,100,5.0       ,292.7,35.7
13.246,103.556,350.9,1,1,2016-02-26,15:20,T,100,5.0       ,293.6,81.1
13.573,105.773,306.9,1,1,2016-02-26,15:20,T,44,5.0       ,294.5,6.2
13.245,103.487,308.1,1.1,1,2016-02-26,15:20,T,42,5.0       ,292.7,12.7
13.828,107.447,306.1,1.2,1.1,2016-02-26,15:20,T,41,5.0       ,291.5,11.9
13.271,103.473,340.3,1.1,1,2016-02-26,15:20,T,100,5.0       ,293.8,55.7
13.27,103.464,344.6,1.1,1,2016-02-26,15:20,T,100,5.0       ,294.8,64.8
13.29,103.47,343.8,1.1,1,2016-02-26,15:20,T,100,5.0       ,294.8,62.7
13.814,107.121,307,1.1,1.1,2016-02-26,15:20,T,35,5.0       ,291.9,10.9
13.458,104.57,305.6,1,1,2016-02-26,15:20,T,33,5.0       ,293.8,6.2
13.299,103.469,309,1.1,1,2016-02-26,15:20,T,64,5.0       ,292.9,10.6
13.817,107.115,306.4,1.1,1.1,2016-02-26,15:20,T,45,5.0       ,291.5,11.5
13.723,106.408,305.7,1.1,1,2016-02-26,15:20,T,15,5.0       ,294.2,6.4
13.722,106.398,306.6,1.1,1,2016-02-26,15:20,T,32,5.0       ,294.1,7.1
13.645,105.833,306.3,1,1,2016-02-26,15:20,T,14,5.0       ,294.9,5.8
13.45,104.444,321.4,1,1,2016-02-26,15:20,T,100,5.0       ,295.1,22.4
13.797,106.886,305.6,1.1,1.1,2016-02-26,15:20,T,34,5.0       ,292,10.4
13.795,106.876,306.1,1.1,1.1,2016-02-26,15:20,T,40,5.0       ,291.4,11.2
13.657,105.851,306.5,1,1,2016-02-26,15:20,T,16,5.0       ,294.9,5.7
13.608,105.496,306.9,1,1,2016-02-26,15:20,T,50,5.0       ,294.3,6.9
13.318,103.48,310,1.1,1,2016-02-26,15:20,T,26,5.0       ,293.6,14.1
13.617,105.495,316.6,1,1,2016-02-26,15:20,T,91,5.0       ,294.3,16.6
13.616,105.485,309.3,1,1,2016-02-26,15:20,T,65,5.0       ,294.4,8.8
13.327,103.478,306.9,1.1,1,2016-02-26,15:20,T,49,5.0       ,293.3,9
13.665,105.773,314.3,1,1,2016-02-26,15:20,T,85,5.0       ,294.4,14.8
13.494,104.559,313.6,1,1,2016-02-26,15:20,T,82,5.0       ,294,13.8
13.462,104.339,307.1,1,1,2016-02-26,15:20,T,51,5.0       ,294.1,7.9
13.674,105.771,307.1,1,1,2016-02-26,15:20,T,52,5.0       ,293.8,7.5
13.526,104.591,310.9,1,1,2016-02-26,15:20,T,63,5.0       ,294.6,11.6
13.525,104.582,307.7,1,1,2016-02-26,15:20,T,51,5.0       ,294,8
13.509,104.407,307.1,1,1,2016-02-26,15:20,T,51,5.0       ,295.4,7.2
13.517,104.405,312,1,1,2016-02-26,15:20,T,77,5.0       ,295,11.7
13.516,104.396,305.9,1,1,2016-02-26,15:20,T,35,5.0       ,294.4,5.9
13.562,104.651,305.6,1,1,2016-02-26,15:20,T,34,5.0       ,294.1,5.7
13.561,104.642,306.3,1,1,2016-02-26,15:20,T,43,5.0       ,294.2,6.3
13.54,104.496,315.6,1,1,2016-02-26,15:20,T,89,5.0       ,294.7,15.7
13.493,104.174,327.3,1,1,2016-02-26,15:20,T,100,5.0       ,296.3,30.8
13.492,104.165,308.3,1,1,2016-02-26,15:20,T,60,5.0       ,294.5,8.8
13.737,105.765,307.6,1,1,2016-02-26,15:20,T,55,5.0       ,294.4,8.1
13.736,105.756,305.2,1,1,2016-02-26,15:20,T,14,5.0       ,294.4,5.5
13.519,104.22,309.5,1,1,2016-02-26,15:20,T,66,5.0       ,295,9.4
13.517,104.211,321.5,1,1,2016-02-26,15:20,T,100,5.0       ,295.5,23
13.886,106.794,307.4,1.1,1.1,2016-02-26,15:20,T,54,5.0       ,293.1,10.7
13.749,105.716,306,1,1,2016-02-26,15:20,T,33,5.0       ,294.6,5.6
13.758,105.714,324.4,1,1,2016-02-26,15:20,T,100,5.0       ,295.2,25.3
13.757,105.705,328.6,1,1,2016-02-26,15:20,T,100,5.0       ,295.4,31.5
13.625,104.7,306.6,1,1,2016-02-26,15:20,T,47,5.0       ,294.2,7.5
13.777,105.721,309.4,1,1,2016-02-26,15:20,T,66,5.0       ,295,9
13.609,104.338,335.6,1,1,2016-02-26,15:20,T,100,5.0       ,295.7,43.4
13.608,104.328,320.4,1,1,2016-02-26,15:20,T,100,5.0       ,295,21.2
13.38,106.322,307.3,2.2,1.4,2016-02-26,18:10,A,53,5.0       ,290.6,31.2
13.377,106.343,315.7,2.2,1.4,2016-02-26,18:10,A,89,5.0       ,291,58.3
13.378,106.337,320.3,2.2,1.4,2016-02-26,18:10,A,100,5.0       ,291.1,75.6
13.326,106.332,314.7,2.2,1.4,2016-02-26,18:10,A,86,5.0       ,290.8,56.8
12.73,105.761,309.8,2.4,1.5,2016-02-26,18:10,A,41,5.0       ,289.5,41.8
12.728,105.782,324.2,2.4,1.5,2016-02-26,18:10,A,100,5.0       ,288,103.3
12.718,105.776,328.2,2.4,1.5,2016-02-26,18:10,A,100,5.0       ,285.2,125.1
12.365,105.888,310.3,2.3,1.5,2016-02-26,18:10,A,70,5.0       ,289.7,44.7
12.216,106.909,325.2,1.9,1.4,2016-02-26,18:10,A,100,5.0       ,292.4,78.5
12.367,105.883,307.1,2.3,1.5,2016-02-26,18:10,A,51,5.0       ,289.6,34.6
12.223,106.904,316.9,1.9,1.4,2016-02-26,18:10,A,92,5.0       ,292,52.3
12.221,106.922,305.8,1.9,1.4,2016-02-26,18:10,A,36,5.0       ,292,23
5.339,115.657,321.5,1.6,1.2,2016-02-26,18:10,A,100,5.0       ,292.7,47.9
1.334,116.658,309.5,2.2,1.4,2016-02-26,18:10,A,67,5.0       ,289,45.7
1.336,116.651,306.6,2.2,1.4,2016-02-26,18:15,A,47,5.0       ,288.8,35.6
1.42,101.616,311.9,3.4,1.7,2016-02-26,18:15,A,77,5.0       ,289.5,86.8