latitude,longitude,brightness,scan,track,acq_date,acq_time,satellite,confidence,version,bright_t31,frp
6.686,125.004,323.2,1.3,1.1,2016-02-23,05:20,A,71,5.0       ,292.3,23.6
5.934,116.443,327.5,1.9,1.3,2016-02-23,05:20,A,81,5.0       ,293.9,75.2
-3.788,103.537,318.3,1.5,1.2,2016-02-23,07:00,A,39,5.0       ,296.4,18
-2.86,103.815,315.6,1.7,1.3,2016-02-23,07:00,A,64,5.0       ,293.2,17.4
0.303,103.009,325.6,1.6,1.3,2016-02-23,07:00,A,59,5.0       ,298.9,28.8
0.86,102.5,322.2,1.5,1.2,2016-02-23,07:00,A,70,5.0       ,303.1,27.1
1.016,101.429,322.4,1.3,1.1,2016-02-23,07:00,A,64,5.0       ,301.4,18.3
1.397,101.947,319.7,1.4,1.2,2016-02-23,07:00,A,33,5.0       ,301.8,19.7
1.302,99.005,317.4,1,1,2016-02-23,07:00,A,51,5.0       ,297.7,10.8
3.364,103.368,316.7,1.9,1.4,2016-02-23,07:00,A,66,5.0       ,296.8,29.8
3.249,98.069,316.7,1,1,2016-02-23,07:00,A,66,5.0       ,297.1,13.1
3.263,97.849,332.6,1,1,2016-02-23,07:00,A,80,5.0       ,304.8,26.7
3.273,97.857,323.8,1,1,2016-02-23,07:00,A,54,5.0       ,306.9,12.6
4.466,97.507,322.6,1,1,2016-02-23,07:00,A,75,5.0       ,299.3,19.2
4.687,96.544,314.5,1,1,2016-02-23,07:00,A,60,5.0       ,299.6,12
5.131,95.42,313.7,1.1,1,2016-02-23,07:00,A,59,5.0       ,298.7,9.5
5.13,95.41,313,1.1,1,2016-02-23,07:00,A,50,5.0       ,299.2,8.4
10.659,103.597,313.2,2.6,1.6,2016-02-23,07:00,A,31,5.0       ,295.6,25.3
10.763,104.196,322.2,3,1.6,2016-02-23,07:00,A,57,5.0       ,301.8,47.8
11.267,103.729,317.1,2.8,1.6,2016-02-23,07:00,A,23,5.0       ,299.3,37.3
11.637,103.923,326,2.9,1.6,2016-02-23,07:00,A,56,5.0       ,304.2,55.6
11.634,103.896,328.1,2.9,1.6,2016-02-23,07:00,A,54,5.0       ,304.3,75.6
11.638,103.918,328.8,2.9,1.6,2016-02-23,07:00,A,66,5.0       ,304.9,74
11.68,103.618,318.8,2.8,1.6,2016-02-23,07:00,A,62,5.0       ,301.1,52
12.093,106.06,320.7,4.3,1.9,2016-02-23,07:00,A,52,5.0       ,301.3,64.8
12.096,106.051,320.3,4.3,1.9,2016-02-23,07:05,A,57,5.0       ,300.9,61.7
12.25,106.663,325.2,4.8,2,2016-02-23,07:05,A,48,5.0       ,307.2,69.1
20.378,94.384,324.3,1,1,2016-02-23,07:05,A,68,5.0       ,309.5,8.7
20.376,94.374,330.1,1,1,2016-02-23,07:05,A,71,5.0       ,311.1,18.9
20.42,94.478,326.6,1,1,2016-02-23,07:05,A,80,5.0       ,311.2,11.1
20.572,94.382,329.5,1,1,2016-02-23,07:05,A,82,5.0       ,311.9,15
20.571,94.373,329.5,1,1,2016-02-23,07:05,A,78,5.0       ,312.4,14.7
20.581,94.381,332.1,1,1,2016-02-23,07:05,A,67,5.0       ,311.4,18.1
20.58,94.371,346.3,1,1,2016-02-23,07:05,A,93,5.0       ,312.3,44
20.578,94.362,327.6,1,1,2016-02-23,07:05,A,38,5.0       ,311.3,12.7
20.943,96.895,351.3,1.2,1.1,2016-02-23,07:05,A,96,5.0       ,310.6,75.7
20.941,96.883,328.8,1.2,1.1,2016-02-23,07:05,A,82,5.0       ,311.5,18.4
20.882,96.418,322.3,1.2,1.1,2016-02-23,07:05,A,75,5.0       ,306.1,12.3
20.648,94.468,328.5,1,1,2016-02-23,07:05,A,81,5.0       ,310.4,12.9
20.647,94.458,328.3,1,1,2016-02-23,07:05,A,81,5.0       ,312.7,12.6
20.628,94.324,325.7,1,1,2016-02-23,07:05,A,72,5.0       ,306.6,14
21.589,102.252,318.1,3,1.6,2016-02-23,07:05,A,69,5.0       ,295.4,79
21.026,97.15,332.8,1.3,1.1,2016-02-23,07:05,A,65,5.0       ,309.9,31.9
21.588,102.248,316,3,1.6,2016-02-23,07:05,A,65,5.0       ,295.5,67.8
20.68,94.369,324.3,1,1,2016-02-23,07:05,A,72,5.0       ,311.5,7.8
20.678,94.359,334.9,1,1,2016-02-23,07:05,A,86,5.0       ,312.2,24.1
21.004,96.427,318.6,1.2,1.1,2016-02-23,07:05,A,50,5.0       ,303.6,9.5
20.714,94.285,325.4,1,1,2016-02-23,07:05,A,51,5.0       ,309.8,11.6
20.729,94.332,329.9,1,1,2016-02-23,07:05,A,83,5.0       ,310.7,17.5
20.728,94.322,327.5,1,1,2016-02-23,07:05,A,81,5.0       ,310.4,14.7
20.723,94.284,325.4,1,1,2016-02-23,07:05,A,29,5.0       ,308.1,10.3
20.742,94.359,323.1,1,1,2016-02-23,07:05,A,76,5.0       ,308.7,8.9
20.741,94.349,323.1,1,1,2016-02-23,07:05,A,68,5.0       ,308.8,8
20.742,94.284,325.2,1,1,2016-02-23,07:05,A,73,5.0       ,308.5,12.6
20.57,93.035,315.3,1,1,2016-02-23,07:05,A,50,5.0       ,300.4,6.8
21.301,98.54,326.6,1.6,1.2,2016-02-23,07:05,A,80,5.0       ,305.1,34
21.129,97.086,328.2,1.3,1.1,2016-02-23,07:05,A,78,5.0       ,309.7,19.5
20.768,94.338,329,1,1,2016-02-23,07:05,A,73,5.0       ,307.9,16.6
20.755,94.243,325.6,1,1,2016-02-23,07:05,A,79,5.0       ,310.6,10.4
20.776,94.327,328.4,1,1,2016-02-23,07:05,A,81,5.0       ,308.4,16.9
21.179,97.241,333.9,1.3,1.1,2016-02-23,07:05,A,86,5.0       ,305.2,43.4
21.162,97.107,323.7,1.3,1.1,2016-02-23,07:05,A,73,5.0       ,309.5,12.9
20.807,94.352,319.7,1,1,2016-02-23,07:05,A,61,5.0       ,307.1,7.9
20.802,94.255,324.9,1,1,2016-02-23,07:05,A,32,5.0       ,307.2,12.4
20.785,94.131,325.7,1,1,2016-02-23,07:05,A,61,5.0       ,307.7,13.8
21.176,96.969,319.3,1.3,1.1,2016-02-23,07:05,A,71,5.0       ,305.4,10.6
21.17,96.849,325.7,1.2,1.1,2016-02-23,07:05,A,20,5.0       ,310.7,14.7
21.181,96.854,334.8,1.2,1.1,2016-02-23,07:05,A,45,5.0       ,310.7,30.7
21.191,96.853,333.5,1.2,1.1,2016-02-23,07:05,A,81,5.0       ,314.1,31.6
21.246,97.052,320.6,1.3,1.1,2016-02-23,07:05,A,58,5.0       ,307.1,14.3
21.256,97.05,324.4,1.3,1.1,2016-02-23,07:05,A,77,5.0       ,306.2,21.8
21.337,97.534,317.7,1.4,1.2,2016-02-23,07:05,A,60,5.0       ,301.7,18.1
21.067,95.041,327.6,1,1,2016-02-23,07:05,A,73,5.0       ,314.8,7.8
21.309,96.817,331.4,1.2,1.1,2016-02-23,07:05,A,74,5.0       ,312.2,21.1
21.506,98.069,317.8,1.5,1.2,2016-02-23,07:05,A,68,5.0       ,300.7,21.9
21.404,97.179,315.4,1.3,1.1,2016-02-23,07:05,A,64,5.0       ,302,13.3
21.314,96.367,327,1.2,1.1,2016-02-23,07:05,A,73,5.0       ,307.4,23.6
21.334,96.446,322,1.2,1.1,2016-02-23,07:05,A,47,5.0       ,308.2,11.6
21.358,96.408,325.6,1.2,1.1,2016-02-23,07:05,A,79,5.0       ,310.6,14.8
21.357,96.397,327.8,1.2,1.1,2016-02-23,07:05,A,81,5.0       ,309.9,19
21.158,94.299,324,1,1,2016-02-23,07:05,A,77,5.0       ,306.6,13
21.794,99.268,319.2,1.8,1.3,2016-02-23,07:05,A,71,5.0       ,299.6,38.8
21.684,97.998,314.3,1.5,1.2,2016-02-23,07:05,A,36,5.0       ,300.2,10.6
21.504,96.502,324,1.2,1.1,2016-02-23,07:05,A,60,5.0       ,311.2,15.2
21.542,96.335,330.4,1.2,1.1,2016-02-23,07:05,A,83,5.0       ,311.9,19
21.863,98.368,327.4,1.6,1.2,2016-02-23,07:05,A,80,5.0       ,301.8,44.8
21.861,98.352,332.8,1.6,1.2,2016-02-23,07:05,A,85,5.0       ,302.5,59.6
21.322,94.153,316.9,1,1,2016-02-23,07:05,A,44,5.0       ,301.6,7.3
21.32,94.143,321.8,1,1,2016-02-23,07:05,A,62,5.0       ,304.3,12.6
21.78,97.325,319,1.3,1.1,2016-02-23,07:05,A,57,5.0       ,304.1,16
21.779,97.312,319.1,1.3,1.1,2016-02-23,07:05,A,43,5.0       ,305.7,16.9
21.369,93.973,311.4,1,1,2016-02-23,07:05,A,34,5.0       ,292.1,9
21.926,98.233,319.1,1.5,1.2,2016-02-23,07:05,A,57,5.0       ,303.8,20.1
21.709,96.437,345.9,1.2,1.1,2016-02-23,07:05,A,93,5.0       ,313.8,54.9
21.721,96.458,325.7,1.2,1.1,2016-02-23,07:05,A,56,5.0       ,308.4,14.4
21.975,98.272,317.7,1.5,1.2,2016-02-23,07:05,A,66,5.0       ,301.8,16.8
21.756,96.416,333.4,1.2,1.1,2016-02-23,07:05,A,85,5.0       ,307.6,29.9
21.754,96.405,326.7,1.2,1.1,2016-02-23,07:05,A,80,5.0       ,309.2,17.7
21.977,98.265,321.8,1.5,1.2,2016-02-23,07:05,A,74,5.0       ,302.7,25.2
21.758,96.409,331.8,1.2,1.1,2016-02-23,07:05,A,84,5.0       ,309.1,28.6
21.777,96.478,322.1,1.2,1.1,2016-02-23,07:05,A,56,5.0       ,309.2,16
21.832,96.599,321.4,1.2,1.1,2016-02-23,07:05,A,67,5.0       ,306.7,18.1
21.83,96.588,320.5,1.2,1.1,2016-02-23,07:05,A,66,5.0       ,308.3,17.4
21.921,97.152,323.8,1.3,1.1,2016-02-23,07:05,A,71,5.0       ,305,23.4
21.86,96.666,321.8,1.2,1.1,2016-02-23,07:05,A,65,5.0       ,305.8,17.4
21.859,96.655,319.1,1.2,1.1,2016-02-23,07:05,A,48,5.0       ,307.6,13.7
21.995,97.356,323.3,1.4,1.2,2016-02-23,07:05,A,37,5.0       ,308,23.5
21.947,96.479,317.5,1.2,1.1,2016-02-23,07:05,A,56,5.0       ,304.6,10.1
21.972,96.263,328.5,1.2,1.1,2016-02-23,07:05,A,81,5.0       ,307.7,25.5
21.971,96.252,343.6,1.2,1.1,2016-02-23,07:05,A,92,5.0       ,309.6,55.6
22.049,96.794,325.5,1.3,1.1,2016-02-23,07:05,A,79,5.0       ,305.6,21.1
22.042,96.737,320.8,1.2,1.1,2016-02-23,07:05,A,65,5.0       ,306.3,14.5
22.041,96.725,320.6,1.2,1.1,2016-02-23,07:05,A,73,5.0       ,306.2,15.7
22.075,96.913,324.7,1.3,1.1,2016-02-23,07:05,A,70,5.0       ,302.3,18.8
22.085,96.912,322.8,1.3,1.1,2016-02-23,07:05,A,55,5.0       ,299.9,15.1
22.035,96.271,323.9,1.2,1.1,2016-02-23,07:05,A,64,5.0       ,310,15.8
22.074,96.346,318.2,1.2,1.1,2016-02-23,07:05,A,56,5.0       ,305.6,10.5
22.273,97.796,336.4,1.5,1.2,2016-02-23,07:05,A,88,5.0       ,307.8,57
22.306,97.892,322.7,1.5,1.2,2016-02-23,07:05,A,70,5.0       ,303.8,19.3
22.132,96.487,324.4,1.2,1.1,2016-02-23,07:05,A,43,5.0       ,306,21.1
22.13,96.475,322.5,1.2,1.1,2016-02-23,07:05,A,48,5.0       ,302.3,19.9
22.3,97.886,322.1,1.5,1.2,2016-02-23,07:05,A,70,5.0       ,303.9,17.9
21.738,93.52,312.3,1,1,2016-02-23,07:05,A,40,5.0       ,290.6,13.9
22.34,97.766,329,1.4,1.2,2016-02-23,07:05,A,64,5.0       ,306.7,33.8
22.349,97.75,335.9,1.4,1.2,2016-02-23,07:05,A,80,5.0       ,304.6,53.2
21.867,94.037,318.5,1,1,2016-02-23,07:05,A,49,5.0       ,298.9,8.1
22.236,96.743,316.3,1.3,1.1,2016-02-23,07:05,A,47,5.0       ,291.2,13.1
22.235,96.732,323.1,1.3,1.1,2016-02-23,07:05,A,76,5.0       ,292.3,24.7
21.9,93.947,333.1,1,1,2016-02-23,07:05,A,85,5.0       ,304.3,29.4
22.332,97.204,316.8,1.3,1.1,2016-02-23,07:05,A,52,5.0       ,291.8,21.1
22.235,96.323,319.6,1.2,1.1,2016-02-23,07:05,A,42,5.0       ,304.4,8.5
22.489,98.364,325.5,1.6,1.2,2016-02-23,07:05,A,79,5.0       ,301.5,37.7
22.5,98.362,332.3,1.6,1.2,2016-02-23,07:05,A,85,5.0       ,303.7,57.7
22.053,94.586,323.7,1,1,2016-02-23,07:05,A,77,5.0       ,307.1,9
22.36,96.844,315.8,1.3,1.1,2016-02-23,07:05,A,41,5.0       ,293.7,16.2
22.36,96.837,315.7,1.3,1.1,2016-02-23,07:05,A,39,5.0       ,294.7,14.4
22.08,94.515,328.4,1,1,2016-02-23,07:05,A,81,5.0       ,305.7,19.2
22.006,93.982,331.5,1,1,2016-02-23,07:05,A,38,5.0       ,310.1,18.5
22.021,93.891,326.5,1,1,2016-02-23,07:05,A,80,5.0       ,304.1,20.1
22.06,93.973,328.2,1,1,2016-02-23,07:05,A,70,5.0       ,306.7,17.6
22.08,93.984,322.7,1,1,2016-02-23,07:05,A,38,5.0       ,305.7,9.2
22.426,96.467,332.1,1.2,1.1,2016-02-23,07:05,A,84,5.0       ,309.5,29.7
22.424,96.456,327.8,1.2,1.1,2016-02-23,07:05,A,81,5.0       ,309.8,21.2
22.441,96.43,332.9,1.2,1.1,2016-02-23,07:05,A,83,5.0       ,305.3,31.3
22.114,93.968,321,1,1,2016-02-23,07:05,A,63,5.0       ,304.8,9.3
22.471,96.508,350.8,1.2,1.1,2016-02-23,07:05,A,96,5.0       ,310.2,78.2
22.383,95.746,318.2,1.1,1.1,2016-02-23,07:05,A,46,5.0       ,300,7.6
22.616,97.516,315.5,1.4,1.2,2016-02-23,07:05,A,39,5.0       ,296.5,13.6
22.498,96.565,327,1.2,1.1,2016-02-23,07:05,A,54,5.0       ,309.6,22.9
22.497,96.553,332.9,1.2,1.1,2016-02-23,07:05,A,85,5.0       ,309.5,32.8
22.623,97.522,317.9,1.4,1.2,2016-02-23,07:05,A,57,5.0       ,296,18.6
22.431,95.776,320.2,1.1,1.1,2016-02-23,07:05,A,58,5.0       ,304.7,8.1
22.424,95.722,322.7,1.1,1.1,2016-02-23,07:05,A,74,5.0       ,304.3,13.5
22.606,97.107,330,1.3,1.1,2016-02-23,07:05,A,79,5.0       ,298.8,38.6
22.605,97.095,337.1,1.3,1.1,2016-02-23,07:05,A,88,5.0       ,300.9,55.1
22.192,93.929,333,1,1,2016-02-23,07:05,A,41,5.0       ,309,19.9
22.218,93.984,328.2,1,1,2016-02-23,07:05,A,51,5.0       ,308.2,15.5
22.227,93.982,345.9,1,1,2016-02-23,07:05,A,93,5.0       ,309.6,44.9
22.226,93.973,330.3,1,1,2016-02-23,07:05,A,58,5.0       ,309,17.2
-10.11,148.011,331.3,1.1,1.1,2016-02-23,03:40,A,84,5.0       ,307.5,22.5
-9.949,148.189,323.9,1.1,1,2016-02-23,03:40,A,77,5.0       ,303.2,13.5
-9.895,147.921,326.3,1.1,1.1,2016-02-23,03:40,A,43,5.0       ,307.3,16.8
-8.325,146.36,327.1,1.3,1.1,2016-02-23,03:40,A,48,5.0       ,313.3,24.7
-7.027,146.603,319.6,1.2,1.1,2016-02-23,03:40,A,45,5.0       ,304.8,13.9
-7.029,146.593,329.2,1.2,1.1,2016-02-23,03:40,A,79,5.0       ,303.1,32.7
-6.658,147.591,315.9,1.1,1,2016-02-23,03:40,A,39,5.0       ,300.1,10.1
-6.242,149.557,323.8,1,1,2016-02-23,03:40,A,58,5.0       ,298.7,16.2
-6.765,145.609,310,1.4,1.2,2016-02-23,03:40,A,22,5.0       ,297,14.2
-6.523,146.337,320.4,1.2,1.1,2016-02-23,03:40,A,49,5.0       ,298.8,15.3
12.631,105.835,326.9,4.2,1.9,2016-02-23,07:05,A,80,5.0       ,300.6,114.3
12.645,105.641,320.8,4.1,1.9,2016-02-23,07:05,A,65,5.0       ,298.2,67.4
12.755,105.861,323.3,4.3,1.9,2016-02-23,07:05,A,74,5.0       ,297,104.3
12.757,105.855,326.3,4.3,1.9,2016-02-23,07:05,A,79,5.0       ,297.4,139.6
12.502,103.109,326.8,2.6,1.5,2016-02-23,07:05,A,60,5.0       ,298.3,76.1
12.742,104.311,316,3.2,1.7,2016-02-23,07:05,A,0,5.0       ,299.7,49.5
12.648,103.234,329.5,2.7,1.6,2016-02-23,07:05,A,81,5.0       ,304.5,59.1
12.724,102.977,325.6,2.5,1.5,2016-02-23,07:05,A,51,5.0       ,302.9,42.1
12.616,101.964,320.4,2.1,1.4,2016-02-23,07:05,A,72,5.0       ,298.3,40.2
12.614,101.945,313.7,2.1,1.4,2016-02-23,07:05,A,59,5.0       ,298.5,18.8
13.298,105.882,315.9,4.3,1.9,2016-02-23,07:05,A,26,5.0       ,294.6,68.4
12.593,99.86,329.1,1.5,1.2,2016-02-23,07:05,A,82,5.0       ,308.1,25.3
12.483,98.84,317.6,1.3,1.1,2016-02-23,07:05,A,55,5.0       ,303.3,13.1
12.661,99.878,325.3,1.5,1.2,2016-02-23,07:05,A,48,5.0       ,308.1,15.5
13.314,104.42,319.4,3.4,1.7,2016-02-23,07:05,A,66,5.0       ,296.1,52.4
13.309,104.416,319.1,3.4,1.7,2016-02-23,07:05,A,60,5.0       ,297.2,50.8
12.942,99.72,326.1,1.5,1.2,2016-02-23,07:05,A,79,5.0       ,308.3,19
14.144,104.169,321.4,3.3,1.7,2016-02-23,07:05,A,63,5.0       ,298.5,51.1
13.867,100.91,321.6,1.8,1.3,2016-02-23,07:05,A,74,5.0       ,301.3,26.7
14.086,101.203,332.2,1.9,1.4,2016-02-23,07:05,A,84,5.0       ,304.5,51.7
25.925,94.337,323.6,1.1,1,2016-02-23,07:05,A,77,5.0       ,303.2,21.3
25.795,93.306,313.3,1,1,2016-02-23,07:05,A,51,5.0       ,299.2,6.9
25.558,91.676,314.1,1,1,2016-02-23,07:05,A,47,5.0       ,294.5,12.5
25.557,91.666,314.8,1,1,2016-02-23,07:05,A,36,5.0       ,298.3,13.3
26.006,94.67,331,1.1,1,2016-02-23,07:05,A,84,5.0       ,305.1,37.8
25.892,93.815,315.2,1,1,2016-02-23,07:05,A,63,5.0       ,303.1,6.6
25.799,93.143,315.6,1,1,2016-02-23,07:05,A,64,5.0       ,299.5,10.2
26.009,94.624,313.7,1.1,1,2016-02-23,07:05,A,55,5.0       ,295.9,14.6
26.004,94.582,339.7,1.1,1,2016-02-23,07:05,A,90,5.0       ,297.2,55.9
25.823,93.18,316.6,1,1,2016-02-23,07:05,A,60,5.0       ,300.5,11.2
25.687,92.106,311.4,1,1,2016-02-23,07:05,A,48,5.0       ,298.6,7.4
26.049,94.667,388.9,1.1,1,2016-02-23,07:05,A,100,5.0       ,299.4,228.9
26.048,94.656,381.7,1.1,1,2016-02-23,07:05,A,100,5.0       ,300.8,191.3
26.084,94.863,310.9,1.1,1.1,2016-02-23,07:05,A,41,5.0       ,298.6,10.8
26.058,94.665,403.6,1.1,1,2016-02-23,07:05,A,100,5.0       ,300.1,319.6
26.057,94.655,403.8,1.1,1,2016-02-23,07:05,A,100,5.0       ,306.3,318.5
26.054,94.633,322,1.1,1,2016-02-23,07:05,A,75,5.0       ,293.8,25.1
26.053,94.623,352.8,1.1,1,2016-02-23,07:05,A,96,5.0       ,301.1,87.1
25.925,93.658,315.1,1,1,2016-02-23,07:05,A,54,5.0       ,302.9,7
25.844,93.008,316.5,1,1,2016-02-23,07:05,A,54,5.0       ,302,7.5
25.786,92.533,311,1,1,2016-02-23,07:05,A,45,5.0       ,296.1,9.4
25.965,93.683,316.2,1,1,2016-02-23,07:05,A,65,5.0       ,302.5,8.9
25.964,93.672,315.6,1,1,2016-02-23,07:05,A,64,5.0       ,302.4,8.3
26.115,94.606,314.4,1.1,1,2016-02-23,07:05,A,59,5.0       ,296.4,15.6
25.78,92.113,315.6,1,1,2016-02-23,07:05,A,64,5.0       ,297.1,11.6
26.146,94.7,360.4,1.1,1,2016-02-23,07:05,A,100,5.0       ,295.8,115.2
26.14,94.658,321.9,1.1,1,2016-02-23,07:05,A,75,5.0       ,297.4,25.8
26.139,94.648,340.5,1.1,1,2016-02-23,07:05,A,90,5.0       ,300,57.2
26.138,94.637,332.3,1.1,1,2016-02-23,07:05,A,85,5.0       ,301.2,39.7
25.595,90.838,310.4,1.1,1,2016-02-23,07:05,A,37,5.0       ,297.3,6.6
26.15,94.656,327.9,1.1,1,2016-02-23,07:05,A,81,5.0       ,296.8,32.8
25.668,90.84,312.2,1.1,1,2016-02-23,07:05,A,50,5.0       ,298,9.6
26.033,92.973,320.1,1,1,2016-02-23,07:05,A,50,5.0       ,305.1,7.6
25.901,92.064,332,1,1,2016-02-23,07:05,A,84,5.0       ,300.6,31.6
25.9,92.054,312.4,1,1,2016-02-23,07:05,A,45,5.0       ,299.4,6.8
26.042,92.971,325.3,1,1,2016-02-23,07:05,A,78,5.0       ,306.6,15.3
26.335,95.098,405.3,1.1,1.1,2016-02-23,07:05,A,94,5.0       ,302.3,352.4
26.334,95.086,419,1.1,1.1,2016-02-23,07:05,A,100,5.0       ,312.3,470.9
25.943,92.097,312.3,1,1,2016-02-23,07:05,A,54,5.0       ,298.9,7.8
25.983,92.114,312.2,1,1,2016-02-23,07:05,A,53,5.0       ,299.5,7.9
25.982,92.104,311.4,1,1,2016-02-23,07:05,A,48,5.0       ,300.4,7.1
26.147,92.865,318.4,1,1,2016-02-23,07:05,A,56,5.0       ,300.9,12.9
25.911,91.093,312.1,1.1,1,2016-02-23,07:05,A,35,5.0       ,299.1,5.6
26.169,92.764,315.2,1,1,2016-02-23,07:05,A,50,5.0       ,302.5,8.3
25.995,91.457,320.9,1,1,2016-02-23,07:05,A,73,5.0       ,302.9,13.5
25.825,90.306,312.1,1.1,1.1,2016-02-23,07:05,A,53,5.0       ,301.3,7.5
26.51,94.877,319.8,1.1,1.1,2016-02-23,07:05,A,54,5.0       ,300.8,18.8
26.516,94.881,328.8,1.1,1.1,2016-02-23,07:05,A,82,5.0       ,300.9,33.8
26.515,94.87,323.4,1.1,1.1,2016-02-23,07:05,A,76,5.0       ,302.5,25.2
26.502,94.769,337.2,1.1,1.1,2016-02-23,07:05,A,88,5.0       ,303,49.6
26.501,94.758,323.4,1.1,1.1,2016-02-23,07:05,A,50,5.0       ,301.7,24.1
26.213,92.618,314.3,1,1,2016-02-23,07:05,A,48,5.0       ,302.9,7.1
26.524,94.867,313.6,1.1,1.1,2016-02-23,07:05,A,45,5.0       ,298.7,11.7
26.516,94.8,321.5,1.1,1.1,2016-02-23,07:05,A,71,5.0       ,296.8,23.6
25.975,90.967,318,1.1,1,2016-02-23,07:05,A,63,5.0       ,302.2,11.9
26.142,92.001,314.1,1,1,2016-02-23,07:05,A,60,5.0       ,301,7.9
26.003,90.961,316.4,1.1,1,2016-02-23,07:05,A,66,5.0       ,302.2,8.6
26.622,95.027,323.3,1.1,1.1,2016-02-23,07:05,A,76,5.0       ,300.2,25
26.624,95.02,324.2,1.1,1.1,2016-02-23,07:05,A,77,5.0       ,300.7,28.1
26.346,92.842,314.9,1,1,2016-02-23,07:05,A,47,5.0       ,302.8,8.3
26.611,94.757,337.3,1.1,1.1,2016-02-23,07:05,A,88,5.0       ,302.5,50.3
26.609,94.746,329,1.1,1.1,2016-02-23,07:05,A,82,5.0       ,303.7,34.6
26.608,94.736,310.5,1.1,1.1,2016-02-23,07:05,A,39,5.0       ,298.6,9.4
26.62,94.755,328.4,1.1,1.1,2016-02-23,07:05,A,81,5.0       ,296.7,34.8
26.361,92.565,319.5,1,1,2016-02-23,07:05,A,71,5.0       ,302.9,14.3
26.703,94.95,341.6,1.1,1.1,2016-02-23,07:05,A,91,5.0       ,298.1,60.8
26.26,91.747,315.3,1,1,2016-02-23,07:05,A,63,5.0       ,300.3,9
26.707,94.942,321.9,1.1,1.1,2016-02-23,07:05,A,75,5.0       ,295.7,25.9
26.941,95.199,314,1.2,1.1,2016-02-23,07:05,A,52,5.0       ,291.9,17.3
26.94,95.187,312.4,1.2,1.1,2016-02-23,07:05,A,54,5.0       ,292.1,15
26.396,90.348,324.1,1.1,1,2016-02-23,07:05,A,77,5.0       ,303.3,20.5
26.394,90.337,318.2,1.1,1,2016-02-23,07:05,A,69,5.0       ,304.4,12.6
26.682,90.823,315.4,1.1,1,2016-02-23,07:05,A,56,5.0       ,301.9,8.4
26.73,91.007,328.8,1,1,2016-02-23,07:05,A,82,5.0       ,301.7,30
26.74,90.769,314.2,1.1,1,2016-02-23,07:05,A,61,5.0       ,298.5,10.8
26.786,90.841,311.7,1.1,1,2016-02-23,07:05,A,24,5.0       ,296.1,9.1
26.785,90.831,320.5,1.1,1,2016-02-23,07:05,A,65,5.0       ,297.6,18.9
27.368,89.05,310.8,1.2,1.1,2016-02-23,07:05,A,31,5.0       ,294.1,18.7
12.276,103.559,335.2,2.8,1.6,2016-02-23,07:05,A,87,5.0       ,300.2,136.3
21.29,98.542,323.4,1.6,1.2,2016-02-23,07:05,A,76,5.0       ,307.3,25.1
21.119,97.088,326.8,1.3,1.1,2016-02-23,07:05,A,80,5.0       ,310.2,16.7
21.118,97.076,328,1.3,1.1,2016-02-23,07:05,A,81,5.0       ,309.9,19.7
20.765,94.378,324,1,1,2016-02-23,07:05,A,63,5.0       ,308.8,9
19.084,94.928,329.7,1,1,2016-02-23,07:05,A,82,5.0       ,310,16.5
19.534,98.098,322.5,1.4,1.2,2016-02-23,07:05,A,75,5.0       ,302,27.1
19.182,95.04,328,1,1,2016-02-23,07:05,A,81,5.0       ,308.2,14
19.18,95.03,324.4,1,1,2016-02-23,07:05,A,59,5.0       ,308.4,8.6
19.157,94.726,321.7,1,1,2016-02-23,07:05,A,63,5.0       ,305.9,8.7
19.535,97.523,314.7,1.3,1.1,2016-02-23,07:05,A,58,5.0       ,301.7,13.3
19.183,94.78,329.6,1,1,2016-02-23,07:05,A,82,5.0       ,310,15.8
19.204,94.796,325.2,1,1,2016-02-23,07:05,A,61,5.0       ,309.9,8.9
19.23,94.918,326,1,1,2016-02-23,07:05,A,79,5.0       ,310.5,11
19.208,94.698,327.5,1,1,2016-02-23,07:05,A,81,5.0       ,309.1,14.5
19.204,94.602,314.1,1,1,2016-02-23,07:05,A,52,5.0       ,301.9,5.9
19.165,94.33,316.4,1,1,2016-02-23,07:05,A,66,5.0       ,301.6,11.4
19.15,94.159,326.7,1,1,2016-02-23,07:05,A,80,5.0       ,306.4,17.9
19.346,95.435,325.4,1,1,2016-02-23,07:05,A,71,5.0       ,311.4,9
19.23,94.593,318.7,1,1,2016-02-23,07:05,A,70,5.0       ,303.4,12.9
19.248,94.657,325.9,1,1,2016-02-23,07:05,A,79,5.0       ,308.6,13.5
19.291,94.902,323,1,1,2016-02-23,07:05,A,76,5.0       ,308.7,9.3
19.324,95.073,327.8,1,1,2016-02-23,07:05,A,81,5.0       ,308.5,15.6
19.263,94.636,335.9,1,1,2016-02-23,07:05,A,87,5.0       ,306.4,30.9
19.291,94.641,322.9,1,1,2016-02-23,07:05,A,37,5.0       ,307.4,9.7
19.415,95.465,327.8,1,1,2016-02-23,07:05,A,81,5.0       ,310.5,12
19.3,94.639,337.6,1,1,2016-02-23,07:05,A,88,5.0       ,308.2,31.3
19.959,99.653,319,1.8,1.3,2016-02-23,07:05,A,44,5.0       ,296.9,30.7
19.264,94.119,317.2,1,1,2016-02-23,07:05,A,53,5.0       ,304.4,7.6
19.604,96.32,328,1.1,1.1,2016-02-23,07:05,A,73,5.0       ,311.9,14.8
19.776,97.577,320.7,1.3,1.1,2016-02-23,07:05,A,65,5.0       ,301.3,17.6
19.476,95.106,327.5,1,1,2016-02-23,07:05,A,81,5.0       ,310.9,13
19.486,95.045,336.7,1,1,2016-02-23,07:05,A,88,5.0       ,311.1,27.4
19.861,97.867,324.5,1.4,1.2,2016-02-23,07:05,A,72,5.0       ,304.4,26.7
19.445,94.682,325.4,1,1,2016-02-23,07:05,A,76,5.0       ,309.3,9.6
19.905,98.048,313.7,1.4,1.2,2016-02-23,07:05,A,25,5.0       ,299.2,9.5
19.488,94.665,325,1,1,2016-02-23,07:05,A,72,5.0       ,309.5,9.5
20.039,98.584,318.6,1.5,1.2,2016-02-23,07:05,A,46,5.0       ,300.1,23.3
19.554,94.735,322.9,1,1,2016-02-23,07:05,A,76,5.0       ,308.3,7.9
19.553,94.726,330.2,1,1,2016-02-23,07:05,A,83,5.0       ,309.7,17.7
19.616,94.979,325.6,1,1,2016-02-23,07:05,A,55,5.0       ,311,7.9
19.707,95.573,334.4,1.1,1,2016-02-23,07:05,A,86,5.0       ,313.4,20.2
19.63,95.016,327.7,1,1,2016-02-23,07:05,A,81,5.0       ,310.5,12.7
19.625,94.978,350.8,1,1,2016-02-23,07:05,A,96,5.0       ,311.6,54.4
19.623,94.968,329.3,1,1,2016-02-23,07:05,A,82,5.0       ,311,14
19.586,94.701,330.1,1,1,2016-02-23,07:05,A,83,5.0       ,310.3,16.8
19.584,94.692,329.7,1,1,2016-02-23,07:05,A,82,5.0       ,310.4,16.1
19.575,94.558,323.7,1,1,2016-02-23,07:05,A,73,5.0       ,305.7,15.7
19.601,94.615,325.8,1,1,2016-02-23,07:05,A,75,5.0       ,310.1,11.7
19.6,94.606,325.3,1,1,2016-02-23,07:05,A,62,5.0       ,306.9,11.9
19.612,94.565,332.6,1,1,2016-02-23,07:05,A,85,5.0       ,306.7,26.2
19.832,96.107,322.8,1.1,1,2016-02-23,07:05,A,76,5.0       ,306.2,13.2
19.694,94.756,323.9,1,1,2016-02-23,07:05,A,55,5.0       ,309.4,6.5
19.715,94.766,329.4,1,1,2016-02-23,07:05,A,82,5.0       ,309.7,16.5
19.683,94.538,323.5,1,1,2016-02-23,07:05,A,61,5.0       ,306.9,12.1
19.681,94.528,334.2,1,1,2016-02-23,07:05,A,86,5.0       ,307.1,29.3
19.69,94.527,326.5,1,1,2016-02-23,07:05,A,55,5.0       ,306.5,16.6
19.77,95.031,325.2,1,1,2016-02-23,07:05,A,76,5.0       ,310.8,8.6
19.769,95.022,327.2,1,1,2016-02-23,07:05,A,80,5.0       ,310.1,11.6
19.754,94.916,343.8,1,1,2016-02-23,07:05,A,92,5.0       ,311.7,40
20.256,98.783,320.7,1.6,1.2,2016-02-23,07:05,A,62,5.0       ,301.6,24.2
20.045,96.885,324.4,1.2,1.1,2016-02-23,07:05,A,52,5.0       ,307,17.8
19.734,94.578,331.1,1,1,2016-02-23,07:05,A,84,5.0       ,309.8,19.4
19.733,94.569,330.8,1,1,2016-02-23,07:05,A,83,5.0       ,309.2,18.9
19.745,94.528,328.2,1,1,2016-02-23,07:05,A,19,5.0       ,309,14.3
19.758,94.555,334.5,1,1,2016-02-23,07:05,A,86,5.0       ,308.9,24.5
19.974,95.728,324,1.1,1,2016-02-23,07:05,A,77,5.0       ,308.1,10.6
19.973,95.718,324.5,1.1,1,2016-02-23,07:05,A,78,5.0       ,308.4,10.9
19.969,95.688,325.2,1.1,1,2016-02-23,07:05,A,75,5.0       ,310.8,11.2
19.818,94.588,331.3,1,1,2016-02-23,07:05,A,81,5.0       ,308.5,18.5
19.816,94.579,350.1,1,1,2016-02-23,07:05,A,95,5.0       ,310.5,52.4
19.815,94.569,341.6,1,1,2016-02-23,07:05,A,91,5.0       ,310.8,33
19.814,94.56,345.4,1,1,2016-02-23,07:05,A,93,5.0       ,312.2,41.8
19.812,94.55,330.1,1,1,2016-02-23,07:05,A,35,5.0       ,310.2,15.5
19.985,95.737,325.9,1.1,1,2016-02-23,07:05,A,63,5.0       ,307.8,14.4
19.978,95.686,355.7,1.1,1,2016-02-23,07:05,A,98,5.0       ,310.5,72.2
19.977,95.676,347.6,1.1,1,2016-02-23,07:05,A,94,5.0       ,311.2,50.7
19.828,94.596,319.9,1,1,2016-02-23,07:05,A,26,5.0       ,306.1,5.1
19.827,94.587,335,1,1,2016-02-23,07:05,A,87,5.0       ,307.6,25.5
19.823,94.558,329.2,1,1,2016-02-23,07:05,A,30,5.0       ,310.8,14.7
19.865,94.795,333.4,1,1,2016-02-23,07:05,A,85,5.0       ,313,20
19.879,94.832,322.6,1,1,2016-02-23,07:05,A,75,5.0       ,308.9,7.1
19.878,94.822,332.6,1,1,2016-02-23,07:05,A,85,5.0       ,310.8,20.7
19.888,94.755,334,1,1,2016-02-23,07:05,A,86,5.0       ,311.6,20.3
19.887,94.746,328.6,1,1,2016-02-23,07:05,A,31,5.0       ,312.9,11.5
19.897,94.754,326.1,1,1,2016-02-23,07:05,A,58,5.0       ,309.9,8.8
20.512,99.64,317,1.8,1.3,2016-02-23,07:05,A,59,5.0       ,299.1,31.7
19.898,94.627,327.7,1,1,2016-02-23,07:05,A,81,5.0       ,309.3,12.8
19.864,94.389,310.8,1,1,2016-02-23,07:05,A,41,5.0       ,296.1,7.9
20.489,99.22,317.8,1.7,1.3,2016-02-23,07:05,A,34,5.0       ,302.2,24
19.902,94.529,343.1,1,1,2016-02-23,07:05,A,92,5.0       ,311.3,39.1
19.901,94.52,328.8,1,1,2016-02-23,07:05,A,82,5.0       ,310.6,15
20.512,99.217,318.2,1.7,1.3,2016-02-23,07:05,A,35,5.0       ,301.6,22.2
20.359,97.927,326.8,1.4,1.2,2016-02-23,07:05,A,80,5.0       ,302.1,28.2
19.913,94.479,324.1,1,1,2016-02-23,07:05,A,38,5.0       ,305.7,12.4
19.912,94.469,325,1,1,2016-02-23,07:05,A,51,5.0       ,303.8,15.2
19.953,94.628,338.8,1,1,2016-02-23,07:05,A,89,5.0       ,310.2,29
19.951,94.618,372.8,1,1,2016-02-23,07:05,A,100,5.0       ,314.4,116.9
20.104,95.675,341.1,1.1,1,2016-02-23,07:05,A,90,5.0       ,310.7,36
20.103,95.665,331.2,1.1,1,2016-02-23,07:05,A,84,5.0       ,311.8,17.5
19.961,94.621,327.6,1,1,2016-02-23,07:05,A,81,5.0       ,310.7,12.2
19.959,94.611,325.2,1,1,2016-02-23,07:05,A,78,5.0       ,310.5,9.1
20.111,95.654,325.6,1.1,1,2016-02-23,07:05,A,61,5.0       ,310.8,8.7
19.943,94.429,317.2,1,1,2016-02-23,07:05,A,50,5.0       ,303.3,9.5
19.995,94.733,324.6,1,1,2016-02-23,07:05,A,44,5.0       ,309.7,8.2
20.184,95.924,328,1.1,1,2016-02-23,07:05,A,81,5.0       ,309.9,12.7
20.504,98.376,318,1.5,1.2,2016-02-23,07:05,A,66,5.0       ,301.6,21
20.006,94.555,324.9,1,1,2016-02-23,07:05,A,68,5.0       ,310.8,9
20.2,95.9,327,1.1,1,2016-02-23,07:05,A,48,5.0       ,311,9.4
19.999,94.44,321.2,1,1,2016-02-23,07:05,A,60,5.0       ,307.9,6.8
19.998,94.43,325,1,1,2016-02-23,07:05,A,78,5.0       ,307.7,12.9
19.999,94.372,313.2,1,1,2016-02-23,07:05,A,42,5.0       ,302.3,7.4
20.044,94.627,328,1,1,2016-02-23,07:05,A,81,5.0       ,310.4,12.4
20.043,94.618,325.2,1,1,2016-02-23,07:05,A,78,5.0       ,311.1,8.8
20.024,94.485,326.2,1,1,2016-02-23,07:05,A,79,5.0       ,310.5,10.6
20.023,94.475,325.7,1,1,2016-02-23,07:05,A,79,5.0       ,310.5,10
20.021,94.466,324.3,1,1,2016-02-23,07:05,A,74,5.0       ,310.3,8
20.009,94.38,315.7,1,1,2016-02-23,07:05,A,48,5.0       ,304.6,8.1
20.008,94.371,325.8,1,1,2016-02-23,07:05,A,79,5.0       ,303.7,21.6
20.05,94.532,324.2,1,1,2016-02-23,07:05,A,77,5.0       ,309.6,9.5
20.2,95.562,330,1.1,1,2016-02-23,07:05,A,83,5.0       ,313.6,12.9
20.199,95.552,328.4,1.1,1,2016-02-23,07:05,A,81,5.0       ,312.8,11.1
20.461,97.034,328.9,1.2,1.1,2016-02-23,07:05,A,78,5.0       ,303.8,31
20.46,97.029,317.8,1.2,1.1,2016-02-23,07:05,A,44,5.0       ,302.7,13.3
20.116,94.351,315.9,1,1,2016-02-23,07:05,A,49,5.0       ,303.6,8.1
20.15,94.53,332.1,1,1,2016-02-23,07:05,A,84,5.0       ,309.9,20.3
20.149,94.52,328.3,1,1,2016-02-23,07:05,A,81,5.0       ,310.8,15
20.144,94.482,324.1,1,1,2016-02-23,07:05,A,77,5.0       ,307.4,11.5
20.132,94.397,342.1,1,1,2016-02-23,07:05,A,91,5.0       ,310.8,38.1
20.174,94.633,324.4,1,1,2016-02-23,07:05,A,77,5.0       ,309.8,7.3
20.139,94.386,324.4,1,1,2016-02-23,07:05,A,67,5.0       ,309.9,10.2
20.153,94.422,331.7,1,1,2016-02-23,07:05,A,84,5.0       ,310.2,18.9
20.581,97.506,315.3,1.3,1.1,2016-02-23,07:05,A,46,5.0       ,302.6,9.6
20.511,96.952,317.2,1.2,1.1,2016-02-23,07:05,A,63,5.0       ,304.6,12.6
20.425,96.284,329.2,1.1,1.1,2016-02-23,07:05,A,82,5.0       ,311.4,16.3
20.621,97.746,319.9,1.4,1.2,2016-02-23,07:05,A,56,5.0       ,299.9,24
20.211,94.637,331.4,1,1,2016-02-23,07:05,A,84,5.0       ,311.6,16.9
20.198,94.542,326.9,1,1,2016-02-23,07:05,A,80,5.0       ,312.2,12.1
20.189,94.417,330,1,1,2016-02-23,07:05,A,83,5.0       ,305.9,19.7
20.188,94.407,323,1,1,2016-02-23,07:05,A,51,5.0       ,307.6,9.5
20.638,97.718,323.4,1.4,1.2,2016-02-23,07:05,A,75,5.0       ,302.4,27.8
20.202,94.369,322.7,1,1,2016-02-23,07:05,A,76,5.0       ,308.4,11
20.201,94.36,321.2,1,1,2016-02-23,07:05,A,64,5.0       ,308.7,9.6
20.652,97.764,312.8,1.4,1.2,2016-02-23,07:05,A,56,5.0       ,300.6,13
20.588,97.236,336.2,1.3,1.1,2016-02-23,07:05,A,87,5.0       ,310.4,44.7
20.223,94.453,323.4,1,1,2016-02-23,07:05,A,76,5.0       ,309.3,9.6
20.084,93.301,324.2,1,1,2016-02-23,07:05,A,48,5.0       ,304.9,14.5
20.268,94.514,329.4,1,1,2016-02-23,07:05,A,70,5.0       ,310.5,14.4
20.267,94.505,326.5,1,1,2016-02-23,07:05,A,41,5.0       ,310,10
20.247,94.362,328.2,1,1,2016-02-23,07:05,A,81,5.0       ,308.6,17.3
20.274,94.493,327.9,1,1,2016-02-23,07:05,A,42,5.0       ,310.4,12.6
20.265,94.427,339.7,1,1,2016-02-23,07:05,A,90,5.0       ,313.1,31
20.274,94.425,352,1,1,2016-02-23,07:05,A,96,5.0       ,310.4,57.2
20.27,94.397,331.3,1,1,2016-02-23,07:05,A,73,5.0       ,307.5,20.5
20.299,94.406,324.1,1,1,2016-02-23,07:05,A,60,5.0       ,309,11.6
20.297,94.397,359.7,1,1,2016-02-23,07:05,A,99,5.0       ,311.5,81.3
20.296,94.387,324.9,1,1,2016-02-23,07:05,A,74,5.0       ,307.8,13.6
20.295,94.378,324.4,1,1,2016-02-23,07:05,A,77,5.0       ,307,13.2
20.605,96.41,316.4,1.2,1.1,2016-02-23,07:05,A,61,5.0       ,302.6,8.7
20.326,94.343,320.6,1,1,2016-02-23,07:05,A,59,5.0       ,305.6,10.9
20.325,94.334,318.7,1,1,2016-02-23,07:05,A,36,5.0       ,305.3,7.5
20.32,94.296,322.9,1,1,2016-02-23,07:05,A,63,5.0       ,309.2,10.5
20.332,94.255,324.1,1,1,2016-02-23,07:05,A,28,5.0       ,304.9,13.9
20.381,94.539,342.3,1,1,2016-02-23,07:05,A,91,5.0       ,312,35.7
20.38,94.53,345.1,1,1,2016-02-23,07:05,A,93,5.0       ,312.3,41.1
20.385,94.5,324.4,1,1,2016-02-23,07:05,A,78,5.0       ,311.5,8.5
20.355,94.29,323.2,1,1,2016-02-23,07:05,A,46,5.0       ,309.2,10.2
20.354,94.281,336.9,1,1,2016-02-23,07:05,A,88,5.0       ,310.7,30.3
14.18,100.983,317.4,1.9,1.3,2016-02-23,07:05,A,66,5.0       ,300.1,20.3
14.239,100.124,324.3,1.6,1.3,2016-02-23,07:05,A,77,5.0       ,302.1,29.9
14.267,100.258,323.4,1.7,1.3,2016-02-23,07:05,A,76,5.0       ,304.2,24.3
14.966,106.003,316.4,4.7,2,2016-02-23,07:05,A,59,5.0       ,294.6,102
14.137,98.559,322.7,1.3,1.1,2016-02-23,07:05,A,46,5.0       ,301.2,21.2
14.967,105.995,315.6,4.7,2,2016-02-23,07:05,A,36,5.0       ,295,88
14.468,100.229,322.5,1.7,1.3,2016-02-23,07:05,A,55,5.0       ,304.3,18.7
14.605,99.11,333.7,1.4,1.2,2016-02-23,07:05,A,64,5.0       ,308.9,31.2
14.685,98.542,314.3,1.3,1.1,2016-02-23,07:05,A,33,5.0       ,300.1,6.2
14.954,99.365,327.1,1.5,1.2,2016-02-23,07:05,A,65,5.0       ,305,32.6
15.068,99.802,328.9,1.6,1.2,2016-02-23,07:05,A,61,5.0       ,307.1,31
15.441,102.414,320.9,2.5,1.5,2016-02-23,07:05,A,57,5.0       ,301,23.6
15.108,99.679,330,1.6,1.2,2016-02-23,07:05,A,71,5.0       ,307.9,26.1
15.186,99.663,333.5,1.6,1.2,2016-02-23,07:05,A,67,5.0       ,306.3,37.8
16.069,100.753,332.5,1.9,1.4,2016-02-23,07:05,A,85,5.0       ,303.4,53.7
16.322,102.294,324.3,2.5,1.5,2016-02-23,07:05,A,52,5.0       ,298,48
16.314,102.29,324.9,2.5,1.5,2016-02-23,07:05,A,49,5.0       ,298.4,49.1
15.934,98.43,326.4,1.3,1.1,2016-02-23,07:05,A,79,5.0       ,307.5,22.7
16.106,97.713,341.7,1.2,1.1,2016-02-23,07:05,A,91,5.0       ,304.7,51.4
16.105,97.701,335.2,1.2,1.1,2016-02-23,07:05,A,87,5.0       ,305.6,35
23.473,92.595,333.4,1,1,2016-02-23,07:05,A,85,5.0       ,299.4,36.3
23.472,92.585,313.3,1,1,2016-02-23,07:05,A,58,5.0       ,297,9.9
23.524,92.566,325.5,1,1,2016-02-23,07:05,A,79,5.0       ,299.6,25
23.533,92.569,337,1,1,2016-02-23,07:05,A,88,5.0       ,298.7,42.3
23.532,92.559,328.1,1,1,2016-02-23,07:05,A,81,5.0       ,297.6,27.9
24.124,96.713,323.5,1.3,1.1,2016-02-23,07:05,A,77,5.0       ,302.7,19.6
24.145,96.632,324.2,1.3,1.1,2016-02-23,07:05,A,77,5.0       ,303.8,23.1
23.772,93.72,321.5,1,1,2016-02-23,07:05,A,60,5.0       ,301.9,14.3
23.771,93.711,320.8,1,1,2016-02-23,07:05,A,59,5.0       ,302.6,12.6
23.663,92.508,318.7,1,1,2016-02-23,07:05,A,70,5.0       ,300.2,15.2
23.866,93.728,320.9,1,1,2016-02-23,07:05,A,65,5.0       ,305,13
23.865,93.718,338.4,1,1,2016-02-23,07:05,A,89,5.0       ,306.7,39.3
23.874,93.717,317.8,1,1,2016-02-23,07:05,A,47,5.0       ,305.3,9.2
23.884,93.729,326.6,1,1,2016-02-23,07:05,A,49,5.0       ,303.6,23.3
23.83,93.28,347.4,1,1,2016-02-23,07:05,A,94,5.0       ,300.8,64.3
23.829,93.271,312.4,1,1,2016-02-23,07:05,A,22,5.0       ,293.8,11.4
23.839,93.279,315.2,1,1,2016-02-23,07:05,A,53,5.0       ,295.6,14.4
23.773,92.694,316.2,1,1,2016-02-23,07:05,A,62,5.0       ,301.7,11.1
23.771,92.684,316.5,1,1,2016-02-23,07:05,A,66,5.0       ,301.8,10.9
23.931,93.672,314.2,1,1,2016-02-23,07:05,A,60,5.0       ,302.1,9.5
23.876,93.282,318.4,1,1,2016-02-23,07:05,A,70,5.0       ,296.2,18.6
24.049,94.322,317.8,1,1,2016-02-23,07:05,A,69,5.0       ,305.8,9.7
23.958,93.667,340.2,1,1,2016-02-23,07:05,A,90,5.0       ,300.3,48.4
23.99,93.825,320,1,1,2016-02-23,07:05,A,72,5.0       ,299.3,16.7
23.989,93.815,314.4,1,1,2016-02-23,07:05,A,61,5.0       ,299.9,10.4
23.828,92.498,319.7,1,1,2016-02-23,07:05,A,72,5.0       ,300.3,17.9
23.826,92.488,315.9,1,1,2016-02-23,07:05,A,65,5.0       ,297.5,13.9
23.85,92.584,360,1,1,2016-02-23,07:05,A,100,5.0       ,300.3,92.6
23.848,92.574,324.4,1,1,2016-02-23,07:05,A,77,5.0       ,299.2,22.6
24.09,93.883,314.3,1,1,2016-02-23,07:05,A,47,5.0       ,301.1,8.6
24.097,93.802,312.9,1,1,2016-02-23,07:05,A,42,5.0       ,302.5,6.8
24.118,93.889,318.6,1,1,2016-02-23,07:05,A,70,5.0       ,303.8,13
23.986,92.953,312,1,1,2016-02-23,07:05,A,28,5.0       ,297.2,8.5
23.984,92.944,354.6,1,1,2016-02-23,07:05,A,97,5.0       ,301,78.1
24.129,93.706,338.8,1,1,2016-02-23,07:05,A,89,5.0       ,301.9,45.6
24.128,93.696,324,1,1,2016-02-23,07:05,A,77,5.0       ,302.5,22.2
24.053,93.041,313.7,1,1,2016-02-23,07:05,A,27,5.0       ,297.4,10.6
24.164,93.684,315.3,1,1,2016-02-23,07:05,A,63,5.0       ,301.1,10.9
24.358,94.444,328.2,1,1,2016-02-23,07:05,A,80,5.0       ,306.5,23.2
24.278,93.85,325.5,1,1,2016-02-23,07:05,A,79,5.0       ,302.8,19
24.449,94.433,323.7,1,1,2016-02-23,07:05,A,69,5.0       ,307.2,15.8
24.81,97.287,314.1,1.5,1.2,2016-02-23,07:05,A,53,5.0       ,300.5,13.6
24.347,93.55,314.5,1,1,2016-02-23,07:05,A,61,5.0       ,298,12.2
24.346,93.54,352.8,1,1,2016-02-23,07:05,A,96,5.0       ,301,75.5
24.539,94.544,322.7,1.1,1,2016-02-23,07:05,A,57,5.0       ,301.8,16.1
24.546,94.548,317.2,1.1,1,2016-02-23,07:05,A,66,5.0       ,301.6,11.9
24.545,94.537,322.5,1.1,1,2016-02-23,07:05,A,75,5.0       ,302.3,18.3
24.449,93.688,316,1,1,2016-02-23,07:05,A,40,5.0       ,302.9,10.5
24.478,93.835,322,1,1,2016-02-23,07:05,A,75,5.0       ,299,20.1
25.007,97.132,319.4,1.4,1.2,2016-02-23,07:05,A,71,5.0       ,296.5,28
25.005,97.118,312,1.4,1.2,2016-02-23,07:05,A,37,5.0       ,296.6,12.8
24.734,94.087,318,1,1,2016-02-23,07:05,A,42,5.0       ,294.2,14.2
25.188,97.312,313.9,1.5,1.2,2016-02-23,07:05,A,30,5.0       ,299,12.9
25.343,97.161,317.1,1.5,1.2,2016-02-23,07:05,A,58,5.0       ,302.9,17.2
25.248,95.922,338.9,1.2,1.1,2016-02-23,07:05,A,89,5.0       ,301.2,58.1
25.306,94.523,313.7,1.1,1,2016-02-23,07:05,A,44,5.0       ,302.5,8.2
25.304,94.512,314.3,1.1,1,2016-02-23,07:05,A,51,5.0       ,302.6,9
25.298,94.322,317.2,1.1,1,2016-02-23,07:05,A,67,5.0       ,302.7,13.3
25.372,94.672,315.4,1.1,1,2016-02-23,07:05,A,54,5.0       ,299.1,12.8
25.288,94.04,313.3,1,1,2016-02-23,07:05,A,32,5.0       ,300.2,8.8
25.402,94.769,326.8,1.1,1,2016-02-23,07:05,A,58,5.0       ,301,28.4
25.379,94.59,322.4,1.1,1,2016-02-23,07:05,A,65,5.0       ,305.8,22.7
25.411,94.767,334.9,1.1,1,2016-02-23,07:05,A,77,5.0       ,302.6,42.9
25.37,94.451,313.5,1.1,1,2016-02-23,07:05,A,53,5.0       ,300.6,10.2
25.341,94.088,315.2,1,1,2016-02-23,07:05,A,56,5.0       ,302.7,9.7
25.339,94.077,324.2,1,1,2016-02-23,07:05,A,77,5.0       ,303,21.5
25.423,94.496,316.8,1.1,1,2016-02-23,07:05,A,67,5.0       ,298.2,14.8
25.409,94.393,317.9,1.1,1,2016-02-23,07:05,A,56,5.0       ,305.5,11.6
25.455,94.401,319.8,1.1,1,2016-02-23,07:05,A,59,5.0       ,305.8,13.5
25.479,94.515,314.1,1.1,1,2016-02-23,07:05,A,38,5.0       ,301.5,8.4
25.438,94.202,320.2,1,1,2016-02-23,07:05,A,63,5.0       ,303.5,15
25.529,94.679,328.9,1.1,1,2016-02-23,07:05,A,76,5.0       ,303.4,29
25.509,94.531,320,1.1,1,2016-02-23,07:05,A,72,5.0       ,300.4,16.5
25.785,96.672,317.7,1.4,1.2,2016-02-23,07:05,A,63,5.0       ,301.9,18.5
25.452,94.031,324.8,1,1,2016-02-23,07:05,A,78,5.0       ,301,25.4
25.541,94.56,323.7,1.1,1,2016-02-23,07:05,A,77,5.0       ,302,23.1
25.54,94.548,316.4,1.1,1,2016-02-23,07:05,A,66,5.0       ,299.9,13.3
25.5,93.976,313,1,1,2016-02-23,07:05,A,35,5.0       ,299.7,10.4
25.571,94.439,311.7,1.1,1,2016-02-23,07:05,A,34,5.0       ,298.9,6.9
25.584,94.47,312.6,1.1,1,2016-02-23,07:05,A,55,5.0       ,300.2,10
25.378,92.767,321.9,1,1,2016-02-23,07:05,A,74,5.0       ,298.3,20.2
25.376,92.757,316.5,1,1,2016-02-23,07:05,A,66,5.0       ,299.2,14
25.559,93.934,314.9,1,1,2016-02-23,07:05,A,61,5.0       ,298.9,15
25.636,94.455,322.1,1.1,1,2016-02-23,07:05,A,75,5.0       ,300.5,21.2
25.596,94.153,313.2,1,1,2016-02-23,07:05,A,56,5.0       ,299.4,9.3
25.71,94.814,313.3,1.1,1,2016-02-23,07:05,A,28,5.0       ,301.4,12.4
25.709,94.802,313.9,1.1,1,2016-02-23,07:05,A,42,5.0       ,299.8,14.5
25.456,92.868,311,1,1,2016-02-23,07:05,A,45,5.0       ,299.8,7
25.211,91.222,313.7,1.1,1,2016-02-23,07:05,A,42,5.0       ,299.3,8
25.21,91.212,319,1.1,1,2016-02-23,07:05,A,70,5.0       ,300.6,14.6
25.674,94.319,317.8,1.1,1,2016-02-23,07:05,A,68,5.0       ,294.6,20.4
25.673,94.309,310.3,1.1,1,2016-02-23,07:05,A,33,5.0       ,295.8,10.7
25.59,93.698,319.5,1,1,2016-02-23,07:05,A,71,5.0       ,304.2,13.8
25.596,93.604,321.6,1,1,2016-02-23,07:05,A,74,5.0       ,303.5,15
25.595,93.594,315.2,1,1,2016-02-23,07:05,A,48,5.0       ,303.4,7.8
25.688,94.213,315.1,1.1,1,2016-02-23,07:05,A,37,5.0       ,300.7,9.3
25.482,92.656,318.8,1,1,2016-02-23,07:05,A,64,5.0       ,300.9,11.9
25.465,92.538,315.4,1,1,2016-02-23,07:05,A,64,5.0       ,300.3,11.6
25.802,94.959,327.4,1.1,1.1,2016-02-23,07:05,A,80,5.0       ,300.6,35.3
25.526,92.839,318.5,1,1,2016-02-23,07:05,A,70,5.0       ,302.3,12.1
25.497,92.633,316.1,1,1,2016-02-23,07:05,A,31,5.0       ,302.7,10
25.494,92.613,329.6,1,1,2016-02-23,07:05,A,82,5.0       ,301.7,27.3
25.514,92.559,326.5,1,1,2016-02-23,07:05,A,80,5.0       ,299.6,24.7
25.658,93.516,317.9,1,1,2016-02-23,07:05,A,44,5.0       ,301.1,12.6
25.54,92.615,315.3,1,1,2016-02-23,07:05,A,63,5.0       ,300.7,10.2
25.774,94.234,315.1,1.1,1,2016-02-23,07:05,A,63,5.0       ,299.9,11.7
25.562,92.575,313.5,1,1,2016-02-23,07:05,A,26,5.0       ,300,6.3
26.101,96.699,311.3,1.4,1.2,2016-02-23,07:05,A,45,5.0       ,295.5,12
25.768,93.997,315.5,1,1,2016-02-23,07:05,A,64,5.0       ,299.5,12.8
25.767,93.987,323,1,1,2016-02-23,07:05,A,76,5.0       ,301.8,22.7
25.571,92.513,310.8,1,1,2016-02-23,07:05,A,32,5.0       ,296.5,8.1
25.705,93.197,318.7,1,1,2016-02-23,07:05,A,61,5.0       ,302.5,10
25.605,92.497,311.5,1,1,2016-02-23,07:05,A,35,5.0       ,296.5,6.7
25.864,94.224,316,1.1,1,2016-02-23,07:05,A,65,5.0       ,305.5,13.7
26.067,95.701,311.9,1.2,1.1,2016-02-23,07:05,A,50,5.0       ,299.2,10
25.834,93.793,317.8,1,1,2016-02-23,07:05,A,68,5.0       ,304.9,8.4
25.94,94.528,311.7,1.1,1,2016-02-23,07:05,A,50,5.0       ,299.9,10.6
25.579,91.938,317.2,1,1,2016-02-23,07:05,A,67,5.0       ,296.6,12.6
25.932,94.389,315.5,1.1,1,2016-02-23,07:05,A,64,5.0       ,300.5,12.8
25.93,94.379,328.6,1.1,1,2016-02-23,07:05,A,82,5.0       ,302.2,30
6.207,116.23,313.7,1.9,1.3,2016-02-23,05:25,A,41,5.0       ,294.1,15.7
8.438,124.75,320.3,1.3,1.1,2016-02-23,05:25,A,65,5.0       ,290.2,21.1
8.436,124.738,320,1.3,1.1,2016-02-23,05:25,A,53,5.0       ,290.9,22.2
8.457,124.528,317.4,1.3,1.1,2016-02-23,05:25,A,27,5.0       ,292,6
8.456,124.516,322.5,1.3,1.1,2016-02-23,05:25,A,73,5.0       ,291.9,14
8.566,117.494,319.4,1.4,1.2,2016-02-23,05:25,A,64,5.0       ,302.8,15
9.512,118.521,341,1.2,1.1,2016-02-23,05:25,A,90,5.0       ,300.1,58.1
9.522,118.52,316.5,1.2,1.1,2016-02-23,05:25,A,48,5.0       ,298.9,13.9
10.299,123.141,322,1.1,1.1,2016-02-23,05:25,A,72,5.0       ,305.1,12.2
9.818,118.713,323,1.1,1.1,2016-02-23,05:25,A,76,5.0       ,303.8,16.3
9.989,118.91,318.3,1.1,1.1,2016-02-23,05:25,A,52,5.0       ,301.1,13.7
12.013,120.023,317.9,1,1,2016-02-23,05:25,A,38,5.0       ,299.5,11.9
12.447,121.06,323.3,1,1,2016-02-23,05:25,A,63,5.0       ,305.3,13.8
12.504,121.136,331.8,1,1,2016-02-23,05:25,A,84,5.0       ,306.6,23.4
13.093,120.818,324.6,1,1,2016-02-23,05:25,A,42,5.0       ,308.7,13.5
13.349,122.604,321.9,1.1,1.1,2016-02-23,05:25,A,66,5.0       ,302.3,15.5
13.104,120.826,329.1,1,1,2016-02-23,05:25,A,46,5.0       ,308.3,19.3
15.226,120.735,324.3,1,1,2016-02-23,05:25,A,77,5.0       ,303.6,18
15.175,120.305,319.6,1,1,2016-02-23,05:25,A,61,5.0       ,302.7,12.9
15.296,120.451,321.6,1,1,2016-02-23,05:25,A,58,5.0       ,301.3,12.7
15.433,121.099,335.9,1,1,2016-02-23,05:25,A,82,5.0       ,301,33.6
15.477,120.225,310.7,1,1,2016-02-23,05:25,A,40,5.0       ,297.7,8.5
15.745,119.977,323,1,1,2016-02-23,05:25,A,76,5.0       ,304,14.1
16.145,120.071,324.6,1,1,2016-02-23,05:25,A,62,5.0       ,303.7,13.6
17.047,121.559,322.2,1.1,1.1,2016-02-23,05:25,A,62,5.0       ,306.5,11.4
17.057,121.558,327.5,1.1,1.1,2016-02-23,05:25,A,80,5.0       ,305.3,18.7
17.055,121.548,332.4,1.1,1.1,2016-02-23,05:25,A,85,5.0       ,306,25.7
-3.86,122.175,322.2,1.1,1,2016-02-23,05:20,A,72,5.0       ,299.4,13
-3.798,119.652,315.3,1.5,1.2,2016-02-23,05:20,A,36,5.0       ,296.4,18.3
-2.501,120.32,311.1,1.3,1.1,2016-02-23,05:20,A,25,5.0       ,291.4,11.7
-2.476,120.352,321.5,1.3,1.1,2016-02-23,05:20,A,74,5.0       ,294.1,26.7
-2.477,120.341,314.9,1.3,1.1,2016-02-23,05:20,A,53,5.0       ,293,16.4
1.416,117.162,315.9,2,1.4,2016-02-23,05:20,A,47,5.0       ,294.9,23.9
3.336,117.639,314.4,1.7,1.3,2016-02-23,05:20,A,56,5.0       ,297.1,16.3
3.427,117.559,317.7,1.7,1.3,2016-02-23,05:20,A,52,5.0       ,297.2,23.5
3.424,117.544,315.6,1.7,1.3,2016-02-23,05:20,A,0,5.0       ,297.8,19
4.179,117.825,314.9,1.6,1.2,2016-02-23,05:20,A,40,5.0       ,296.5,16.7
4.141,117.185,313.6,1.8,1.3,2016-02-23,05:20,A,36,5.0       ,291.3,22.4
4.14,117.193,314,1.7,1.3,2016-02-23,05:20,A,44,5.0       ,293.5,21.5
4.811,117.146,342.6,1.7,1.3,2016-02-23,05:20,A,91,5.0       ,292.8,116.7
4.809,117.131,327.2,1.7,1.3,2016-02-23,05:20,A,76,5.0       ,292.9,60.9
5.32,120.178,310,1.1,1,2016-02-23,05:20,A,20,5.0       ,285.7,5.8
4.975,116.17,316.2,2,1.4,2016-02-23,05:20,A,65,5.0       ,295.4,30.4
4.976,116.164,314.4,2,1.4,2016-02-23,05:20,A,53,5.0       ,294.8,23.1
5.105,116.391,315,1.9,1.4,2016-02-23,05:20,A,48,5.0       ,295,24.6
5.204,116.392,322.5,1.9,1.4,2016-02-23,05:20,A,31,5.0       ,299.8,38.9
5.216,116.39,343.5,1.9,1.4,2016-02-23,05:20,A,92,5.0       ,301,123.9
5.211,116.403,327.6,1.9,1.4,2016-02-23,05:20,A,81,5.0       ,299.2,58.6
5.208,116.386,328.8,1.9,1.4,2016-02-23,05:20,A,82,5.0       ,301,61.9
5.223,116.402,322.6,1.9,1.4,2016-02-23,05:20,A,75,5.0       ,297.7,41.7
5.22,116.384,330.4,1.9,1.4,2016-02-23,05:20,A,83,5.0       ,299.9,69.3
5.401,116.558,310.7,1.9,1.3,2016-02-23,05:20,A,41,5.0       ,296,18.5
12.273,103.535,334.9,2.8,1.6,2016-02-23,07:05,A,86,5.0       ,300.1,139
12.578,105.737,325.5,4.1,1.9,2016-02-23,07:05,A,75,5.0       ,301.1,85
12.278,103.553,337.4,2.8,1.6,2016-02-23,07:05,A,88,5.0       ,300.2,148.7
12.275,103.529,327.2,2.8,1.6,2016-02-23,07:05,A,80,5.0       ,300.1,85.3
12.627,105.843,324.5,4.2,1.9,2016-02-23,07:05,A,77,5.0       ,299.9,83.4
12.64,105.649,321.6,4.1,1.9,2016-02-23,07:05,A,55,5.0       ,299.3,73.3
15.799,94.881,317.5,1,1,2016-02-23,07:05,A,67,5.0       ,302.8,10.4
16.712,101.732,324.5,2.3,1.5,2016-02-23,07:05,A,65,5.0       ,300.2,57.5
15.839,94.969,321,1,1,2016-02-23,07:05,A,73,5.0       ,302.1,13.5
17.12,105.251,311.4,4.4,1.9,2016-02-23,07:05,A,35,5.0       ,296.4,48.9
16.373,98.751,328.3,1.4,1.2,2016-02-23,07:05,A,81,5.0       ,308.5,20.5
15.976,95.404,332.9,1,1,2016-02-23,07:05,A,84,5.0       ,304.2,22.4
15.938,95.136,320.9,1,1,2016-02-23,07:05,A,0,5.0       ,304,14.1
16.315,97.831,331.2,1.2,1.1,2016-02-23,07:05,A,84,5.0       ,305.4,27.1
15.991,95.383,335.3,1,1,2016-02-23,07:05,A,87,5.0       ,308.2,23.2
16.061,95.49,331.6,1,1,2016-02-23,07:05,A,69,5.0       ,301.3,24.5
16.07,95.489,352.6,1,1,2016-02-23,07:05,A,91,5.0       ,305.4,64.1
16.075,95.46,329.5,1,1,2016-02-23,07:05,A,75,5.0       ,303.1,19.6
16.085,95.467,335.3,1,1,2016-02-23,07:05,A,82,5.0       ,304.9,25.9
16.084,95.458,333.9,1,1,2016-02-23,07:05,A,86,5.0       ,307.6,24.3
16.081,95.373,326.4,1,1,2016-02-23,07:05,A,68,5.0       ,307.3,11.7
16.09,95.372,329.3,1,1,2016-02-23,07:05,A,79,5.0       ,307.5,15.1
16.127,95.566,328.4,1,1,2016-02-23,07:05,A,75,5.0       ,310.4,14.2
16.17,95.802,324.9,1,1,2016-02-23,07:05,A,30,5.0       ,307.3,13
16.125,95.35,346,1,1,2016-02-23,07:05,A,93,5.0       ,306.1,48.8
16.489,97.994,339.9,1.3,1.1,2016-02-23,07:05,A,90,5.0       ,305.9,48.2
16.581,97.999,330.7,1.3,1.1,2016-02-23,07:05,A,83,5.0       ,305,26
16.163,94.591,324.7,1,1,2016-02-23,07:05,A,73,5.0       ,305.3,13.8
16.371,95.999,327.2,1,1,2016-02-23,07:05,A,55,5.0       ,305.4,15.5
16.62,97.66,328.8,1.2,1.1,2016-02-23,07:05,A,63,5.0       ,307.9,23.7
16.467,96.293,327.5,1.1,1,2016-02-23,07:05,A,61,5.0       ,307.3,8.4
16.697,97.718,328.6,1.2,1.1,2016-02-23,07:05,A,81,5.0       ,307.4,22
16.696,97.707,324.4,1.2,1.1,2016-02-23,07:05,A,56,5.0       ,307.2,13
16.69,97.661,322.7,1.2,1.1,2016-02-23,07:05,A,61,5.0       ,304.7,9.3
16.688,97.65,325.2,1.2,1.1,2016-02-23,07:05,A,58,5.0       ,305.8,12.2
16.698,97.712,326.3,1.2,1.1,2016-02-23,07:05,A,75,5.0       ,308.3,18.2
16.69,97.656,328.4,1.2,1.1,2016-02-23,07:05,A,80,5.0       ,305.3,18.7
16.511,96.083,328.7,1,1,2016-02-23,07:05,A,66,5.0       ,306,16.3
16.369,94.745,323.8,1,1,2016-02-23,07:05,A,75,5.0       ,306.6,12.8
16.422,94.598,336,1,1,2016-02-23,07:05,A,79,5.0       ,309.9,25.6
16.431,94.596,349.7,1,1,2016-02-23,07:05,A,95,5.0       ,309.2,53.2
16.475,94.65,320.2,1,1,2016-02-23,07:05,A,34,5.0       ,304.4,8.7
16.485,94.278,320.5,1,1,2016-02-23,07:05,A,0,5.0       ,304.3,12.4
17.647,103.528,325.6,3.3,1.7,2016-02-23,07:05,A,79,5.0       ,300.9,85.3
16.97,97.304,347.5,1.2,1.1,2016-02-23,07:05,A,94,5.0       ,306.3,57.9
18.123,104.221,317.5,3.8,1.8,2016-02-23,07:05,A,68,5.0       ,297.9,65
17.636,99.693,319.6,1.7,1.3,2016-02-23,07:05,A,71,5.0       ,302.1,19.4
18.017,101.688,316.3,2.4,1.5,2016-02-23,07:05,A,66,5.0       ,298.5,28.8
17.698,98.06,321.5,1.3,1.1,2016-02-23,07:05,A,73,5.0       ,299.8,22.3
17.709,98.059,316.7,1.3,1.1,2016-02-23,07:05,A,26,5.0       ,300.1,13.8
17.439,95.941,334.9,1,1,2016-02-23,07:05,A,86,5.0       ,309.3,22.9
17.448,95.94,327.5,1,1,2016-02-23,07:05,A,72,5.0       ,309,12.2
17.345,94.866,373.4,1,1,2016-02-23,07:05,A,100,5.0       ,312.5,121
17.344,94.856,361.7,1,1,2016-02-23,07:05,A,100,5.0       ,310.9,85.8
17.338,94.819,321.1,1,1,2016-02-23,07:05,A,64,5.0       ,306.5,9.9
17.483,94.934,327.7,1,1,2016-02-23,07:05,A,81,5.0       ,310.1,13.1
17.73,96.662,327.9,1.1,1.1,2016-02-23,07:05,A,81,5.0       ,308.8,17
17.492,94.932,337.2,1,1,2016-02-23,07:05,A,88,5.0       ,311.2,27.5
17.49,94.923,324.8,1,1,2016-02-23,07:05,A,69,5.0       ,309.7,9.4
17.631,95.725,327.9,1,1,2016-02-23,07:05,A,74,5.0       ,311.5,15.3
17.563,94.972,331.7,1,1,2016-02-23,07:05,A,84,5.0       ,311.2,19.2
17.593,94.929,321.6,1,1,2016-02-23,07:05,A,71,5.0       ,308.2,8.7
18.322,95.006,324.2,1,1,2016-02-23,07:05,A,74,5.0       ,308.3,9.3
18.448,95.85,341.6,1.1,1,2016-02-23,07:05,A,91,5.0       ,310.7,38.2
18.447,95.84,342.8,1.1,1,2016-02-23,07:05,A,91,5.0       ,312.1,39.4
18.261,94.383,322.1,1,1,2016-02-23,07:05,A,72,5.0       ,306.5,12.5
18.474,95.85,326.9,1.1,1,2016-02-23,07:05,A,80,5.0       ,309.2,13
18.381,95.039,325.2,1,1,2016-02-23,07:05,A,51,5.0       ,310.8,10.9
18.804,97.946,317.1,1.3,1.1,2016-02-23,07:05,A,67,5.0       ,301.8,12.6
18.802,97.933,318.3,1.3,1.1,2016-02-23,07:05,A,69,5.0       ,302.2,14.2
18.398,94.834,317.9,1,1,2016-02-23,07:05,A,65,5.0       ,304,10.8
18.76,97.436,325.1,1.2,1.1,2016-02-23,07:05,A,78,5.0       ,306.3,12.3
18.754,97.389,323.6,1.2,1.1,2016-02-23,07:05,A,77,5.0       ,304.1,13
18.511,95.303,328.3,1,1,2016-02-23,07:05,A,63,5.0       ,312.4,12.6
18.509,95.294,324.8,1,1,2016-02-23,07:05,A,38,5.0       ,310.2,9.2
18.508,95.284,323.7,1,1,2016-02-23,07:05,A,50,5.0       ,309.4,8.1
18.56,95.463,328.5,1,1,2016-02-23,07:05,A,81,5.0       ,311.3,13.5
18.629,95.831,332.1,1.1,1,2016-02-23,07:05,A,84,5.0       ,310.1,23
18.863,97.362,322.7,1.2,1.1,2016-02-23,07:05,A,58,5.0       ,305.7,14.3
18.547,94.972,326.8,1,1,2016-02-23,07:05,A,79,5.0       ,311.4,11.5
18.546,94.837,320.1,1,1,2016-02-23,07:05,A,69,5.0       ,306.9,7.8
18.539,94.79,317.2,1,1,2016-02-23,07:05,A,40,5.0       ,304.7,9.4
18.686,95.786,325.1,1.1,1,2016-02-23,07:05,A,66,5.0       ,309.9,9.9
18.684,95.766,324.7,1.1,1,2016-02-23,07:05,A,62,5.0       ,310.4,8.7
18.634,95.269,326.9,1,1,2016-02-23,07:05,A,80,5.0       ,310.7,12.4
18.65,95.315,325.8,1,1,2016-02-23,07:05,A,63,5.0       ,311.7,8.9
18.944,97.445,332.2,1.3,1.1,2016-02-23,07:05,A,85,5.0       ,303.6,34.6
18.979,97.47,323.2,1.3,1.1,2016-02-23,07:05,A,33,5.0       ,303.4,16.1
18.884,96.573,320.5,1.1,1.1,2016-02-23,07:05,A,39,5.0       ,306.2,8.7
18.817,95.79,328.9,1.1,1,2016-02-23,07:05,A,81,5.0       ,308.8,20.2
18.816,95.78,337.1,1.1,1,2016-02-23,07:05,A,88,5.0       ,311,32.6
18.683,94.828,317.4,1,1,2016-02-23,07:05,A,51,5.0       ,304.6,7.1
18.815,95.71,327.5,1,1,2016-02-23,07:05,A,81,5.0       ,312,11.5
18.684,94.77,317.6,1,1,2016-02-23,07:05,A,63,5.0       ,303.1,11.5
18.873,95.735,334.6,1.1,1,2016-02-23,07:05,A,86,5.0       ,309.7,24.7
18.871,95.725,326.9,1.1,1,2016-02-23,07:05,A,69,5.0       ,310.1,11.4
18.742,94.794,322.8,1,1,2016-02-23,07:05,A,63,5.0       ,305.7,13.2
18.882,95.734,329.6,1.1,1,2016-02-23,07:05,A,82,5.0       ,309.9,16.2
18.881,95.724,341.9,1.1,1,2016-02-23,07:05,A,91,5.0       ,312.1,37.9
18.763,94.877,323.4,1,1,2016-02-23,07:05,A,76,5.0       ,309.1,8.6
18.921,95.681,330.7,1,1,2016-02-23,07:05,A,83,5.0       ,312.1,16.8
18.919,95.671,327,1,1,2016-02-23,07:05,A,80,5.0       ,312.6,10.5
18.732,94.328,320.8,1,1,2016-02-23,07:05,A,64,5.0       ,304.4,13.5
18.731,94.318,321.2,1,1,2016-02-23,07:05,A,69,5.0       ,304.8,13.2
18.868,95.028,369.8,1,1,2016-02-23,07:05,A,100,5.0       ,313.5,105.6
18.867,95.019,338.9,1,1,2016-02-23,07:05,A,89,5.0       ,313.2,27.6
19.233,97.544,324.6,1.3,1.1,2016-02-23,07:05,A,75,5.0       ,306.1,19.3
18.872,94.795,317.6,1,1,2016-02-23,07:05,A,62,5.0       ,304.2,8.5
19.008,95.723,325.4,1.1,1,2016-02-23,07:05,A,78,5.0       ,309,14.3
18.918,94.996,327.5,1,1,2016-02-23,07:05,A,75,5.0       ,311,11.1
18.917,94.986,332.1,1,1,2016-02-23,07:05,A,84,5.0       ,310.8,18.4
19.017,95.651,341.2,1,1,2016-02-23,07:05,A,91,5.0       ,311.6,36.1
18.928,95.004,341.8,1,1,2016-02-23,07:05,A,91,5.0       ,310.5,35.2
18.927,94.994,374.8,1,1,2016-02-23,07:05,A,100,5.0       ,313.2,125.3
18.926,94.985,331.1,1,1,2016-02-23,07:05,A,81,5.0       ,309.4,17.2
18.895,94.767,316.6,1,1,2016-02-23,07:05,A,48,5.0       ,303.6,8.9
18.894,94.757,315.9,1,1,2016-02-23,07:05,A,56,5.0       ,302.3,8.9
19.026,95.649,327.8,1,1,2016-02-23,07:05,A,63,5.0       ,309.8,13.8
18.953,95.117,327.9,1,1,2016-02-23,07:05,A,61,5.0       ,311,16
18.937,95.002,327.8,1,1,2016-02-23,07:05,A,63,5.0       ,308.2,13.4
18.936,94.993,337.1,1,1,2016-02-23,07:05,A,88,5.0       ,307.7,28.1
19.357,98.147,321.5,1.4,1.2,2016-02-23,07:05,A,69,5.0       ,301.5,20.6
18.916,94.783,316.5,1,1,2016-02-23,07:05,A,44,5.0       ,303.6,6.7
18.94,94.759,320.6,1,1,2016-02-23,07:05,A,73,5.0       ,303.4,13.1
19.09,95.71,324.1,1.1,1,2016-02-23,07:05,A,77,5.0       ,308.1,11.8
18.979,94.766,316.6,1,1,2016-02-23,07:05,A,47,5.0       ,304,6.4
19.447,98.128,318.1,1.4,1.2,2016-02-23,07:05,A,56,5.0       ,302,19.9
19.018,94.847,323.8,1,1,2016-02-23,07:05,A,77,5.0       ,308.3,10
19.002,94.734,317.2,1,1,2016-02-23,07:05,A,54,5.0       ,303.9,7.8
19.144,95.695,322.8,1.1,1,2016-02-23,07:05,A,72,5.0       ,309.2,8.5
19.391,97.508,325.8,1.3,1.1,2016-02-23,07:05,A,64,5.0       ,305.4,23.8
19.116,95.222,345.3,1,1,2016-02-23,07:05,A,93,5.0       ,312.5,40.6
19.085,94.938,336.9,1,1,2016-02-23,07:05,A,88,5.0       ,309.9,28.3
22.539,96.235,314.7,1.2,1.1,2016-02-23,07:05,A,51,5.0       ,290.8,15.4
22.526,96.133,327.4,1.2,1.1,2016-02-23,07:05,A,80,5.0       ,283.5,33.9
22.524,96.122,328.5,1.2,1.1,2016-02-23,07:05,A,74,5.0       ,286.8,34.1
22.235,93.971,325.8,1,1,2016-02-23,07:05,A,28,5.0       ,308.7,10.7
22.253,93.968,332.4,1,1,2016-02-23,07:05,A,65,5.0       ,310.1,19.8
22.244,93.911,324.3,1,1,2016-02-23,07:05,A,42,5.0       ,309.3,10.6
22.133,93.135,331,1,1,2016-02-23,07:05,A,84,5.0       ,294.7,34.3
22.298,93.965,329.8,1,1,2016-02-23,07:05,A,63,5.0       ,305.7,19.6
22.408,94.625,319,1,1,2016-02-23,07:05,A,70,5.0       ,305.8,8.6
22.549,95.609,322.4,1.1,1.1,2016-02-23,07:05,A,75,5.0       ,310.1,8.7
22.34,94.007,337.9,1,1,2016-02-23,07:05,A,84,5.0       ,309.1,29.8
22.523,95.269,326,1.1,1,2016-02-23,07:05,A,64,5.0       ,311.5,11
22.351,94.016,327.2,1,1,2016-02-23,07:05,A,34,5.0       ,308.3,12.9
22.364,94.037,329,1,1,2016-02-23,07:05,A,70,5.0       ,308.7,16
22.36,94.008,323.9,1,1,2016-02-23,07:05,A,49,5.0       ,306.3,10.8
22.272,93.393,312.9,1,1,2016-02-23,07:05,A,34,5.0       ,300.1,6.8
22.373,94.035,330.7,1,1,2016-02-23,07:05,A,61,5.0       ,309.2,18
22.911,98.259,317.6,1.6,1.2,2016-02-23,07:05,A,68,5.0       ,300.4,27.1
22.465,94.64,321.8,1,1,2016-02-23,07:05,A,61,5.0       ,309.7,7.7
22.56,95.278,325.1,1.1,1,2016-02-23,07:05,A,75,5.0       ,312.2,10.8
22.391,94.032,326.7,1,1,2016-02-23,07:05,A,67,5.0       ,308.2,15
22.649,95.598,327.2,1.1,1.1,2016-02-23,07:05,A,80,5.0       ,312.1,12.4
22.718,95.95,322.5,1.2,1.1,2016-02-23,07:05,A,41,5.0       ,306.8,14.4
22.67,95.277,324,1.1,1,2016-02-23,07:05,A,77,5.0       ,312.4,9.7
22.873,96.056,322.9,1.2,1.1,2016-02-23,07:05,A,74,5.0       ,309.8,11
22.611,93.77,313.5,1,1,2016-02-23,07:05,A,49,5.0       ,303.1,7.7
22.919,96.01,320.3,1.2,1.1,2016-02-23,07:05,A,67,5.0       ,307.3,7.4
23.264,98.781,340.5,1.8,1.3,2016-02-23,07:05,A,90,5.0       ,297.2,109.6
23.262,98.764,312.7,1.7,1.3,2016-02-23,07:05,A,47,5.0       ,295,21.2
23.276,98.779,317.2,1.8,1.3,2016-02-23,07:05,A,67,5.0       ,295,32.9
23.015,96.461,321.5,1.2,1.1,2016-02-23,07:05,A,74,5.0       ,297.6,27.1
23.099,96.722,323.6,1.3,1.1,2016-02-23,07:05,A,73,5.0       ,309,13.5
23.085,96.524,328.3,1.2,1.1,2016-02-23,07:05,A,78,5.0       ,305.8,28.9
22.591,92.86,317.1,1,1,2016-02-23,07:05,A,67,5.0       ,298.6,13.4
22.589,92.851,311.5,1,1,2016-02-23,07:05,A,49,5.0       ,298.9,7.5
23.067,96.062,331,1.2,1.1,2016-02-23,07:05,A,84,5.0       ,312.4,22.5
23.078,96.072,326.6,1.2,1.1,2016-02-23,07:05,A,61,5.0       ,309.7,14.5
23.076,96.061,341.6,1.2,1.1,2016-02-23,07:05,A,91,5.0       ,312.7,45.2
22.815,93.982,328.7,1,1,2016-02-23,07:05,A,32,5.0       ,311.9,16.3
22.814,93.972,326.5,1,1,2016-02-23,07:05,A,54,5.0       ,311.8,15.7
22.753,93.537,311.2,1,1,2016-02-23,07:05,A,35,5.0       ,299.3,7.6
22.836,93.998,330,1,1,2016-02-23,07:05,A,76,5.0       ,313,15.9
22.666,92.812,357.5,1,1,2016-02-23,07:05,A,98,5.0       ,299.9,85.3
22.664,92.802,387.5,1,1,2016-02-23,07:05,A,100,5.0       ,303,191.5
23.098,95.902,325.2,1.2,1.1,2016-02-23,07:05,A,78,5.0       ,309.9,10.7
22.673,92.8,316.7,1,1,2016-02-23,07:05,A,66,5.0       ,299,13.1
22.865,93.61,312.9,1,1,2016-02-23,07:05,A,51,5.0       ,302.3,9.1
23.213,96.157,330.3,1.2,1.1,2016-02-23,07:05,A,78,5.0       ,306.9,29.3
22.863,93.531,313,1,1,2016-02-23,07:05,A,54,5.0       ,300.2,10.9
23.223,96.085,324,1.2,1.1,2016-02-23,07:05,A,72,5.0       ,310.3,11.7
23.203,95.926,322.5,1.2,1.1,2016-02-23,07:05,A,34,5.0       ,308.7,9.1
23.202,95.914,335.3,1.2,1.1,2016-02-23,07:05,A,87,5.0       ,311.3,31.8
23.494,98.273,313,1.6,1.3,2016-02-23,07:05,A,57,5.0       ,299.6,18.9
23.248,95.965,320.8,1.2,1.1,2016-02-23,07:05,A,71,5.0       ,307,11.5
23.347,96.593,321.2,1.3,1.1,2016-02-23,07:05,A,73,5.0       ,307.1,12.7
23.28,95.966,325.3,1.2,1.1,2016-02-23,07:05,A,60,5.0       ,305.5,19.8
23.315,95.937,325.9,1.2,1.1,2016-02-23,07:05,A,79,5.0       ,306.7,18.8
23.245,95.322,320.9,1.1,1,2016-02-23,07:05,A,40,5.0       ,302.7,13.9
23.678,98.795,325.8,1.8,1.3,2016-02-23,07:05,A,79,5.0       ,304.1,46.9
23.313,95.766,333.7,1.1,1.1,2016-02-23,07:05,A,86,5.0       ,312,27.2
23.674,98.789,325,1.8,1.3,2016-02-23,07:05,A,78,5.0       ,303.8,44.7
23.411,96.282,337,1.2,1.1,2016-02-23,07:05,A,88,5.0       ,306.9,43.4
23.362,95.888,321.3,1.2,1.1,2016-02-23,07:05,A,48,5.0       ,305.6,14.1
23.35,95.788,327.1,1.2,1.1,2016-02-23,07:05,A,65,5.0       ,305.5,18.7
23.347,95.765,327,1.1,1.1,2016-02-23,07:05,A,73,5.0       ,307.4,16.4
23.44,96.35,319.9,1.2,1.1,2016-02-23,07:05,A,30,5.0       ,300.2,14.7
23.464,96.383,324.1,1.2,1.1,2016-02-23,07:05,A,70,5.0       ,300.6,20.1
23.437,96.088,334.9,1.2,1.1,2016-02-23,07:05,A,87,5.0       ,304.7,37.1
23.476,96.321,338.7,1.2,1.1,2016-02-23,07:05,A,89,5.0       ,304.8,50
23.057,93.086,311.9,1,1,2016-02-23,07:05,A,28,5.0       ,294.6,11.1
23.487,96.241,322.4,1.2,1.1,2016-02-23,07:05,A,75,5.0       ,302.1,18.8
23.486,96.23,322.6,1.2,1.1,2016-02-23,07:05,A,75,5.0       ,300.7,18.7
23.564,96.713,316.5,1.3,1.1,2016-02-23,07:05,A,45,5.0       ,300.5,10.9
23.548,96.414,315.1,1.2,1.1,2016-02-23,07:05,A,52,5.0       ,300.7,9.9
23.547,96.402,320.7,1.2,1.1,2016-02-23,07:05,A,73,5.0       ,302,18.4
23.574,96.374,320.2,1.2,1.1,2016-02-23,07:05,A,72,5.0       ,301.6,18.5
23.125,92.671,363.7,1,1,2016-02-23,07:05,A,100,5.0       ,301.4,105
23.123,92.661,329.7,1,1,2016-02-23,07:05,A,82,5.0       ,298,31.9
23.204,92.896,312.2,1,1,2016-02-23,07:05,A,53,5.0       ,299.2,8.8
23.592,95.386,332.4,1.1,1.1,2016-02-23,07:05,A,85,5.0       ,307,30.7
23.591,95.375,341.2,1.1,1.1,2016-02-23,07:05,A,90,5.0       ,309.2,48.3
23.28,93.105,316.9,1,1,2016-02-23,07:05,A,67,5.0       ,298.3,13.6
17.788,96.074,325.6,1.1,1,2016-02-23,07:05,A,72,5.0       ,306.3,18.8
17.786,96.064,324.3,1.1,1,2016-02-23,07:05,A,66,5.0       ,307.4,17.1
18.087,98.157,324,1.3,1.2,2016-02-23,07:05,A,73,5.0       ,305.9,24.2
17.821,95.908,320.5,1,1,2016-02-23,07:05,A,60,5.0       ,306.6,10
18.14,98.259,317.8,1.4,1.2,2016-02-23,07:05,A,39,5.0       ,303.7,12.2
18.665,102.131,315.3,2.7,1.6,2016-02-23,07:05,A,63,5.0       ,295.5,42.9
18.662,102.106,312.7,2.7,1.6,2016-02-23,07:05,A,50,5.0       ,296.7,29.9
17.781,94.954,319.5,1,1,2016-02-23,07:05,A,45,5.0       ,306,8.4
17.79,94.953,324.2,1,1,2016-02-23,07:05,A,77,5.0       ,306,14.5
18.668,102.125,316.8,2.7,1.6,2016-02-23,07:05,A,67,5.0       ,295.9,48.2
17.812,94.915,325.2,1,1,2016-02-23,07:05,A,78,5.0       ,305.7,15.9
17.855,94.966,322.4,1,1,2016-02-23,07:05,A,75,5.0       ,305.9,11.8
17.978,95.783,327.1,1,1,2016-02-23,07:05,A,80,5.0       ,309.8,14.2
18.043,95.51,324.3,1,1,2016-02-23,07:05,A,72,5.0       ,308.9,9
18.001,95.148,331.4,1,1,2016-02-23,07:05,A,84,5.0       ,313.1,16.5
18.348,97.723,315.9,1.3,1.1,2016-02-23,07:05,A,44,5.0       ,301.4,9.6
18.239,96.711,330.7,1.1,1.1,2016-02-23,07:05,A,83,5.0       ,307.7,23.8
18.023,94.85,314.8,1,1,2016-02-23,07:05,A,62,5.0       ,302.8,9
18.72,100.185,316.9,1.9,1.3,2016-02-23,07:05,A,30,5.0       ,298.8,20.3
18.057,94.96,318,1,1,2016-02-23,07:05,A,47,5.0       ,305.3,7
18.42,97.477,317.5,1.2,1.1,2016-02-23,07:05,A,50,5.0       ,300.7,11.4
18.137,95.26,330.8,1,1,2016-02-23,07:05,A,60,5.0       ,313.7,15
18.135,95.25,328,1,1,2016-02-23,07:05,A,55,5.0       ,313.5,10
18.092,94.938,313.6,1,1,2016-02-23,07:05,A,49,5.0       ,300.2,6.1
18.462,97.414,324,1.2,1.1,2016-02-23,07:05,A,66,5.0       ,306.6,16.2
18.472,97.412,323.4,1.2,1.1,2016-02-23,07:05,A,55,5.0       ,306.5,14.7
18.274,95.919,322.6,1.1,1,2016-02-23,07:05,A,63,5.0       ,308.5,13
18.403,96.735,321.4,1.1,1.1,2016-02-23,07:05,A,53,5.0       ,305.4,9.2
18.401,96.724,326,1.1,1.1,2016-02-23,07:05,A,79,5.0       ,306.5,15.5
18.154,94.928,316,1,1,2016-02-23,07:05,A,28,5.0       ,302.1,8.8
18.406,96.728,328.7,1.1,1.1,2016-02-23,07:05,A,82,5.0       ,305.5,20.5
18.399,96.675,321.7,1.1,1.1,2016-02-23,07:05,A,59,5.0       ,305.5,11.7
18.325,95.835,324.4,1,1,2016-02-23,07:05,A,77,5.0       ,306.4,14.1
18.399,96.097,315.4,1.1,1,2016-02-23,07:05,A,64,5.0       ,302.3,9.4
18.648,97.916,317,1.3,1.1,2016-02-23,07:05,A,37,5.0       ,301.7,10.8
18.647,97.904,317.9,1.3,1.1,2016-02-23,07:05,A,58,5.0       ,301.2,13.6
18.646,97.91,323,1.3,1.1,2016-02-23,07:05,A,73,5.0       ,301.8,20.1
18.664,97.883,315.3,1.3,1.1,2016-02-23,07:05,A,38,5.0       ,300.4,9.6
18.611,97.298,320.4,1.2,1.1,2016-02-23,07:05,A,43,5.0       ,304.7,12.5
18.329,95.188,324.3,1,1,2016-02-23,07:05,A,77,5.0       ,310.8,8.8
18.651,97.456,320.8,1.2,1.1,2016-02-23,07:05,A,42,5.0       ,300.4,15.9
18.439,95.852,335,1.1,1,2016-02-23,07:05,A,87,5.0       ,311.6,26.9
18.438,95.842,326.7,1.1,1,2016-02-23,07:05,A,80,5.0       ,311.4,12.4
16.864,121.367,307.5,1,1,2016-02-23,17:40,A,55,5.0       ,290.6,12.2
16.615,120.866,314,1,1,2016-02-23,17:40,A,84,5.0       ,289.1,21.8
5.225,116.411,306,1.2,1.1,2016-02-23,17:40,A,40,5.0       ,292,12.4
4.823,117.14,323,1.1,1,2016-02-23,17:40,A,100,5.0       ,292.4,30.8
4.822,117.149,329.3,1.1,1,2016-02-23,17:40,A,100,5.0       ,292.8,40.6
0.302,116.823,306.9,1,1,2016-02-23,17:40,A,50,5.0       ,292.5,9
22.444,96.173,305.7,1.1,1,2016-02-23,19:15,A,35,5.0       ,294.1,8.4
22.157,94.614,329.5,1.3,1.1,2016-02-23,19:15,A,100,5.0       ,296.4,49.2
22.155,94.626,306.2,1.3,1.1,2016-02-23,19:15,A,38,5.0       ,296,11.2
20.085,98.53,307.5,1,1,2016-02-23,19:15,A,55,5.0       ,293.2,10
20.527,94.135,308.9,1.3,1.1,2016-02-23,19:15,A,63,5.0       ,295.3,16.6
19.863,97.802,306.7,1,1,2016-02-23,19:15,A,48,5.0       ,293.1,9
19.744,97.548,305.6,1,1,2016-02-23,19:15,A,34,5.0       ,292.7,9.4
19.931,94.494,306.3,1.2,1.1,2016-02-23,19:15,A,40,5.0       ,291.9,13.5
19.584,94.57,309,1.2,1.1,2016-02-23,19:15,A,64,5.0       ,295.6,15.2
16.414,104.717,305.1,2.9,1.6,2016-02-23,19:15,A,17,5.0       ,289.3,49.2
15.348,102.387,305.2,2,1.4,2016-02-23,19:15,A,24,5.0       ,293.7,21.8
15.319,99.201,307.6,1.2,1.1,2016-02-23,19:15,A,55,5.0       ,294.6,12.2
13.33,101.157,307.8,1.8,1.3,2016-02-23,19:15,A,57,5.0       ,293.1,23.7