latitude,longitude,brightness,scan,track,acq_date,acq_time,satellite,confidence,version,bright_t31,frp
12.93,107.018,315,2.9,1.6,2017-02-09,04:00,T,63,5.0       ,298.8,36.5
13.058,106.428,321.6,2.6,1.5,2017-02-09,04:00,T,74,5.0       ,301.7,44.1
13.012,106.614,320.7,2.7,1.6,2017-02-09,04:00,T,57,5.0       ,299.9,54.4
13.784,101.884,318.6,1.2,1.1,2017-02-09,04:00,T,70,5.0       ,302.7,10.5
13.002,106.588,328.4,2.7,1.6,2017-02-09,04:00,T,81,5.0       ,301.2,95.8
12.998,106.612,322.5,2.7,1.6,2017-02-09,04:00,T,75,5.0       ,300.4,63.5
12.927,107.012,313,2.9,1.6,2017-02-09,04:00,T,56,5.0       ,298.9,31
13.242,105.12,350.6,2,1.4,2017-02-09,04:00,T,95,5.0       ,301.9,183.8
13.23,105.118,322.4,2,1.4,2017-02-09,04:00,T,34,5.0       ,301.5,44.5
13.02,106.325,318.6,2.5,1.5,2017-02-09,04:00,T,38,5.0       ,302.6,27.3
12.879,106.87,336.3,2.8,1.6,2017-02-09,04:00,T,87,5.0       ,299.1,172.8
12.875,106.896,314.5,2.8,1.6,2017-02-09,04:00,T,60,5.0       ,298.1,40.4
12.901,106.67,341.8,2.7,1.6,2017-02-09,04:00,T,91,5.0       ,301.4,191
12.892,106.718,321.2,2.7,1.6,2017-02-09,04:00,T,73,5.0       ,299.4,59.9
12.903,106.714,322.7,2.7,1.6,2017-02-09,04:00,T,76,5.0       ,300.1,69.5
12.898,106.738,314.5,2.8,1.6,2017-02-09,04:00,T,48,5.0       ,298.8,30.9
12.876,106.863,326,2.8,1.6,2017-02-09,04:00,T,79,5.0       ,298.2,103.1
12.872,106.888,323.5,2.8,1.6,2017-02-09,04:00,T,76,5.0       ,298.4,89.1
12.897,106.662,338.1,2.7,1.6,2017-02-09,04:00,T,89,5.0       ,300.9,168.4
12.893,106.686,318.9,2.7,1.6,2017-02-09,04:00,T,50,5.0       ,300.6,50.2
12.829,106.88,311.9,2.8,1.6,2017-02-09,04:00,T,34,5.0       ,298,32.4
12.81,106.824,311.9,2.8,1.6,2017-02-09,04:00,T,47,5.0       ,297.8,33
13.49,102.819,323.7,1.4,1.2,2017-02-09,04:00,T,77,5.0       ,306.1,12.1
12.803,106.844,311.2,2.8,1.6,2017-02-09,04:00,T,43,5.0       ,298,32.6
12.82,106.493,316.2,2.6,1.6,2017-02-09,04:00,T,52,5.0       ,300.3,22.3
13.405,102.967,320.6,1.4,1.2,2017-02-09,04:00,T,46,5.0       ,304.3,13.9
12.721,106.371,317.8,2.6,1.5,2017-02-09,04:00,T,68,5.0       ,301.8,29.4
12.719,106.228,320,2.5,1.5,2017-02-09,04:00,T,60,5.0       ,301.1,39.2
12.715,106.251,319.5,2.5,1.5,2017-02-09,04:00,T,62,5.0       ,301.4,37.4
12.628,106.651,320.3,2.7,1.6,2017-02-09,04:00,T,53,5.0       ,299.3,54.4
13.495,101.494,318.3,1.2,1.1,2017-02-09,04:00,T,69,5.0       ,302.3,13
12.721,106.247,322.8,2.5,1.5,2017-02-09,04:00,T,76,5.0       ,301.5,53.2
12.638,106.647,321.4,2.7,1.6,2017-02-09,04:00,T,62,5.0       ,299.5,58.9
12.554,106.632,320.5,2.7,1.6,2017-02-09,04:00,T,73,5.0       ,301.2,53.5
12.588,106.366,325.4,2.6,1.6,2017-02-09,04:00,T,78,5.0       ,302.5,66.4
12.55,106.625,317.9,2.7,1.6,2017-02-09,04:00,T,65,5.0       ,300.9,38.7
12.582,106.358,319,2.6,1.6,2017-02-09,04:00,T,70,5.0       ,302.3,38.4
12.578,106.382,323.8,2.6,1.6,2017-02-09,04:00,T,77,5.0       ,302.4,61.3
12.589,106.24,317.3,2.5,1.5,2017-02-09,04:00,T,62,5.0       ,300.7,28.3
12.585,106.263,316.1,2.6,1.5,2017-02-09,04:00,T,53,5.0       ,300.5,22.2
12.531,106.325,317.3,2.6,1.5,2017-02-09,04:00,T,46,5.0       ,301.6,28.4
12.48,106.612,316.7,2.7,1.6,2017-02-09,04:00,T,44,5.0       ,301,31.9
12.486,106.633,317.6,2.8,1.6,2017-02-09,04:00,T,59,5.0       ,301.1,36
12.525,106.318,318.3,2.6,1.5,2017-02-09,04:00,T,39,5.0       ,302.6,32.5
13.086,102.657,321.1,1.4,1.2,2017-02-09,04:00,T,63,5.0       ,303.3,16.7
13.07,102.756,327.7,1.4,1.2,2017-02-09,04:00,T,81,5.0       ,304,30.7
12.641,105.328,315.9,2.2,1.4,2017-02-09,04:00,T,61,5.0       ,299.4,28.5
12.405,106.517,319.3,2.7,1.6,2017-02-09,04:00,T,61,5.0       ,299.6,43.8
12.377,106.512,319.3,2.7,1.6,2017-02-09,04:00,T,34,5.0       ,301.5,37.7
12.376,106.735,311.6,2.8,1.6,2017-02-09,04:00,T,50,5.0       ,298.5,29.9
13.241,101.285,318.5,1.1,1.1,2017-02-09,04:00,T,70,5.0       ,305.5,10.4
13.002,102.738,322.5,1.4,1.2,2017-02-09,04:00,T,75,5.0       ,304.2,18.9
12.336,106.548,323.7,2.7,1.6,2017-02-09,04:00,T,68,5.0       ,300.5,66.6
12.261,106.454,324.4,2.7,1.6,2017-02-09,04:00,T,77,5.0       ,302.7,67.8
12.336,105.788,312.6,2.4,1.5,2017-02-09,04:00,T,44,5.0       ,299.3,23.1
12.337,105.804,315.3,2.4,1.5,2017-02-09,04:00,T,58,5.0       ,300.5,34.3
12.828,101.258,317.6,1.1,1.1,2017-02-09,04:00,T,68,5.0       ,305.4,11.4
11.94,106.378,318.8,2.7,1.6,2017-02-09,04:00,T,70,5.0       ,301.1,41.9
11.95,106.374,317.8,2.7,1.6,2017-02-09,04:00,T,68,5.0       ,301.4,37.3
11.946,106.398,315.7,2.7,1.6,2017-02-09,04:00,T,63,5.0       ,300.7,28.8
12.202,102.724,321.4,1.4,1.2,2017-02-09,04:00,T,58,5.0       ,303.2,26
12.2,102.737,340.3,1.4,1.2,2017-02-09,04:00,T,90,5.0       ,304.9,71.9
12.205,102.732,337.2,1.4,1.2,2017-02-09,04:00,T,88,5.0       ,303.6,61.4
12.203,102.745,320.2,1.4,1.2,2017-02-09,04:00,T,55,5.0       ,303.2,17.7
11.274,103.731,317.7,1.7,1.3,2017-02-09,04:00,T,41,5.0       ,301.9,23.9
11.248,103.743,319.6,1.7,1.3,2017-02-09,04:00,T,63,5.0       ,300.6,28.3
10.883,104.13,312.3,1.9,1.3,2017-02-09,04:00,T,36,5.0       ,300.2,20
10.982,103.397,334.9,1.7,1.3,2017-02-09,04:00,T,87,5.0       ,303.9,73.4
10.98,103.413,321.5,1.7,1.3,2017-02-09,04:00,T,42,5.0       ,301.9,30.9
10.878,104.123,315.2,1.9,1.3,2017-02-09,04:00,T,32,5.0       ,300.7,26.8
10.983,103.392,319.3,1.7,1.3,2017-02-09,04:00,T,64,5.0       ,302.2,28.6
10.981,103.407,331.1,1.7,1.3,2017-02-09,04:00,T,63,5.0       ,304.2,60
0.77,127.375,312.5,2.2,1.4,2017-02-09,02:25,T,0,5.0       ,294.3,34.4
-4.41,119.622,312.3,1,1,2017-02-09,02:25,T,44,5.0       ,293.7,6.8
18.257,120.814,310.6,1.4,1.2,2017-02-09,02:20,T,30,5.0       ,299.6,11.4
7.146,124.142,317.8,1.1,1,2017-02-09,02:20,T,69,5.0       ,284,17.8
19.945,96.181,319.8,1.5,1.2,2017-02-09,04:00,T,72,5.0       ,304.8,20
19.671,97.052,313.9,1.3,1.1,2017-02-09,04:00,T,45,5.0       ,302,10.7
18.576,104.031,310.5,1.4,1.2,2017-02-09,04:00,T,35,5.0       ,297.5,17.2
19.779,95.577,326.7,1.6,1.3,2017-02-09,04:00,T,80,5.0       ,306.8,34.5
19.443,97.405,318.6,1.2,1.1,2017-02-09,04:00,T,60,5.0       ,304.9,13
19.442,97.399,317,1.2,1.1,2017-02-09,04:00,T,53,5.0       ,304.8,11.4
19.441,97.411,316.8,1.2,1.1,2017-02-09,04:00,T,56,5.0       ,304.2,11
18.209,104.139,315.5,1.4,1.2,2017-02-09,04:00,T,40,5.0       ,299.4,14.3
18.217,103.729,322.2,1.3,1.1,2017-02-09,04:00,T,75,5.0       ,299.9,26.2
19.028,97.222,313.5,1.3,1.1,2017-02-09,04:00,T,47,5.0       ,301.7,11.6
17.888,103.227,316.5,1.3,1.1,2017-02-09,04:00,T,49,5.0       ,300.5,11.1
17.878,103.226,320.3,1.3,1.1,2017-02-09,04:00,T,72,5.0       ,301.9,17.5
17.898,102.782,313.8,1.2,1.1,2017-02-09,04:00,T,57,5.0       ,298.7,9.9
17.491,104.77,315.7,1.6,1.2,2017-02-09,04:00,T,64,5.0       ,299.1,18.8
18.4,98.891,313.7,1,1,2017-02-09,04:00,T,59,5.0       ,303,7.7
17.488,104.779,312.7,1.6,1.2,2017-02-09,04:00,T,54,5.0       ,298.8,13.3
18.587,97.467,317.4,1.2,1.1,2017-02-09,04:00,T,68,5.0       ,301.6,14
18.531,97.366,313.6,1.2,1.1,2017-02-09,04:00,T,47,5.0       ,301,10.9
18.057,100.617,313.5,1,1,2017-02-09,04:00,T,58,5.0       ,302.2,8.2
17.534,103.692,327.7,1.4,1.2,2017-02-09,04:00,T,81,5.0       ,302.9,32.3
17.524,103.69,328.5,1.4,1.2,2017-02-09,04:00,T,81,5.0       ,301.6,33.2
17.699,102.501,315.8,1.2,1.1,2017-02-09,04:00,T,64,5.0       ,300,9
17.495,103.736,317.7,1.4,1.2,2017-02-09,04:00,T,67,5.0       ,301.2,12
17.439,103.707,326.5,1.4,1.2,2017-02-09,04:00,T,80,5.0       ,301.4,30.9
17.326,104.183,318.5,1.5,1.2,2017-02-09,04:00,T,70,5.0       ,301.4,15.4
17.324,104.197,319.8,1.5,1.2,2017-02-09,04:00,T,72,5.0       ,302.4,18.3
17.272,104.482,316.6,1.5,1.2,2017-02-09,04:00,T,65,5.0       ,300.2,15.5
17.339,103.88,317.2,1.4,1.2,2017-02-09,04:00,T,67,5.0       ,297.2,19
17.244,103.4,321.9,1.3,1.1,2017-02-09,04:00,T,75,5.0       ,300.4,21.6
17.15,103.585,324,1.3,1.2,2017-02-09,04:00,T,76,5.0       ,301.8,28.3
17.144,103.578,316.6,1.3,1.2,2017-02-09,04:00,T,38,5.0       ,300.2,12.7
25.335,96.543,313.5,1.3,1.1,2017-02-09,07:05,A,58,5.0       ,300.5,14.3
25.053,93.905,321.1,1,1,2017-02-09,07:05,A,74,5.0       ,297.9,20.1
25.071,93.974,311.3,1,1,2017-02-09,07:05,A,48,5.0       ,293.2,11
25.071,93.901,319.1,1,1,2017-02-09,07:05,A,58,5.0       ,295.7,17.7
25.107,93.895,312,1,1,2017-02-09,07:05,A,45,5.0       ,294.2,13.2
25.262,94.501,317.9,1.1,1,2017-02-09,07:05,A,39,5.0       ,299.4,13.5
25.177,93.734,315.8,1,1,2017-02-09,07:05,A,40,5.0       ,297,14.8
25.565,96.673,313,1.4,1.2,2017-02-09,07:05,A,56,5.0       ,298.1,13.4
25.188,93.742,314.2,1,1,2017-02-09,07:05,A,36,5.0       ,294.4,14.6
24.921,91.89,314.6,1,1,2017-02-09,07:05,A,62,5.0       ,300.6,9.7
25.302,94.467,314.3,1.1,1,2017-02-09,07:05,A,50,5.0       ,297.5,14.1
25.405,94.752,314.3,1.1,1,2017-02-09,07:05,A,54,5.0       ,299.9,13.5
25.892,98.66,325.4,1.9,1.3,2017-02-09,07:05,A,79,5.0       ,292.2,71.2
25.9,98.67,317.3,1.9,1.3,2017-02-09,07:05,A,68,5.0       ,293.1,52
25.899,98.652,315,1.9,1.3,2017-02-09,07:05,A,63,5.0       ,291.4,43.5
25.345,93.95,311.2,1,1,2017-02-09,07:05,A,47,5.0       ,296,12.5
25.511,94.707,317.8,1.1,1,2017-02-09,07:05,A,68,5.0       ,296.3,22.4
25.482,94.014,340.7,1,1,2017-02-09,07:05,A,90,5.0       ,292.3,57.1
25.48,94.004,329.8,1,1,2017-02-09,07:05,A,83,5.0       ,294.9,37.4
25.629,94.865,310.4,1.1,1,2017-02-09,07:05,A,36,5.0       ,295.4,13.3
25.875,96.645,312.1,1.4,1.2,2017-02-09,07:05,A,42,5.0       ,298.6,13
25.421,92.532,311.5,1,1,2017-02-09,07:05,A,49,5.0       ,297,7.6
25.434,92.247,319,1,1,2017-02-09,07:05,A,70,5.0       ,295.1,17.4
25.555,92.562,317.8,1,1,2017-02-09,07:05,A,68,5.0       ,297.3,16.5
25.554,92.552,310.3,1,1,2017-02-09,07:05,A,36,5.0       ,295.8,8.9
25.531,92.212,314.4,1,1,2017-02-09,07:05,A,54,5.0       ,299.6,9.4
25.862,93.695,310.2,1,1,2017-02-09,07:05,A,31,5.0       ,297.4,7
25.967,94.414,322.7,1.1,1,2017-02-09,07:05,A,75,5.0       ,294.2,26.6
25.965,94.404,320.9,1.1,1,2017-02-09,07:05,A,73,5.0       ,294.7,23.9
25.712,92.501,331.7,1,1,2017-02-09,07:05,A,84,5.0       ,298,33.5
25.711,92.491,321.9,1,1,2017-02-09,07:05,A,75,5.0       ,297.9,19.6
25.725,92.398,320.9,1,1,2017-02-09,07:05,A,73,5.0       ,300.8,18.5
26.028,94.448,310.5,1.1,1,2017-02-09,07:05,A,40,5.0       ,296.7,11.4
26.025,94.378,310.1,1.1,1,2017-02-09,07:05,A,30,5.0       ,294.5,11.2
26.024,94.367,314.6,1.1,1,2017-02-09,07:05,A,62,5.0       ,295.6,15.9
26.071,92.763,315.9,1,1,2017-02-09,07:05,A,65,5.0       ,299.7,10.7
26.165,92.067,317.4,1,1,2017-02-09,07:05,A,68,5.0       ,299.4,15.1
26.17,91.305,324.3,1,1,2017-02-09,07:05,A,64,5.0       ,301.6,19.2
27.038,95.242,310.1,1.2,1.1,2017-02-09,07:05,A,30,5.0       ,294.1,11.4
27.186,95.613,326,1.2,1.1,2017-02-09,07:05,A,47,5.0       ,288.3,36.1
27.444,96.168,312.4,1.3,1.1,2017-02-09,07:05,A,51,5.0       ,293.8,16.4
26.776,91.103,310.2,1,1,2017-02-09,07:05,A,31,5.0       ,297.1,8.1
26.751,90.819,323.9,1.1,1,2017-02-09,07:05,A,77,5.0       ,297.5,21.1
27.485,96.163,314.2,1.3,1.1,2017-02-09,07:05,A,45,5.0       ,299.2,12
27.286,94.458,314.7,1.1,1,2017-02-09,07:05,A,62,5.0       ,300.8,8.9
27.194,93.76,338.8,1,1,2017-02-09,07:05,A,89,5.0       ,294.3,50.3
27.193,93.75,330.8,1,1,2017-02-09,07:05,A,83,5.0       ,295.3,37
27.356,94.024,321.2,1.1,1,2017-02-09,07:05,A,74,5.0       ,296.7,21.8
28.116,95.398,315.1,1.2,1.1,2017-02-09,07:05,A,55,5.0       ,297,15
28.126,95.396,328.3,1.2,1.1,2017-02-09,07:05,A,81,5.0       ,297,37.5
28.125,95.384,318.8,1.2,1.1,2017-02-09,07:05,A,69,5.0       ,296.7,20
28.327,94.8,321.3,1.2,1.1,2017-02-09,07:05,A,74,5.0       ,292.6,29.6
27.658,90.013,314,1.1,1,2017-02-09,07:05,A,60,5.0       ,286.8,23.7
27.694,90.054,315.2,1.1,1,2017-02-09,07:05,A,53,5.0       ,284.9,23.1
29.928,96.499,310.2,1.5,1.2,2017-02-09,07:05,A,28,5.0       ,292.2,22.8
23.176,93.698,318.9,2.5,1.5,2017-02-09,03:55,T,70,5.0       ,297.6,70.8
23.167,93.715,312.6,2.5,1.5,2017-02-09,03:55,T,46,5.0       ,296.9,39.2
22.362,96.604,327.9,1.5,1.2,2017-02-09,03:55,T,81,5.0       ,302.5,45.3
22.043,97.454,312.7,1.3,1.1,2017-02-09,03:55,T,35,5.0       ,300.5,10
21.358,102.206,324.7,1,1,2017-02-09,03:55,T,78,5.0       ,293.2,27.3
22.185,94.036,312.7,2.3,1.5,2017-02-09,03:55,T,55,5.0       ,298.3,34
20.338,100.023,310.4,1,1,2017-02-09,03:55,T,36,5.0       ,299.6,7.8
20.717,96.904,315.1,1.4,1.2,2017-02-09,03:55,T,63,5.0       ,301,14.3
20.715,96.917,337.9,1.4,1.2,2017-02-09,03:55,T,88,5.0       ,302.7,65.4
20.081,100.338,316.8,1,1,2017-02-09,03:55,T,64,5.0       ,303,9.7
19.972,100.266,313.8,1,1,2017-02-09,03:55,T,40,5.0       ,301,8.8
19.763,98.949,320.8,1.1,1,2017-02-09,03:55,T,62,5.0       ,303.5,16.6
19.007,103.039,336,1.2,1.1,2017-02-09,03:55,T,87,5.0       ,293.5,59
19.006,103.049,313.1,1.2,1.1,2017-02-09,03:55,T,54,5.0       ,288.8,20.2
13.293,120.851,310.5,1,1,2017-02-09,05:25,A,25,5.0       ,286.2,10.4
17.805,120.823,316.1,1.1,1,2017-02-09,05:25,A,61,5.0       ,299.2,12
18.231,120.649,318.4,1.1,1,2017-02-09,05:25,A,66,5.0       ,304.3,13.2
22.982,116.49,314.9,1.1,1,2017-02-09,05:25,A,62,5.0       ,296.5,14.6
22.973,116.248,310.5,1.1,1,2017-02-09,05:25,A,39,5.0       ,296.3,10.8
23.749,116.134,310.4,1.1,1,2017-02-09,05:25,A,38,5.0       ,290.6,15.1
23.747,116.124,310.9,1.1,1,2017-02-09,05:25,A,44,5.0       ,290.4,16.1
-2.926,121.21,313.8,1.2,1.1,2017-02-09,05:20,A,39,5.0       ,288.6,12
0.318,120.191,312.6,1.2,1.1,2017-02-09,05:20,A,30,5.0       ,290.7,13.1
0.907,122.674,315.2,1,1,2017-02-09,05:20,A,0,5.0       ,292.3,10.7
17.795,104.6,315.7,1.5,1.2,2017-02-09,04:00,T,64,5.0       ,300.2,22.4
17.793,104.614,313.6,1.5,1.2,2017-02-09,04:00,T,59,5.0       ,299.7,18.4
18.11,102.421,320,1.1,1.1,2017-02-09,04:00,T,71,5.0       ,297.3,20.7
18.101,102.419,324.4,1.1,1.1,2017-02-09,04:00,T,77,5.0       ,298,27.4
13.046,107.293,326.5,3,1.7,2017-02-09,04:00,T,80,5.0       ,299,106.6
13.042,107.321,317.8,3,1.7,2017-02-09,04:00,T,46,5.0       ,299.2,55.9
13.429,105.035,323.4,2,1.4,2017-02-09,04:00,T,76,5.0       ,300.4,43.7
14.051,101.169,334.6,1.1,1,2017-02-09,04:00,T,86,5.0       ,307.2,33.9
14.05,101.179,328.2,1.1,1,2017-02-09,04:00,T,75,5.0       ,309,22.8
13.484,104.498,317.4,1.8,1.3,2017-02-09,04:00,T,55,5.0       ,298.5,28.2
13.017,107.122,314.3,2.9,1.6,2017-02-09,04:00,T,61,5.0       ,298.3,34.7
13.878,101.995,318.2,1.2,1.1,2017-02-09,04:00,T,69,5.0       ,303.4,11.7
13.12,106.279,313.6,2.5,1.5,2017-02-09,04:00,T,53,5.0       ,298.9,29.8
13.064,106.434,322.2,2.6,1.5,2017-02-09,04:00,T,75,5.0       ,301.5,51.7
13.69,102.662,323.3,1.3,1.1,2017-02-09,04:00,T,76,5.0       ,305.6,12.4
2.423,98.116,314.1,1,1,2017-02-09,07:00,A,60,5.0       ,294.2,9.8
2.422,98.107,310,1,1,2017-02-09,07:00,A,14,5.0       ,293,6
2.906,101.292,317,1.3,1.1,2017-02-09,07:00,A,0,5.0       ,299.3,15.3
3.002,97.981,328.3,1,1,2017-02-09,07:00,A,81,5.0       ,293.9,28.6
2.947,97.47,321.5,1,1,2017-02-09,07:00,A,74,5.0       ,303.4,14.7
4.02,98.285,316.9,1,1,2017-02-09,07:00,A,34,5.0       ,301.5,9.9
4.022,97.205,313.5,1,1,2017-02-09,07:00,A,26,5.0       ,300.8,7
4.031,97.203,321.3,1,1,2017-02-09,07:00,A,74,5.0       ,300.9,16.2
4,96.346,314.4,1,1,2017-02-09,07:00,A,43,5.0       ,299.7,6.5
4.772,95.763,326.7,1.1,1,2017-02-09,07:00,A,80,5.0       ,301.1,26.5
4.77,95.753,323,1.1,1,2017-02-09,07:00,A,76,5.0       ,300,21.1
10.875,104.124,317.1,2.9,1.6,2017-02-09,07:00,A,51,5.0       ,295.8,59.2
11.607,103.895,325,2.9,1.6,2017-02-09,07:00,A,78,5.0       ,297.6,91.8
11.138,98.832,349.6,1.2,1.1,2017-02-09,07:00,A,83,5.0       ,297.4,83.9
12.252,106.563,328.8,4.7,2,2017-02-09,07:00,A,82,5.0       ,300.5,183.2
12.247,106.521,325.9,4.7,2,2017-02-09,07:00,A,79,5.0       ,299.4,144.7
12.235,106.557,319.2,4.7,2,2017-02-09,07:00,A,62,5.0       ,299.7,73.8
12.253,106.555,331.5,4.7,2,2017-02-09,07:00,A,84,5.0       ,300.4,221.7
12.248,106.512,319.3,4.7,2,2017-02-09,07:00,A,66,5.0       ,299.2,71.6
12.365,106.283,318.6,4.5,2,2017-02-09,07:00,A,70,5.0       ,300.7,71.8
12.553,105.84,315.7,4.2,1.9,2017-02-09,07:00,A,64,5.0       ,301.1,53.3
12.627,106.192,320.7,4.5,1.9,2017-02-09,07:00,A,44,5.0       ,300.5,77.1
12.626,106.188,321.4,4.5,1.9,2017-02-09,07:00,A,67,5.0       ,300.6,86.7
12.884,106.222,318.1,4.5,2,2017-02-09,07:00,A,55,5.0       ,301.8,65.8
13.076,106.196,315.3,4.5,2,2017-02-09,07:00,A,60,5.0       ,300.7,63.6
13.078,106.189,314.7,4.5,2,2017-02-09,07:00,A,58,5.0       ,300.8,60.8
12.991,104.475,320.9,3.3,1.7,2017-02-09,07:00,A,60,5.0       ,300.1,75.3
12.985,104.47,320.2,3.3,1.7,2017-02-09,07:00,A,53,5.0       ,299.7,72.2
13.425,106.435,321.1,4.8,2,2017-02-09,07:05,A,74,5.0       ,301.6,121.7
13.47,106.342,318.2,4.7,2,2017-02-09,07:05,A,69,5.0       ,301.3,96.1
13.425,106.428,320.9,4.8,2,2017-02-09,07:05,A,63,5.0       ,301.6,111.3
13.47,106.335,316.6,4.7,2,2017-02-09,07:05,A,64,5.0       ,301.3,77.7
13.333,104.441,317.3,3.4,1.7,2017-02-09,07:05,A,59,5.0       ,300.5,52.7
13.418,105.3,316.9,3.9,1.8,2017-02-09,07:05,A,67,5.0       ,302.5,61.2
13.638,106.4,316.1,4.8,2,2017-02-09,07:05,A,25,5.0       ,301.5,65.6
13.624,106.27,317.2,4.7,2,2017-02-09,07:05,A,63,5.0       ,301.5,86.1
13.588,105.937,317.5,4.4,1.9,2017-02-09,07:05,A,68,5.0       ,303.1,86.1
13.646,106.311,337.5,4.7,2,2017-02-09,07:05,A,88,5.0       ,302.6,341.7
14.048,104.797,325.3,3.7,1.8,2017-02-09,07:05,A,78,5.0       ,301.7,105.8
14.044,104.763,320.4,3.6,1.8,2017-02-09,07:05,A,64,5.0       ,299.7,68.2
14.064,104.795,325.6,3.7,1.8,2017-02-09,07:05,A,79,5.0       ,302.2,107.8
13.717,101.541,333,2,1.4,2017-02-09,07:05,A,85,5.0       ,304.8,70.4
13.718,101.536,324.6,2,1.4,2017-02-09,07:05,A,78,5.0       ,304.7,35.8
14.178,104.577,324.3,3.5,1.8,2017-02-09,07:05,A,47,5.0       ,301.5,75.7
14.172,104.569,327.5,3.5,1.8,2017-02-09,07:05,A,79,5.0       ,301.5,105
14.334,105.636,315,4.3,1.9,2017-02-09,07:05,A,45,5.0       ,299.4,68.9
14.164,101.226,323.6,1.9,1.4,2017-02-09,07:05,A,60,5.0       ,303.6,29.8
14.124,99.521,338.3,1.5,1.2,2017-02-09,07:05,A,89,5.0       ,307.4,54.7
14.13,99.527,328.1,1.5,1.2,2017-02-09,07:05,A,81,5.0       ,306.7,26.4
14.128,99.514,328.6,1.5,1.2,2017-02-09,07:05,A,82,5.0       ,307.4,26.6
14.108,99.355,323.4,1.4,1.2,2017-02-09,07:05,A,76,5.0       ,306.1,16.8
14.754,101.487,322,2.1,1.4,2017-02-09,07:05,A,70,5.0       ,304.2,29.9
15.14,102.664,323.3,2.6,1.5,2017-02-09,07:05,A,76,5.0       ,304.1,43.8
15.137,102.64,320.8,2.6,1.5,2017-02-09,07:05,A,70,5.0       ,304.2,28.3
15.144,102.659,328.2,2.6,1.5,2017-02-09,07:05,A,81,5.0       ,304.4,70.8
15.455,103.591,319.2,3.1,1.7,2017-02-09,07:05,A,71,5.0       ,301.4,37.4
15.667,103.981,321.1,3.3,1.7,2017-02-09,07:05,A,50,5.0       ,299.5,56.7
15.664,104.008,321.9,3.4,1.7,2017-02-09,07:05,A,75,5.0       ,300.1,70.3
15.661,103.977,319.4,3.3,1.7,2017-02-09,07:05,A,71,5.0       ,299.9,53.1
15.193,99.727,320.1,1.6,1.2,2017-02-09,07:05,A,72,5.0       ,303,12.4
15.353,100.582,319,1.8,1.3,2017-02-09,07:05,A,50,5.0       ,303.8,14.9
15.535,100.743,323.3,1.9,1.3,2017-02-09,07:05,A,63,5.0       ,305.7,29.3
15.588,101.15,322.7,2,1.4,2017-02-09,07:05,A,76,5.0       ,305.1,21.7
15.86,101.836,324.5,2.3,1.5,2017-02-09,07:05,A,78,5.0       ,302.1,43.7
17.243,102.647,313.6,1.2,1.1,2017-02-09,04:00,T,43,5.0       ,298.7,10.1
17.064,103.614,317.1,1.4,1.2,2017-02-09,04:00,T,46,5.0       ,300.4,18.1
17.318,101.896,314.5,1.1,1,2017-02-09,04:00,T,61,5.0       ,300.8,8.4
17.538,100.201,318.5,1,1,2017-02-09,04:00,T,70,5.0       ,305.2,6.9
17.024,103.487,329.3,1.3,1.1,2017-02-09,04:00,T,82,5.0       ,302.3,35.6
13.629,106.305,318.7,4.7,2,2017-02-09,07:05,A,64,5.0       ,302.7,95.5
13.625,106.262,314.1,4.7,2,2017-02-09,07:05,A,44,5.0       ,301.1,58.4
13.499,105.034,320.7,3.8,1.8,2017-02-09,07:05,A,60,5.0       ,303.1,58.7
13.647,106.303,339,4.7,2,2017-02-09,07:05,A,89,5.0       ,302.3,365.5
13.625,106.091,314,4.5,2,2017-02-09,07:05,A,60,5.0       ,300,63.9
13.57,105.239,321.9,3.9,1.8,2017-02-09,07:05,A,64,5.0       ,304.8,68.4
13.669,105.524,312.7,4.1,1.9,2017-02-09,07:05,A,54,5.0       ,300.4,52.4
13.787,106.284,312.7,4.7,2,2017-02-09,07:05,A,52,5.0       ,299.6,63.6
13.783,106.241,318.1,4.7,2,2017-02-09,07:05,A,69,5.0       ,301,116.1
13.43,102.824,326.2,2.5,1.5,2017-02-09,07:05,A,63,5.0       ,305,44.7
13.427,102.801,328.2,2.5,1.5,2017-02-09,07:05,A,81,5.0       ,304.4,55
13.788,106.276,315.4,4.7,2,2017-02-09,07:05,A,64,5.0       ,299.7,91
13.783,106.232,316.2,4.7,2,2017-02-09,07:05,A,65,5.0       ,301.1,95
13.437,102.816,327.9,2.5,1.5,2017-02-09,07:05,A,81,5.0       ,301.8,55.1
13.676,104.696,317.8,3.6,1.8,2017-02-09,07:05,A,26,5.0       ,300.7,42
13.672,104.663,322.9,3.5,1.8,2017-02-09,07:05,A,73,5.0       ,301.3,87.5
13.633,104.166,322.7,3.2,1.7,2017-02-09,07:05,A,76,5.0       ,299.4,92.8
12.956,98.626,318.7,1.2,1.1,2017-02-09,07:05,A,44,5.0       ,301.5,12.9
13.798,104.443,320.7,3.4,1.7,2017-02-09,07:05,A,58,5.0       ,302.9,55.3
13.964,105.391,317.4,4.1,1.9,2017-02-09,07:05,A,60,5.0       ,301.7,63.3
13.864,104.468,318.5,3.4,1.7,2017-02-09,07:05,A,41,5.0       ,302.2,43.8
13.981,105.389,317.6,4.1,1.9,2017-02-09,07:05,A,57,5.0       ,301,65.2
13.857,104.463,321.3,3.4,1.7,2017-02-09,07:05,A,63,5.0       ,302.1,61.8
13.968,105.386,317.8,4.1,1.9,2017-02-09,07:05,A,63,5.0       ,301.6,66.8
13.984,105.384,317,4.1,1.9,2017-02-09,07:05,A,56,5.0       ,300.7,61.4
13.958,104.516,321.6,3.5,1.8,2017-02-09,07:05,A,74,5.0       ,300.4,85.1
13.963,104.42,319.6,3.4,1.7,2017-02-09,07:05,A,36,5.0       ,302.6,52.7
14.11,105.602,314.9,4.2,1.9,2017-02-09,07:05,A,35,5.0       ,299.3,54.1
13.953,104.509,319.3,3.5,1.8,2017-02-09,07:05,A,49,5.0       ,300.9,64.8
13.959,104.412,324.5,3.4,1.7,2017-02-09,07:05,A,74,5.0       ,302.4,88.6
14.101,105.634,314.6,4.3,1.9,2017-02-09,07:05,A,22,5.0       ,299.3,47.9
17.022,103.5,320.7,1.3,1.1,2017-02-09,04:00,T,59,5.0       ,302.3,18.9
16.946,103.64,319,1.4,1.2,2017-02-09,04:00,T,70,5.0       ,301.4,13.6
16.939,103.633,316.2,1.4,1.2,2017-02-09,04:00,T,53,5.0       ,300.7,8.8
16.739,104.441,323.7,1.6,1.2,2017-02-09,04:00,T,77,5.0       ,296.5,39.3
17.104,102.182,338.6,1.1,1.1,2017-02-09,04:00,T,89,5.0       ,301.9,46.7
16.859,102.739,321.4,1.2,1.1,2017-02-09,04:00,T,74,5.0       ,301.9,15.1
16.575,103.775,324.7,1.4,1.2,2017-02-09,04:00,T,78,5.0       ,301,27.6
17.109,100.299,320,1,1,2017-02-09,04:00,T,68,5.0       ,306.9,10.6
16.682,102.813,317.2,1.2,1.1,2017-02-09,04:00,T,67,5.0       ,299.5,12.5
17.025,100.431,317.1,1,1,2017-02-09,04:00,T,66,5.0       ,304.2,10.5
16.525,102.275,316.2,1.2,1.1,2017-02-09,04:00,T,65,5.0       ,300.7,8.4
16.681,99.701,318.8,1,1,2017-02-09,04:00,T,64,5.0       ,303.8,10.9
15.585,106.342,315,2.3,1.5,2017-02-09,04:00,T,43,5.0       ,299.9,29.7
15.831,104.756,316.2,1.7,1.3,2017-02-09,04:00,T,65,5.0       ,299.5,19.3
15.556,106.287,321.1,2.3,1.5,2017-02-09,04:00,T,66,5.0       ,302.5,46.7
16.423,100.503,319,1,1,2017-02-09,04:00,T,59,5.0       ,305.8,7.6
16.119,102.11,317.1,1.2,1.1,2017-02-09,04:00,T,67,5.0       ,299.5,12.6
16.117,102.121,314.4,1.2,1.1,2017-02-09,04:00,T,52,5.0       ,300.5,8
15.506,105.538,313.4,2,1.4,2017-02-09,04:00,T,58,5.0       ,299.4,15.5
14.955,100.087,312.4,1,1,2017-02-09,04:00,T,54,5.0       ,300.2,7.5
14.392,103.504,320.7,1.5,1.2,2017-02-09,04:00,T,73,5.0       ,299.4,30.8
14.204,104.607,319.5,1.8,1.3,2017-02-09,04:00,T,47,5.0       ,302.2,19.9
14.181,104.738,318.4,1.8,1.3,2017-02-09,04:00,T,70,5.0       ,301.7,20.5
14.192,104.605,327.6,1.8,1.3,2017-02-09,04:00,T,81,5.0       ,302.6,43
14.386,103.51,321.3,1.5,1.2,2017-02-09,04:00,T,47,5.0       ,299.8,26.5
14.197,104.599,338.4,1.8,1.3,2017-02-09,04:00,T,89,5.0       ,302.9,83.7
14.246,104.159,324,1.6,1.3,2017-02-09,04:00,T,77,5.0       ,303.3,28.8
14.244,104.174,320.2,1.7,1.3,2017-02-09,04:00,T,72,5.0       ,303.9,18.5
14.331,103.446,322.5,1.5,1.2,2017-02-09,04:00,T,75,5.0       ,303.3,22.4
14.686,101.06,318.5,1.1,1,2017-02-09,04:00,T,51,5.0       ,305.2,10.2
14.678,101.063,321.4,1.1,1,2017-02-09,04:00,T,74,5.0       ,306.4,13.3
14.678,100.942,329.2,1.1,1,2017-02-09,04:00,T,82,5.0       ,306.5,22.4
14.025,104.784,313.9,1.9,1.3,2017-02-09,04:00,T,27,5.0       ,298.9,15
14.022,104.8,317.7,1.9,1.3,2017-02-09,04:00,T,58,5.0       ,300.4,25.4
13.892,105.557,318.9,2.1,1.4,2017-02-09,04:00,T,67,5.0       ,301.5,35.9
13.888,105.577,316.2,2.1,1.4,2017-02-09,04:00,T,47,5.0       ,300.5,27.4
14.007,104.815,315.6,1.9,1.3,2017-02-09,04:00,T,24,5.0       ,300.4,18.6
14.004,104.832,314.6,1.9,1.3,2017-02-09,04:00,T,29,5.0       ,300,15.5
14.167,103.809,333.9,1.6,1.2,2017-02-09,04:00,T,86,5.0       ,299.9,63.3
14.164,103.823,326.4,1.6,1.2,2017-02-09,04:00,T,79,5.0       ,299,42.2
13.874,105.436,316.8,2.1,1.4,2017-02-09,04:00,T,50,5.0       ,302.4,23.5
13.885,105.303,319.4,2,1.4,2017-02-09,04:00,T,45,5.0       ,301.8,32.7
13.862,105.433,316.5,2.1,1.4,2017-02-09,04:00,T,55,5.0       ,302,21.2
14.753,99.96,320.5,1,1,2017-02-09,04:00,T,56,5.0       ,305.6,7.6
13.873,105.429,316.3,2.1,1.4,2017-02-09,04:00,T,62,5.0       ,302.1,21.6
13.87,105.448,316.5,2.1,1.4,2017-02-09,04:00,T,66,5.0       ,302.1,20.2
13.883,105.296,322.1,2,1.4,2017-02-09,04:00,T,69,5.0       ,301.4,45.2
13.525,107.274,317.2,2.9,1.6,2017-02-09,04:00,T,20,5.0       ,301.4,35.2
13.52,107.301,320.7,3,1.6,2017-02-09,04:00,T,63,5.0       ,301.4,57
14.02,104.2,336.1,1.7,1.3,2017-02-09,04:00,T,87,5.0       ,301.4,78.5
13.939,104.676,316.3,1.8,1.3,2017-02-09,04:00,T,66,5.0       ,299.5,23.6
13.642,106.295,321.1,2.5,1.5,2017-02-09,04:00,T,71,5.0       ,301,54.2
13.629,106.293,323.9,2.5,1.5,2017-02-09,04:00,T,77,5.0       ,300.9,67.8
13.448,107.205,329.1,2.9,1.6,2017-02-09,04:00,T,82,5.0       ,301.2,102.9
13.634,106.288,328.5,2.5,1.5,2017-02-09,04:00,T,81,5.0       ,301.2,91.6
13.631,106.311,319.5,2.5,1.5,2017-02-09,04:00,T,56,5.0       ,301.4,46.7
14.019,103.859,318.6,1.6,1.2,2017-02-09,04:00,T,70,5.0       ,300.4,18.1
13.921,104.45,323.6,1.8,1.3,2017-02-09,04:00,T,77,5.0       ,300.5,35.2
13.918,104.465,325.3,1.8,1.3,2017-02-09,04:00,T,78,5.0       ,300.2,42.4
13.696,105.774,316.8,2.2,1.4,2017-02-09,04:00,T,62,5.0       ,300.8,33
13.446,107.2,324.9,2.9,1.6,2017-02-09,04:00,T,78,5.0       ,300.8,81.4
13.383,107.466,321.3,3.1,1.7,2017-02-09,04:00,T,73,5.0       ,302.3,61.8
13.573,106.323,338.7,2.5,1.5,2017-02-09,04:00,T,89,5.0       ,302,152.3
13.569,106.345,363.5,2.5,1.5,2017-02-09,04:00,T,100,5.0       ,303.5,369.4
13.559,106.321,314.8,2.5,1.5,2017-02-09,04:00,T,48,5.0       ,300.9,25.3
13.555,106.343,328.7,2.5,1.5,2017-02-09,04:00,T,82,5.0       ,300.4,92
13.431,107.037,318.4,2.8,1.6,2017-02-09,04:00,T,62,5.0       ,301.6,39.3
13.328,107.6,316.4,3.1,1.7,2017-02-09,04:00,T,36,5.0       ,301,33.6
13.388,107.108,326.7,2.9,1.6,2017-02-09,04:00,T,80,5.0       ,301.1,89.1
13.585,105.946,318.8,2.3,1.5,2017-02-09,04:00,T,58,5.0       ,302.5,39.4
13.411,106.903,332.2,2.8,1.6,2017-02-09,04:00,T,85,5.0       ,300.2,126
13.31,107.453,318,3.1,1.7,2017-02-09,04:00,T,66,5.0       ,301.3,38.4
13.428,107.029,320.2,2.8,1.6,2017-02-09,04:00,T,58,5.0       ,301.5,45
13.33,107.594,318.1,3.1,1.7,2017-02-09,04:00,T,27,5.0       ,300.9,43
13.274,107.822,318.9,3.3,1.7,2017-02-09,04:00,T,66,5.0       ,302,51.1
13.589,105.94,318.4,2.3,1.5,2017-02-09,04:00,T,69,5.0       ,302.5,41.4
13.386,107.101,323.4,2.9,1.6,2017-02-09,04:00,T,76,5.0       ,300.9,70.7
13.408,106.895,320.3,2.8,1.6,2017-02-09,04:00,T,64,5.0       ,299.8,55.1
13.49,106.348,319.6,2.5,1.5,2017-02-09,04:00,T,71,5.0       ,302.2,51.9
13.486,106.37,318.7,2.5,1.5,2017-02-09,04:00,T,70,5.0       ,300.3,48
13.784,104.502,319.6,1.8,1.3,2017-02-09,04:00,T,71,5.0       ,300.8,24.5
13.792,104.387,329,1.7,1.3,2017-02-09,04:00,T,82,5.0       ,302.1,52.6
13.434,106.431,317.3,2.5,1.5,2017-02-09,04:00,T,34,5.0       ,300.7,35.7
13.429,106.454,333.3,2.5,1.5,2017-02-09,04:00,T,85,5.0       ,301,119.7
13.409,106.57,327.8,2.6,1.6,2017-02-09,04:00,T,81,5.0       ,300.2,101.8
13.241,107.49,323.3,3.1,1.7,2017-02-09,04:00,T,76,5.0       ,303.3,68.5
13.416,106.452,316.4,2.5,1.5,2017-02-09,04:00,T,21,5.0       ,300.8,30.4
13.437,106.45,319.9,2.5,1.5,2017-02-09,04:00,T,56,5.0       ,302.5,44.5
14.503,99.715,321.7,1,1,2017-02-09,04:00,T,74,5.0       ,307.7,8.9
13.423,106.447,337,2.5,1.5,2017-02-09,04:00,T,88,5.0       ,300.5,144
13.403,106.564,326.2,2.6,1.6,2017-02-09,04:00,T,79,5.0       ,299.5,89.4
13.242,107.485,322.8,3.1,1.7,2017-02-09,04:00,T,76,5.0       ,303.2,65.1
13.72,104.619,315.7,1.8,1.3,2017-02-09,04:00,T,52,5.0       ,300.3,16.3
13.717,104.636,316.5,1.8,1.3,2017-02-09,04:00,T,61,5.0       ,299.9,18.6
14.317,100.83,315.2,1.1,1,2017-02-09,04:00,T,55,5.0       ,302.4,8.6
13.549,105.333,314.4,2.1,1.4,2017-02-09,04:00,T,61,5.0       ,299.2,23
13.424,105.969,313,2.3,1.5,2017-02-09,04:00,T,0,5.0       ,299.5,20.5
13.091,107.721,319.6,3.2,1.7,2017-02-09,04:00,T,59,5.0       ,300.9,58.7
13.297,106.52,326.2,2.6,1.5,2017-02-09,04:00,T,79,5.0       ,300.4,87.2
14.502,99.165,316.3,1,1,2017-02-09,04:00,T,52,5.0       ,303.2,10.7
13.683,104.291,317.4,1.7,1.3,2017-02-09,04:00,T,64,5.0       ,299.9,20.1
13.68,104.307,315,1.7,1.3,2017-02-09,04:00,T,48,5.0       ,298.9,14.1
13.305,106.514,316.2,2.6,1.5,2017-02-09,04:00,T,59,5.0       ,299.6,38.4
13.301,106.538,319.1,2.6,1.6,2017-02-09,04:00,T,71,5.0       ,300.7,53.4
13.094,107.715,319.9,3.2,1.7,2017-02-09,04:00,T,56,5.0       ,300.5,62.5
13.241,106.8,319.6,2.7,1.6,2017-02-09,04:00,T,67,5.0       ,301.8,49.3
13.499,105.09,322.5,2,1.4,2017-02-09,04:00,T,75,5.0       ,302.5,34.5
13.153,106.965,321.1,2.8,1.6,2017-02-09,04:00,T,61,5.0       ,301.8,57.5
13.435,105.307,313.4,2.1,1.4,2017-02-09,04:00,T,49,5.0       ,300,18.8
13.105,107.144,320.7,2.9,1.6,2017-02-09,04:00,T,73,5.0       ,303.1,47.7
13.061,107.302,321.8,3,1.7,2017-02-09,04:00,T,52,5.0       ,299.9,68.6
13.15,106.96,322.2,2.8,1.6,2017-02-09,04:00,T,68,5.0       ,301.3,63.9
13.104,107.138,319.3,2.9,1.6,2017-02-09,04:00,T,71,5.0       ,303,42.1
13.061,107.296,320,3,1.7,2017-02-09,04:00,T,70,5.0       ,299.7,64.4
13.056,107.323,314.1,3,1.7,2017-02-09,04:00,T,24,5.0       ,299.9,35.4
14.019,101.499,325.6,1.1,1.1,2017-02-09,04:00,T,68,5.0       ,306.8,18.5
14.017,101.509,326.7,1.1,1.1,2017-02-09,04:00,T,73,5.0       ,307.8,20.3
11.053,99.485,316.5,1,1,2017-02-09,04:00,T,57,5.0       ,306,13.2
11.024,99.371,312.4,1,1,2017-02-09,04:00,T,54,5.0       ,298.8,8.9
10.785,99.363,311.9,1,1,2017-02-09,04:00,T,52,5.0       ,300.1,8.2
5.596,100.649,314.5,1.3,1.1,2017-02-09,04:00,T,56,5.0       ,300.2,14.5
5.42,100.39,316.5,1.3,1.1,2017-02-09,04:00,T,0,5.0       ,300.8,18.2
2.647,98.005,316,1,1,2017-02-09,04:00,T,60,5.0       ,300.5,9.9
0.872,101.797,311.5,1.9,1.3,2017-02-09,04:00,T,23,5.0       ,290.6,21.6
0.87,101.814,312.5,1.9,1.3,2017-02-09,04:00,T,34,5.0       ,292.1,23.4
28.011,98.888,348.6,1.3,1.1,2017-02-09,03:55,T,94,5.0       ,293.6,104.6
28.01,98.898,313,1.3,1.1,2017-02-09,03:55,T,30,5.0       ,295.4,22.8
28.001,98.886,327.5,1.3,1.1,2017-02-09,03:55,T,78,5.0       ,293.9,48.8
26.625,101.595,317.2,1,1,2017-02-09,03:55,T,67,5.0       ,286.3,16.9
26.578,101.662,316.8,1,1,2017-02-09,03:55,T,32,5.0       ,293,14.2
26.576,101.672,319.1,1,1,2017-02-09,03:55,T,66,5.0       ,289.6,16.7
24.381,102.119,313.5,1,1,2017-02-09,03:55,T,58,5.0       ,290,16.8
23.423,100.858,333.1,1,1,2017-02-09,03:55,T,85,5.0       ,292,42.2
23.422,100.868,314.1,1,1,2017-02-09,03:55,T,60,5.0       ,290.6,17.3
22.88,100.731,313.2,1,1,2017-02-09,03:55,T,57,5.0       ,290.7,16.6
22.768,99.161,313.7,1.1,1,2017-02-09,03:55,T,59,5.0       ,297.5,17.3
22.638,99.834,312.4,1,1,2017-02-09,03:55,T,54,5.0       ,292.9,15.2
23.074,95.351,317,1.9,1.3,2017-02-09,03:55,T,67,5.0       ,302.5,21.1
22.344,95.717,327.3,1.1,1.1,2017-02-09,07:05,A,80,5.0       ,308.8,17.7
22.144,94.023,326.2,1,1,2017-02-09,07:05,A,79,5.0       ,307.3,20.5
22.861,99.469,313,1.9,1.4,2017-02-09,07:05,A,52,5.0       ,297.5,31.4
22.859,99.451,323.3,1.9,1.4,2017-02-09,07:05,A,76,5.0       ,299.3,61
22.795,98.768,316.4,1.7,1.3,2017-02-09,07:05,A,66,5.0       ,299.5,31.2
22.191,94.034,346.7,1,1,2017-02-09,07:05,A,93,5.0       ,306.7,53.8
22.19,94.025,339.5,1,1,2017-02-09,07:05,A,89,5.0       ,306.4,39.3
22.189,94.015,337,1,1,2017-02-09,07:05,A,88,5.0       ,304.9,36.1
22.793,98.762,315,1.7,1.3,2017-02-09,07:05,A,59,5.0       ,299.6,26.8
22.286,94.052,319.5,1,1,2017-02-09,07:05,A,71,5.0       ,307,10.9
22.518,95.143,323.5,1.1,1,2017-02-09,07:05,A,76,5.0       ,309.3,10.3
22.653,96.094,317.8,1.2,1.1,2017-02-09,07:05,A,39,5.0       ,304,11.5
23.043,99.249,322.2,1.9,1.3,2017-02-09,07:05,A,75,5.0       ,298.3,49.9
23.051,99.258,311.4,1.9,1.3,2017-02-09,07:05,A,46,5.0       ,298.2,22.4
22.412,94.029,313.9,1,1,2017-02-09,07:05,A,56,5.0       ,303.9,6.6
22.411,94.019,315.6,1,1,2017-02-09,07:05,A,59,5.0       ,303.5,9.2
22.737,96.029,316.4,1.2,1.1,2017-02-09,07:05,A,66,5.0       ,304.6,10.7
22.669,95.507,328.9,1.1,1,2017-02-09,07:05,A,82,5.0       ,311,20.9
22.667,95.496,321.5,1.1,1,2017-02-09,07:05,A,67,5.0       ,308.8,9.5
22.73,95.568,333,1.1,1.1,2017-02-09,07:05,A,85,5.0       ,309.9,25.5
22.728,95.557,326.5,1.1,1,2017-02-09,07:05,A,80,5.0       ,310.4,13.8
22.402,92.746,316,1,1,2017-02-09,07:05,A,65,5.0       ,298.3,14.9
22.411,92.744,335.7,1,1,2017-02-09,07:05,A,87,5.0       ,298.2,42.3
22.903,96.049,318,1.2,1.1,2017-02-09,07:05,A,69,5.0       ,304.3,10.6
22.637,93.539,319.4,1,1,2017-02-09,07:05,A,54,5.0       ,304.4,12.1
22.572,92.9,326.2,1,1,2017-02-09,07:05,A,79,5.0       ,298.5,27.1
22.57,92.89,314.7,1,1,2017-02-09,07:05,A,62,5.0       ,298,12.6
23.26,97.959,313.9,1.5,1.2,2017-02-09,07:05,A,39,5.0       ,301.6,15.5
22.713,93.49,317.5,1,1,2017-02-09,07:05,A,58,5.0       ,302.3,14.1
22.747,93.025,329,1,1,2017-02-09,07:05,A,82,5.0       ,301,30
22.745,93.016,313.1,1,1,2017-02-09,07:05,A,57,5.0       ,299.3,10.3
23.457,96.32,313.5,1.2,1.1,2017-02-09,07:05,A,58,5.0       ,301.4,9.1
23.115,93.723,312.1,1,1,2017-02-09,07:05,A,43,5.0       ,300.8,9.5
22.866,91.726,317.7,1.1,1,2017-02-09,07:05,A,68,5.0       ,303.4,12.9
23.487,95.523,320.1,1.1,1.1,2017-02-09,07:05,A,72,5.0       ,305.7,11
23.317,93.786,312.1,1,1,2017-02-09,07:05,A,52,5.0       ,296,12.5
23.315,93.776,346.4,1,1,2017-02-09,07:05,A,93,5.0       ,298.4,63
23.314,93.766,344.3,1,1,2017-02-09,07:05,A,92,5.0       ,299.2,57.4
23.324,93.775,337.5,1,1,2017-02-09,07:05,A,88,5.0       ,294.3,45.9
23.323,93.765,335.9,1,1,2017-02-09,07:05,A,87,5.0       ,294.9,42.7
23.375,93.613,323.7,1,1,2017-02-09,07:05,A,77,5.0       ,308.7,16.6
23.09,89.59,320.3,1.3,1.1,2017-02-09,07:05,A,57,5.0       ,306.9,22.9
23.087,89.585,318.2,1.3,1.1,2017-02-09,07:05,A,45,5.0       ,306.4,18.6
23.619,92.872,311.5,1,1,2017-02-09,07:05,A,49,5.0       ,298.1,10
23.803,93.844,311.7,1,1,2017-02-09,07:05,A,50,5.0       ,298.2,12.5
24.233,96.09,317,1.2,1.1,2017-02-09,07:05,A,52,5.0       ,303.2,10.1
24.349,96.199,311.4,1.2,1.1,2017-02-09,07:05,A,19,5.0       ,299.1,8.8
23.752,91.48,315.6,1.1,1,2017-02-09,07:05,A,64,5.0       ,302.2,11.3
23.899,91.483,320,1.1,1,2017-02-09,07:05,A,72,5.0       ,301.5,17.4
24.333,93.75,316.2,1,1,2017-02-09,07:05,A,65,5.0       ,298.6,12.8
24.355,93.645,312.7,1,1,2017-02-09,07:05,A,47,5.0       ,295.5,10.9
24.081,91.405,312.5,1.1,1,2017-02-09,07:05,A,54,5.0       ,301.3,7.6
24.914,97.031,319,1.4,1.2,2017-02-09,07:05,A,70,5.0       ,300.4,26.9
24.963,97.368,320.3,1.5,1.2,2017-02-09,07:05,A,65,5.0       ,302.1,25.9
24.974,97.367,316.9,1.5,1.2,2017-02-09,07:05,A,41,5.0       ,301,18.2
24.95,97.068,321,1.4,1.2,2017-02-09,07:05,A,73,5.0       ,299.4,29.2
24.948,97.054,332.8,1.4,1.2,2017-02-09,07:05,A,85,5.0       ,298.6,56.5
24.982,97.249,317.7,1.4,1.2,2017-02-09,07:05,A,68,5.0       ,297.4,26.5
24.558,93.643,310.3,1,1,2017-02-09,07:05,A,11,5.0       ,299.9,8.4
24.564,93.621,312.7,1,1,2017-02-09,07:05,A,50,5.0       ,296.2,12.4
25.01,97.067,322.4,1.4,1.2,2017-02-09,07:05,A,75,5.0       ,299.7,33
25.008,97.053,318.8,1.4,1.2,2017-02-09,07:05,A,67,5.0       ,298.3,26
24.673,94.081,317.5,1,1,2017-02-09,07:05,A,68,5.0       ,299.7,11.3
24.712,94.1,331.7,1,1,2017-02-09,07:05,A,84,5.0       ,302.5,33.6
24.902,93.81,311.9,1,1,2017-02-09,07:05,A,40,5.0       ,299.7,8.6
22.318,97.405,319.6,1.4,1.2,2017-02-09,07:05,A,59,5.0       ,306.5,17.5
22.64,99.823,311.6,2,1.4,2017-02-09,07:05,A,50,5.0       ,296.9,27.3
22.337,96.893,331.7,1.3,1.1,2017-02-09,07:05,A,84,5.0       ,305.6,36.3
22.474,97.595,321.8,1.4,1.2,2017-02-09,07:05,A,74,5.0       ,306.2,20.2
22.485,97.594,339.6,1.4,1.2,2017-02-09,07:05,A,90,5.0       ,305.1,64.2
22.483,97.58,329.6,1.4,1.2,2017-02-09,07:05,A,82,5.0       ,304.4,37.1
22.48,97.588,335.2,1.4,1.2,2017-02-09,07:05,A,87,5.0       ,307.3,55.2
22.117,94.69,323.7,1,1,2017-02-09,07:05,A,77,5.0       ,311.6,8.2
22.116,94.68,326.2,1,1,2017-02-09,07:05,A,79,5.0       ,311.5,12.6
22.482,97.33,314.2,1.4,1.2,2017-02-09,07:05,A,47,5.0       ,302.5,11.5
22.877,100.734,310,2.4,1.5,2017-02-09,07:05,A,21,5.0       ,295.5,32.6
22.386,96.383,314.3,1.2,1.1,2017-02-09,07:05,A,61,5.0       ,302.6,12.2
22.363,96.201,316.9,1.2,1.1,2017-02-09,07:05,A,51,5.0       ,304.9,11.2
22.34,95.723,322.2,1.1,1.1,2017-02-09,07:05,A,19,5.0       ,308.4,8.9
16.14,101.755,325.6,1.1,1.1,2017-02-09,04:00,T,60,5.0       ,302.4,25.6
15.512,105.551,315,2,1.4,2017-02-09,04:00,T,63,5.0       ,300.4,20.5
15.67,104.34,317.2,1.6,1.2,2017-02-09,04:00,T,64,5.0       ,300.9,17.7
15.296,106.258,318.7,2.3,1.5,2017-02-09,04:00,T,70,5.0       ,295.5,54.4
16.248,100.443,321.5,1,1,2017-02-09,04:00,T,56,5.0       ,305.3,14.1
15.714,103.724,321.9,1.5,1.2,2017-02-09,04:00,T,75,5.0       ,301.7,22.8
15.669,103.996,318.5,1.5,1.2,2017-02-09,04:00,T,56,5.0       ,300.9,16.7
15.666,104.01,319.8,1.5,1.2,2017-02-09,04:00,T,71,5.0       ,301.2,18.7
15.285,106.25,310,2.3,1.5,2017-02-09,04:00,T,19,5.0       ,296.1,23.7
16.171,100.71,320.1,1,1,2017-02-09,04:00,T,68,5.0       ,300.3,10.3
16.162,100.709,333,1,1,2017-02-09,04:00,T,85,5.0       ,300.9,29
15.634,104.004,318.4,1.5,1.2,2017-02-09,04:00,T,56,5.0       ,301.1,17.5
15.971,101.815,319.4,1.1,1.1,2017-02-09,04:00,T,54,5.0       ,300.7,14.1
15.969,101.826,325.7,1.1,1.1,2017-02-09,04:00,T,77,5.0       ,302.4,23.5
16.145,100.639,319.6,1,1,2017-02-09,04:00,T,71,5.0       ,303,9.5
15.96,101.825,317.6,1.1,1.1,2017-02-09,04:00,T,49,5.0       ,303,10.4
16.231,99.94,327.8,1,1,2017-02-09,04:00,T,81,5.0       ,303.3,22.8
16.229,99.949,315.2,1,1,2017-02-09,04:00,T,43,5.0       ,303,7
15.949,101.732,331.6,1.1,1.1,2017-02-09,04:00,T,84,5.0       ,301,32.9
15.948,101.742,329.9,1.1,1.1,2017-02-09,04:00,T,83,5.0       ,302.4,30
16.106,100.53,321.4,1,1,2017-02-09,04:00,T,65,5.0       ,308.4,9.2
15.86,101.93,321.5,1.1,1.1,2017-02-09,04:00,T,74,5.0       ,301.9,16.2
16.164,99.835,315.7,1,1,2017-02-09,04:00,T,35,5.0       ,304.6,8.6
15.505,103.96,318.4,1.5,1.2,2017-02-09,04:00,T,69,5.0       ,301.6,14.9
16.083,100.31,314.5,1,1,2017-02-09,04:00,T,54,5.0       ,301.7,8.3
15.522,103.83,320.7,1.5,1.2,2017-02-09,04:00,T,73,5.0       ,302,20.1
15.892,101.446,315.9,1.1,1,2017-02-09,04:00,T,57,5.0       ,298.8,13
16.001,100.555,332.5,1,1,2017-02-09,04:00,T,85,5.0       ,308.5,24.9
15.85,101.533,319.7,1.1,1,2017-02-09,04:00,T,67,5.0       ,303.2,11.4
15.848,101.543,321.9,1.1,1,2017-02-09,04:00,T,75,5.0       ,304.5,14
15.548,103.284,327.7,1.4,1.2,2017-02-09,04:00,T,81,5.0       ,304.9,28.5
15.963,100.617,320.2,1,1,2017-02-09,04:00,T,72,5.0       ,304.6,9.4
15.537,103.283,323.8,1.4,1.2,2017-02-09,04:00,T,77,5.0       ,304.5,20.6
15.519,103.331,318.7,1.4,1.2,2017-02-09,04:00,T,70,5.0       ,302.6,12.5
15.458,103.592,319.1,1.4,1.2,2017-02-09,04:00,T,71,5.0       ,302.4,17.1
15.456,103.605,323,1.4,1.2,2017-02-09,04:00,T,76,5.0       ,302.6,25
15.734,101.621,316.5,1.1,1,2017-02-09,04:00,T,66,5.0       ,302.1,8.6
16.453,96.184,324.7,1.3,1.1,2017-02-09,04:00,T,78,5.0       ,306.4,18.4
15.97,99.589,319.6,1,1,2017-02-09,04:00,T,71,5.0       ,306.4,8
15.579,101.741,326.3,1.1,1.1,2017-02-09,04:00,T,79,5.0       ,303.2,22.4
15.577,101.751,317.9,1.1,1.1,2017-02-09,04:00,T,69,5.0       ,303,10.1
15.753,100.487,320.4,1,1,2017-02-09,04:00,T,72,5.0       ,307,8.6
15.689,100.66,322.8,1,1,2017-02-09,04:00,T,76,5.0       ,300.5,10.6
15.667,100.803,325.1,1,1,2017-02-09,04:00,T,78,5.0       ,305.6,16.1
15.565,101.237,319.8,1.1,1,2017-02-09,04:00,T,72,5.0       ,305.6,8.6
15.46,101.726,319,1.1,1.1,2017-02-09,04:00,T,70,5.0       ,301.9,11.9
15.449,101.799,331.6,1.1,1.1,2017-02-09,04:00,T,79,5.0       ,302.9,29.8
15.531,101.212,323.8,1.1,1,2017-02-09,04:00,T,77,5.0       ,305.7,13.5
15.3,102.543,334.5,1.2,1.1,2017-02-09,04:00,T,86,5.0       ,303.2,43.1
15.298,102.555,321,1.2,1.1,2017-02-09,04:00,T,73,5.0       ,301.5,16.8
15.266,102.691,323.3,1.3,1.1,2017-02-09,04:00,T,76,5.0       ,303,21.3
15.416,101.698,319.5,1.1,1.1,2017-02-09,04:00,T,71,5.0       ,302.9,11
15.255,102.564,326.6,1.2,1.1,2017-02-09,04:00,T,80,5.0       ,304.4,26.3
15.528,100.261,320.9,1,1,2017-02-09,04:00,T,66,5.0       ,307.4,10.2
15.527,100.27,321.2,1,1,2017-02-09,04:00,T,73,5.0       ,308.5,11
15.213,102.309,320,1.2,1.1,2017-02-09,04:00,T,72,5.0       ,302.4,14.3
15.408,100.753,326.5,1,1,2017-02-09,04:00,T,80,5.0       ,306.7,16
14.534,105.804,317.6,2.2,1.4,2017-02-09,04:00,T,46,5.0       ,301.1,24
15.395,100.167,326.4,1,1,2017-02-09,04:00,T,79,5.0       ,307.4,14.7
15.133,101.738,319.3,1.1,1.1,2017-02-09,04:00,T,56,5.0       ,304.3,8.7
15.127,101.742,319.6,1.1,1.1,2017-02-09,04:00,T,65,5.0       ,304.4,10
15.168,101.413,316.4,1.1,1,2017-02-09,04:00,T,62,5.0       ,303.1,8.6
15.277,100.642,324.4,1,1,2017-02-09,04:00,T,77,5.0       ,305.3,14.9
15.276,100.651,322,1,1,2017-02-09,04:00,T,75,5.0       ,304.6,12
14.961,102.357,317,1.2,1.1,2017-02-09,04:00,T,59,5.0       ,301.8,8.9
14.038,107.581,310.7,3,1.7,2017-02-09,04:00,T,42,5.0       ,300.6,37.7
14.038,107.573,310.8,3,1.7,2017-02-09,04:00,T,44,5.0       ,300.6,40.5
14.979,101.787,330,1.1,1.1,2017-02-09,04:00,T,83,5.0       ,304,27.5
15.222,99.781,323.7,1,1,2017-02-09,04:00,T,77,5.0       ,304.8,14.9
15.005,100.969,327.7,1.1,1,2017-02-09,04:00,T,81,5.0       ,307.1,17.7
14.874,101.807,318.9,1.2,1.1,2017-02-09,04:00,T,70,5.0       ,303.5,10.5
14.767,101.836,322.3,1.2,1.1,2017-02-09,04:00,T,75,5.0       ,303.7,16.2
14.765,101.847,324.1,1.2,1.1,2017-02-09,04:00,T,77,5.0       ,302.9,18.7
15.858,101.829,321.1,2.3,1.5,2017-02-09,07:05,A,74,5.0       ,302,28.8
15.875,101.511,324.7,2.2,1.4,2017-02-09,07:05,A,60,5.0       ,300.8,50.6
15.928,101.629,321.3,2.2,1.4,2017-02-09,07:05,A,66,5.0       ,303.1,28.6
15.926,101.608,323.1,2.2,1.4,2017-02-09,07:05,A,73,5.0       ,302.3,36.7
15.925,101.624,325.4,2.2,1.4,2017-02-09,07:05,A,79,5.0       ,303,45.9
15.839,100.542,325.9,1.8,1.3,2017-02-09,07:05,A,79,5.0       ,309.1,23.4
16.1,102.459,323.8,2.6,1.5,2017-02-09,07:05,A,77,5.0       ,300.1,57
16.093,102.452,320.5,2.6,1.5,2017-02-09,07:05,A,73,5.0       ,300.3,37.5
15.923,100.473,326.7,1.8,1.3,2017-02-09,07:05,A,80,5.0       ,310.7,22.2
15.963,100.606,324.3,1.9,1.3,2017-02-09,07:05,A,77,5.0       ,306.7,22.4
15.973,100.484,330.7,1.8,1.3,2017-02-09,07:05,A,83,5.0       ,309.1,36.2
15.968,100.496,328.4,1.8,1.3,2017-02-09,07:05,A,81,5.0       ,309.4,27.2
15.966,100.479,326.1,1.8,1.3,2017-02-09,07:05,A,76,5.0       ,308.4,20.4
16.008,100.525,330.9,1.8,1.3,2017-02-09,07:05,A,83,5.0       ,307.7,43
16.185,101.497,321.5,2.2,1.4,2017-02-09,07:05,A,51,5.0       ,302.1,34.3
16.187,101.51,322.5,2.2,1.4,2017-02-09,07:05,A,70,5.0       ,302.9,33.3
16.313,102.293,318,2.5,1.5,2017-02-09,07:05,A,56,5.0       ,299.1,26.4
16.313,101.925,319.9,2.4,1.5,2017-02-09,07:05,A,72,5.0       ,300.4,41.5
16.068,99.594,328.4,1.6,1.2,2017-02-09,07:05,A,81,5.0       ,307.7,28.8
16.258,100.585,327.5,1.9,1.3,2017-02-09,07:05,A,81,5.0       ,308,33.6
16.252,100.579,325.9,1.9,1.3,2017-02-09,07:05,A,73,5.0       ,308.2,25.6
16.378,100.47,334.3,1.8,1.3,2017-02-09,07:05,A,86,5.0       ,310.2,58.8
16.39,100.469,330.6,1.8,1.3,2017-02-09,07:05,A,76,5.0       ,308.1,45.2
16.947,104.599,319.2,3.9,1.8,2017-02-09,07:05,A,71,5.0       ,296,92.2
16.944,104.563,321.5,3.8,1.8,2017-02-09,07:05,A,74,5.0       ,296.7,109
16.952,104.593,322.1,3.9,1.8,2017-02-09,07:05,A,75,5.0       ,296.1,118.2
16.949,104.557,318.4,3.8,1.8,2017-02-09,07:05,A,69,5.0       ,296.5,82.4
15.97,95.397,325.7,1,1,2017-02-09,07:05,A,79,5.0       ,308.6,14.9
16.026,95.464,324.4,1,1,2017-02-09,07:05,A,44,5.0       ,310.2,8.3
16.634,99.648,329.2,1.6,1.3,2017-02-09,07:05,A,82,5.0       ,304.1,52.6
16.632,99.633,329.6,1.6,1.2,2017-02-09,07:05,A,82,5.0       ,303.5,52.5
16.112,95.493,325.4,1,1,2017-02-09,07:05,A,75,5.0       ,310.6,11.7
16.111,95.484,330.1,1,1,2017-02-09,07:05,A,83,5.0       ,311.3,19
16.164,95.801,328.4,1,1,2017-02-09,07:05,A,0,5.0       ,309.5,20.1
16.132,95.509,326.8,1,1,2017-02-09,07:05,A,74,5.0       ,309.3,15.6
16.746,99.626,321.7,1.6,1.3,2017-02-09,07:05,A,74,5.0       ,307.6,16.3
16.621,98.526,327.6,1.4,1.2,2017-02-09,07:05,A,81,5.0       ,311,20.1
16.521,97.753,321.5,1.2,1.1,2017-02-09,07:05,A,35,5.0       ,306.6,12.7
16.754,99.22,318.4,1.5,1.2,2017-02-09,07:05,A,67,5.0       ,304.7,14.3
16.819,99.176,319.9,1.5,1.2,2017-02-09,07:05,A,68,5.0       ,307,15
16.462,96.294,333.6,1.1,1,2017-02-09,07:05,A,78,5.0       ,310.6,22.3
16.461,96.284,328.3,1.1,1,2017-02-09,07:05,A,67,5.0       ,309.7,13.9
16.464,96.234,336.4,1,1,2017-02-09,07:05,A,88,5.0       ,310.2,27.8
16.462,96.225,326,1,1,2017-02-09,07:05,A,79,5.0       ,309.8,10.8
16.457,96.186,326.2,1,1,2017-02-09,07:05,A,75,5.0       ,309.8,10.4
16.456,96.176,336.4,1,1,2017-02-09,07:05,A,88,5.0       ,311.9,27.4
17.025,100.431,323.7,1.9,1.3,2017-02-09,07:05,A,77,5.0       ,302.6,43
16.512,96.109,335.6,1,1,2017-02-09,07:05,A,87,5.0       ,310.7,28.5
17.062,99.598,321,1.6,1.3,2017-02-09,07:05,A,37,5.0       ,305.5,18.3
17.574,103.509,320.3,3.3,1.7,2017-02-09,07:05,A,72,5.0       ,298,62.5
17.57,103.504,323.3,3.3,1.7,2017-02-09,07:05,A,76,5.0       ,298.2,82.2
17.661,103.194,316.4,3.1,1.7,2017-02-09,07:05,A,56,5.0       ,297.2,32
17.661,103.186,316.8,3.1,1.7,2017-02-09,07:05,A,64,5.0       ,297.4,35.8
17.031,97.294,325.6,1.2,1.1,2017-02-09,07:05,A,67,5.0       ,309.5,15.1
17.595,100.056,322.8,1.8,1.3,2017-02-09,07:05,A,76,5.0       ,303.8,33.8
17.422,98.608,319.5,1.4,1.2,2017-02-09,07:05,A,71,5.0       ,308.2,22.9
16.983,94.888,320.2,1,1,2017-02-09,07:05,A,68,5.0       ,304.9,10
17.168,96.01,323.9,1,1,2017-02-09,07:05,A,63,5.0       ,309.8,10.5
17.536,95.022,318.9,1,1,2017-02-09,07:05,A,36,5.0       ,307.8,7.6
17.793,96.069,317.2,1.1,1,2017-02-09,07:05,A,61,5.0       ,305.8,11.7
18.001,95.583,324.4,1,1,2017-02-09,07:05,A,77,5.0       ,310.8,11.1
18.434,98.388,323,1.4,1.2,2017-02-09,07:05,A,41,5.0       ,309.2,16
18.418,98.255,322.6,1.4,1.2,2017-02-09,07:05,A,67,5.0       ,308.9,21.8
18.416,98.242,322.2,1.4,1.2,2017-02-09,07:05,A,59,5.0       ,308.4,22.2
18.417,97.459,322.7,1.2,1.1,2017-02-09,07:05,A,56,5.0       ,306.7,17.5
18.126,95.088,327.8,1,1,2017-02-09,07:05,A,81,5.0       ,313.8,13.7
18.503,97.405,323.2,1.2,1.1,2017-02-09,07:05,A,68,5.0       ,308.6,18.3
18.502,97.393,326.7,1.2,1.1,2017-02-09,07:05,A,80,5.0       ,309.4,24.2
18.528,97.361,322.5,1.2,1.1,2017-02-09,07:05,A,62,5.0       ,310.8,17.2
18.571,97.459,324.6,1.2,1.1,2017-02-09,07:05,A,78,5.0       ,307.4,19.6
18.581,97.458,321.7,1.2,1.1,2017-02-09,07:05,A,63,5.0       ,306.8,13.1
19.153,101.57,315.4,2.4,1.5,2017-02-09,07:05,A,57,5.0       ,299.9,31.4
18.719,97.504,340.5,1.3,1.1,2017-02-09,07:05,A,90,5.0       ,311.8,48.9
18.72,97.51,329.3,1.3,1.1,2017-02-09,07:05,A,75,5.0       ,310.6,26
18.718,97.498,326.8,1.3,1.1,2017-02-09,07:05,A,78,5.0       ,312.4,19.7
18.526,95.793,325.2,1,1,2017-02-09,07:05,A,78,5.0       ,304.7,18.4
18.524,95.783,325.5,1,1,2017-02-09,07:05,A,79,5.0       ,306.2,18.2
18.513,95.497,326.4,1,1,2017-02-09,07:05,A,69,5.0       ,312.1,13.6
18.451,95.048,326.7,1,1,2017-02-09,07:05,A,80,5.0       ,311.6,15.1
18.449,95.039,332.5,1,1,2017-02-09,07:05,A,85,5.0       ,312.9,23
18.782,97.442,327.9,1.2,1.1,2017-02-09,07:05,A,73,5.0       ,314.3,18.5
18.874,98.082,313.6,1.4,1.2,2017-02-09,07:05,A,59,5.0       ,300,16.9
18.783,97.37,324.7,1.2,1.1,2017-02-09,07:05,A,78,5.0       ,313,12.2
18.601,94.935,321.5,1,1,2017-02-09,07:05,A,74,5.0       ,307.9,10.7
18.943,97.347,323.5,1.2,1.1,2017-02-09,07:05,A,62,5.0       ,311.3,14
18.778,95.615,324.7,1,1,2017-02-09,07:05,A,78,5.0       ,312.4,8.8
19.02,97.223,318.9,1.2,1.1,2017-02-09,07:05,A,33,5.0       ,306.8,11.4
19.018,97.211,322.3,1.2,1.1,2017-02-09,07:05,A,67,5.0       ,306.5,18.6
19.039,97.22,327.8,1.2,1.1,2017-02-09,07:05,A,79,5.0       ,307.8,24.2
18.763,95.175,322.2,1,1,2017-02-09,07:05,A,75,5.0       ,310.9,10.6
18.854,95.568,324.3,1,1,2017-02-09,07:05,A,77,5.0       ,310.7,10.3
18.852,95.558,323.1,1,1,2017-02-09,07:05,A,75,5.0       ,310.7,9
18.839,95.06,326.3,1,1,2017-02-09,07:05,A,79,5.0       ,310.6,13.2
19.002,95.499,328.8,1,1,2017-02-09,07:05,A,82,5.0       ,316.2,12.3
19.248,97.254,319.6,1.2,1.1,2017-02-09,07:05,A,62,5.0       ,307.8,13.1
18.996,94.216,321,1,1,2017-02-09,07:05,A,46,5.0       ,308.7,10.6
19.439,97.401,325.9,1.3,1.1,2017-02-09,07:05,A,51,5.0       ,312.9,17.6
19.469,97.648,322.3,1.3,1.1,2017-02-09,07:05,A,51,5.0       ,307.2,18.2
19.742,99.391,324.8,1.7,1.3,2017-02-09,07:05,A,78,5.0       ,300.5,47.3
19.74,99.375,329.4,1.7,1.3,2017-02-09,07:05,A,82,5.0       ,299.9,61.9
19.196,95.116,321.1,1,1,2017-02-09,07:05,A,64,5.0       ,308.5,8.8
19.205,95.114,319.5,1,1,2017-02-09,07:05,A,51,5.0       ,306.6,7.3
20.132,100.411,319.8,2.1,1.4,2017-02-09,07:05,A,59,5.0       ,302.8,39.2
19.782,97.373,335.7,1.3,1.1,2017-02-09,07:05,A,87,5.0       ,309.4,42.6
19.781,97.361,322,1.3,1.1,2017-02-09,07:05,A,51,5.0       ,309.7,16.7
19.496,95.148,322.6,1,1,2017-02-09,07:05,A,56,5.0       ,311.3,10.3
20.101,99.878,311.8,1.9,1.3,2017-02-09,07:05,A,46,5.0       ,301,15.9
19.55,95.085,321,1,1,2017-02-09,07:05,A,73,5.0       ,308,8.1
19.622,95.136,327.8,1,1,2017-02-09,07:05,A,77,5.0       ,313.5,12.7
19.634,95.085,321.4,1,1,2017-02-09,07:05,A,69,5.0       ,309.4,6.9
19.643,95.083,320,1,1,2017-02-09,07:05,A,56,5.0       ,308,5.3
19.655,95.042,322.4,1,1,2017-02-09,07:05,A,75,5.0       ,310.6,7.7
19.654,95.033,326.2,1,1,2017-02-09,07:05,A,79,5.0       ,310.7,12.8
19.701,94.98,325,1,1,2017-02-09,07:05,A,78,5.0       ,312.8,10.6
20.006,97.214,324.2,1.2,1.1,2017-02-09,07:05,A,77,5.0       ,309.2,17.5
19.925,96.285,323.2,1.1,1.1,2017-02-09,07:05,A,32,5.0       ,306.9,16.8
20.082,97.006,343.9,1.2,1.1,2017-02-09,07:05,A,92,5.0       ,311.7,59.7
20.08,96.995,338.7,1.2,1.1,2017-02-09,07:05,A,77,5.0       ,312.4,43.2
20.09,96.993,328.7,1.2,1.1,2017-02-09,07:05,A,62,5.0       ,310.3,25.1
20.188,96.891,328.4,1.2,1.1,2017-02-09,07:05,A,81,5.0       ,308.1,26.6
19.947,94.688,323.1,1,1,2017-02-09,07:05,A,76,5.0       ,310.2,9.3
19.987,94.848,324.9,1,1,2017-02-09,07:05,A,78,5.0       ,311.6,9.9
20.005,94.585,323.5,1,1,2017-02-09,07:05,A,76,5.0       ,309.2,11.7
20.109,94.797,330.9,1,1,2017-02-09,07:05,A,83,5.0       ,315.7,14.5
20.071,94.461,323.5,1,1,2017-02-09,07:05,A,76,5.0       ,310.2,10.6
20.113,94.562,319.7,1,1,2017-02-09,07:05,A,72,5.0       ,308.8,7.5
20.271,95.643,325.2,1.1,1,2017-02-09,07:05,A,72,5.0       ,312.3,11.2
20.391,95.722,327,1.1,1,2017-02-09,07:05,A,80,5.0       ,310.6,15.1
20.088,93.301,321.4,1,1,2017-02-09,07:05,A,53,5.0       ,310.5,10.6
20.388,95.156,325.6,1,1,2017-02-09,07:05,A,79,5.0       ,313.3,9.9
20.163,93.376,313.8,1,1,2017-02-09,07:05,A,55,5.0       ,303.5,6.8
20.365,94.591,328.4,1,1,2017-02-09,07:05,A,75,5.0       ,313,12.7
20.538,95.584,324.3,1.1,1,2017-02-09,07:05,A,77,5.0       ,312.3,8
20.536,95.574,330.6,1.1,1,2017-02-09,07:05,A,83,5.0       ,313.3,17.8
20.599,95.353,330.3,1,1,2017-02-09,07:05,A,83,5.0       ,311.9,17.8
20.598,95.343,324.8,1,1,2017-02-09,07:05,A,68,5.0       ,312.1,9.5
20.694,95.312,321.9,1,1,2017-02-09,07:05,A,20,5.0       ,308.2,8.7
21.02,97.184,317.8,1.3,1.1,2017-02-09,07:05,A,45,5.0       ,304.5,13.7
21.342,99.345,310.6,1.8,1.3,2017-02-09,07:05,A,38,5.0       ,299.4,16.3
21.014,96.413,315.1,1.2,1.1,2017-02-09,07:05,A,51,5.0       ,304.2,9.8
21.113,97.116,318.4,1.3,1.1,2017-02-09,07:05,A,69,5.0       ,307.7,10
21.151,97.173,317.8,1.3,1.1,2017-02-09,07:05,A,59,5.0       ,307,9.9
21.15,97.166,320.5,1.3,1.1,2017-02-09,07:05,A,71,5.0       ,307.9,15.2
21.239,97.141,315.6,1.3,1.1,2017-02-09,07:05,A,64,5.0       ,303.6,11.7
20.689,92.949,332.2,1,1,2017-02-09,07:05,A,85,5.0       ,310,24.8
20.688,92.939,321.9,1,1,2017-02-09,07:05,A,71,5.0       ,311.4,10.4
21.622,99.286,311.9,1.8,1.3,2017-02-09,07:05,A,52,5.0       ,299.4,19.8
21.383,96.356,320.5,1.2,1.1,2017-02-09,07:05,A,68,5.0       ,306,14.2
21.655,98.072,317.6,1.5,1.2,2017-02-09,07:05,A,68,5.0       ,303.2,20.9
21.653,98.057,316.7,1.5,1.2,2017-02-09,07:05,A,66,5.0       ,303.7,18.7
21.485,96.589,323.5,1.2,1.1,2017-02-09,07:05,A,68,5.0       ,306.9,19.5
21.495,96.587,319.8,1.2,1.1,2017-02-09,07:05,A,58,5.0       ,307.2,12.7
21.883,99.637,318.2,1.9,1.4,2017-02-09,07:05,A,52,5.0       ,306.7,27.9
21.424,95.702,326.2,1.1,1,2017-02-09,07:05,A,79,5.0       ,313.1,11.6
21.46,95.066,330.4,1,1,2017-02-09,07:05,A,83,5.0       ,314.2,14.7
21.661,96.527,316.3,1.2,1.1,2017-02-09,07:05,A,49,5.0       ,304.4,11.6
21.781,97.332,314.3,1.3,1.1,2017-02-09,07:05,A,61,5.0       ,302,13.6
21.851,97.64,313.8,1.4,1.2,2017-02-09,07:05,A,56,5.0       ,302.5,14.5
21.885,96.937,316.2,1.3,1.1,2017-02-09,07:05,A,57,5.0       ,303.9,10.6
21.866,96.39,319.4,1.2,1.1,2017-02-09,07:05,A,71,5.0       ,299.5,17.4
21.865,96.378,328.7,1.2,1.1,2017-02-09,07:05,A,82,5.0       ,302.7,31.3
21.873,96.349,321.7,1.2,1.1,2017-02-09,07:05,A,74,5.0       ,303.7,17.4
21.872,96.338,319,1.2,1.1,2017-02-09,07:05,A,71,5.0       ,304.5,12.7
21.951,96.899,320.2,1.3,1.1,2017-02-09,07:05,A,67,5.0       ,304.6,20.7
21.979,96.881,319,1.3,1.1,2017-02-09,07:05,A,63,5.0       ,305.3,14.9
21.977,96.868,321.3,1.3,1.1,2017-02-09,07:05,A,74,5.0       ,304.4,18.6
22.137,98.108,315.7,1.5,1.2,2017-02-09,07:05,A,64,5.0       ,303.4,16.3
22.082,97.471,334.3,1.4,1.2,2017-02-09,07:05,A,86,5.0       ,309.5,38.9
22.098,97.509,325.2,1.4,1.2,2017-02-09,07:05,A,51,5.0       ,308.8,23.4
22.096,97.496,326.4,1.4,1.2,2017-02-09,07:05,A,71,5.0       ,312.1,24
21.953,96.361,313.3,1.2,1.1,2017-02-09,07:05,A,53,5.0       ,303.3,8.6
22.279,97.58,322.9,1.4,1.2,2017-02-09,07:05,A,76,5.0       ,303.5,28.9
22.278,97.484,319.1,1.4,1.2,2017-02-09,07:05,A,71,5.0       ,305.1,17.6
21.804,93.568,322,1,1,2017-02-09,07:05,A,75,5.0       ,298.6,21.5
22.32,97.418,318.8,1.4,1.2,2017-02-09,07:05,A,60,5.0       ,305.5,15.4
2.426,111.65,306.6,1.3,1.1,2017-02-09,14:45,T,47,5.0       ,291.9,15.4
2.424,111.638,383.9,1.3,1.1,2017-02-09,14:45,T,100,5.0       ,296.3,272.8
2.422,111.627,356.5,1.3,1.1,2017-02-09,14:45,T,100,5.0       ,293.4,134.8
2.434,111.637,312.1,1.3,1.1,2017-02-09,14:45,T,77,5.0       ,291.8,21.9
2.432,111.625,312.5,1.3,1.1,2017-02-09,14:45,T,79,5.0       ,291.5,22.4
12.494,107.316,308,1.9,1.3,2017-02-09,14:50,T,58,5.0       ,289.5,30.4
12.666,106.162,305.3,2.3,1.5,2017-02-09,14:50,T,25,5.0       ,290.7,27.5
12.92,106.888,308.2,2,1.4,2017-02-09,14:50,T,60,5.0       ,292.7,27.3
12.917,106.87,306.8,2,1.4,2017-02-09,14:50,T,49,5.0       ,292.6,24.2
13,107.295,308.5,1.8,1.3,2017-02-09,14:50,T,61,5.0       ,287.2,28
13.415,107.282,307.1,1.8,1.3,2017-02-09,14:50,T,27,5.0       ,292.1,19.4
13.397,107.098,318.8,1.9,1.3,2017-02-09,14:50,T,97,5.0       ,291.3,49.9
13.425,107.292,307,1.8,1.3,2017-02-09,14:50,T,34,5.0       ,291.7,19.6
13.391,107.094,317.1,1.9,1.3,2017-02-09,14:50,T,92,5.0       ,291.7,46.3
13.499,107.378,309.9,1.8,1.3,2017-02-09,14:50,T,68,5.0       ,293.1,27.4
13.453,107.1,318,1.8,1.3,2017-02-09,14:50,T,95,5.0       ,291.8,48.6
13.45,107.083,308.7,1.9,1.3,2017-02-09,14:50,T,62,5.0       ,291.4,24.2
13.404,106.484,306.8,2.1,1.4,2017-02-09,14:50,T,49,5.0       ,292.6,28.4
13.423,106.442,319.5,2.1,1.4,2017-02-09,14:50,T,98,5.0       ,292.7,61.2
13.435,106.439,309.8,2.1,1.4,2017-02-09,14:50,T,68,5.0       ,292.6,32.4
13.474,106.349,307.8,2.1,1.4,2017-02-09,14:50,T,57,5.0       ,292.9,29.6
13.486,106.347,309.2,2.1,1.4,2017-02-09,14:50,T,65,5.0       ,292.8,33.3
13.619,106.805,307.9,1.9,1.4,2017-02-09,14:50,T,57,5.0       ,291.9,25.1
13.656,106.426,305.2,2.1,1.4,2017-02-09,14:50,T,21,5.0       ,292.2,22.4
13.634,106.294,311.8,2.1,1.4,2017-02-09,14:50,T,52,5.0       ,292.5,39.4
13.657,106.421,307.1,2.1,1.4,2017-02-09,14:50,T,51,5.0       ,292,28.5
13.635,106.289,309.1,2.1,1.4,2017-02-09,14:50,T,57,5.0       ,292.6,32.6
13.654,106.324,305.4,2.1,1.4,2017-02-09,14:50,T,19,5.0       ,292.7,23.5
13.65,106.305,307.7,2.1,1.4,2017-02-09,14:50,T,53,5.0       ,293,29.5
23.463,115.975,305.1,1.8,1.3,2017-02-09,14:50,T,20,5.0       ,278.4,37.1
11.126,98.818,318.2,4.5,1.9,2017-02-09,16:25,T,95,5.0       ,291.2,201.4
11.144,98.818,322.6,4.5,1.9,2017-02-09,16:25,T,100,5.0       ,291.3,248.8
11.127,98.814,317.7,4.5,1.9,2017-02-09,16:25,T,94,5.0       ,291,193.5
11.149,98.85,308.5,4.5,2,2017-02-09,16:25,T,61,5.0       ,291.3,111.2
11.145,98.813,316.6,4.5,1.9,2017-02-09,16:25,T,91,5.0       ,291.1,184.3
27.221,89.527,306.7,1.5,1.2,2017-02-09,16:30,T,48,5.0       ,278.2,33.8
3.281,113.075,310.1,1.9,1.3,2017-02-09,17:40,A,69,5.0       ,292.3,33.4
2.423,111.639,309.1,2.3,1.5,2017-02-09,17:40,A,65,5.0       ,291.1,44.8
26.582,101.675,305.2,1.2,1.1,2017-02-09,19:15,A,23,5.0       ,285.4,16.2
23.326,93.789,308.5,1.5,1.2,2017-02-09,19:15,A,61,5.0       ,284.4,29.8
22.55,93.517,319.8,1.5,1.2,2017-02-09,19:15,A,99,5.0       ,283.4,56.3
16.726,98.286,311.8,1.1,1,2017-02-09,19:15,A,76,5.0       ,290,18.2
11.15,98.835,311.8,1.3,1.1,2017-02-09,19:20,A,76,5.0       ,293.1,22.2
11.142,98.821,306.6,1.3,1.1,2017-02-09,19:20,A,47,5.0       ,292.7,15.2
11.14,98.833,334.2,1.3,1.1,2017-02-09,19:20,A,100,5.0       ,295,65.2
11.139,98.844,311.4,1.3,1.1,2017-02-09,19:20,A,75,5.0       ,293.5,20.8
11.132,98.819,310.4,1.3,1.1,2017-02-09,19:20,A,70,5.0       ,293.1,19.7
11.13,98.831,343.7,1.3,1.1,2017-02-09,19:20,A,100,5.0       ,295.6,90
11.128,98.843,313.8,1.3,1.1,2017-02-09,19:20,A,83,5.0       ,293.1,24.5