latitude,longitude,brightness,scan,track,acq_date,acq_time,satellite,confidence,version,bright_t31,frp
24.318,103.828,322.1,1.4,1.2,2016-02-14, 04:05,T,59,5.0       ,296.3,34
24.315,103.841,319,1.4,1.2,2016-02-14, 04:05,T,50,5.0       ,293.9,28.4
24.295,103.79,313.2,1.3,1.1,2016-02-14, 04:05,T,55,5.0       ,296,19.6
23.97,104.223,314.7,1.4,1.2,2016-02-14, 04:05,T,62,5.0       ,295.6,23.1
23.967,104.237,314.7,1.5,1.2,2016-02-14, 04:05,T,62,5.0       ,295.3,22.9
23.963,104.229,325.4,1.5,1.2,2016-02-14, 04:05,T,79,5.0       ,296.4,43.1
24.097,103.138,338.2,1.2,1.1,2016-02-14, 04:05,T,89,5.0       ,298,63.8
24.095,103.15,312.3,1.2,1.1,2016-02-14, 04:05,T,54,5.0       ,296.2,15.6
23.893,103.912,314.9,1.4,1.2,2016-02-14, 04:05,T,62,5.0       ,297.9,19.4
24.006,103.127,315,1.2,1.1,2016-02-14, 04:05,T,63,5.0       ,297.9,18.1
24.004,103.139,318.7,1.2,1.1,2016-02-14, 04:05,T,70,5.0       ,298.9,23.1
23.941,103.206,318.6,1.3,1.1,2016-02-14, 04:05,T,70,5.0       ,295.8,24.4
23.909,103.212,321.3,1.3,1.1,2016-02-14, 04:05,T,74,5.0       ,298.3,28.5
23.852,103.548,316.7,1.3,1.1,2016-02-14, 04:05,T,66,5.0       ,294.2,23.2
23.874,103.242,348.1,1.3,1.1,2016-02-14, 04:05,T,94,5.0       ,298.7,85.3
23.872,103.254,324,1.3,1.1,2016-02-14, 04:05,T,54,5.0       ,295.9,27.3
23.86,103.202,336.2,1.3,1.1,2016-02-14, 04:05,T,87,5.0       ,299,55.3
23.858,103.215,357.6,1.3,1.1,2016-02-14, 04:05,T,99,5.0       ,300.6,119.7
23.858,103.209,350.4,1.3,1.1,2016-02-14, 04:05,T,95,5.0       ,301.6,92.9
23.848,103.208,334.5,1.3,1.1,2016-02-14, 04:05,T,86,5.0       ,301.6,50.7
23.844,103.231,335.5,1.3,1.1,2016-02-14, 04:05,T,75,5.0       ,299,49.7
23.807,103.149,311.6,1.3,1.1,2016-02-14, 04:05,T,44,5.0       ,301.1,10.6
23.663,103.922,313,1.4,1.2,2016-02-14, 04:05,T,56,5.0       ,301.7,12.4
23.661,103.222,311.2,1.3,1.1,2016-02-14, 04:05,T,43,5.0       ,300.7,10.1
23.664,103.144,324.6,1.3,1.1,2016-02-14, 04:05,T,78,5.0       ,298.8,32.7
23.65,103.104,313.3,1.3,1.1,2016-02-14, 04:05,T,58,5.0       ,298.8,13.6
23.414,103.878,338.2,1.4,1.2,2016-02-14, 04:05,T,89,5.0       ,294.4,80.4
23.412,103.89,328.6,1.4,1.2,2016-02-14, 04:05,T,82,5.0       ,291.3,56.1
24.249,98.203,310.1,1.1,1,2016-02-14, 04:05,T,30,5.0       ,293,11.5
23.775,100.71,310.4,1,1,2016-02-14, 04:05,T,37,5.0       ,293.2,13.6
21.776,109.213,310.9,3.6,1.8,2016-02-14, 04:05,T,44,5.0       ,291.9,64.2
21.559,109.367,310.1,3.8,1.8,2016-02-14, 04:05,T,27,5.0       ,295.6,40.2
22.915,101.831,312.7,1.1,1.1,2016-02-14, 04:05,T,55,5.0       ,295.7,16.5
22.821,101.962,314.1,1.1,1.1,2016-02-14, 04:05,T,60,5.0       ,297.1,18
22.18,104.892,322.1,1.7,1.3,2016-02-14, 04:05,T,75,5.0       ,298,49.8
22.177,104.909,326.1,1.7,1.3,2016-02-14, 04:05,T,79,5.0       ,297.7,61.4
22.18,104.903,328.5,1.7,1.3,2016-02-14, 04:05,T,81,5.0       ,297.8,67
21.739,106.107,313.8,2.2,1.4,2016-02-14, 04:05,T,59,5.0       ,296.2,38.7
23.004,98.292,312.8,1,1,2016-02-14, 04:05,T,54,5.0       ,298.3,9.8
21.653,105.999,313.5,2.1,1.4,2016-02-14, 04:05,T,58,5.0       ,297,36.9
21.574,105.056,310.3,1.8,1.3,2016-02-14, 04:05,T,36,5.0       ,298.6,19
21.088,106.95,329,2.6,1.5,2016-02-14, 04:05,T,82,5.0       ,296.4,124
21.612,104.056,312.4,1.6,1.2,2016-02-14, 04:05,T,54,5.0       ,292.5,27.3
21.142,106.597,316.9,2.4,1.5,2016-02-14, 04:05,T,67,5.0       ,296.8,55
21.041,107.119,316.7,2.7,1.6,2016-02-14, 04:05,T,63,5.0       ,295.7,67.5
21.134,106.589,311.4,2.4,1.5,2016-02-14, 04:05,T,35,5.0       ,296.2,29.6
21.13,106.611,316,2.4,1.5,2016-02-14, 04:05,T,63,5.0       ,296.4,45.4
21.036,107.111,318.4,2.7,1.6,2016-02-14, 04:05,T,53,5.0       ,295.8,70.3
21.723,102.945,320.2,1.3,1.1,2016-02-14, 04:05,T,72,5.0       ,297,30.3
21.343,105.104,314.6,1.9,1.3,2016-02-14, 04:05,T,62,5.0       ,298.5,31.1
21.636,103.392,320.6,1.4,1.2,2016-02-14, 04:05,T,73,5.0       ,295.2,33.9
21.633,103.408,318.5,1.4,1.2,2016-02-14, 04:05,T,70,5.0       ,297.1,29.9
21.484,104.132,314.1,1.6,1.2,2016-02-14, 04:05,T,60,5.0       ,290.7,28
21.719,102.729,311.3,1.3,1.1,2016-02-14, 04:05,T,48,5.0       ,297.2,13
21.717,102.735,310.8,1.3,1.1,2016-02-14, 04:05,T,43,5.0       ,297.1,13.2
21.48,104.14,313.5,1.6,1.2,2016-02-14, 04:05,T,53,5.0       ,291.8,23.2
21.387,104.218,317.2,1.6,1.2,2016-02-14, 04:05,T,67,5.0       ,292.6,35.7
22.141,98.604,337.1,1,1,2016-02-14, 04:05,T,88,5.0       ,296.5,47.5
22.139,98.613,326.7,1,1,2016-02-14, 04:05,T,80,5.0       ,295.6,31.5
21.079,105.03,318.3,1.9,1.3,2016-02-14, 04:05,T,69,5.0       ,301.7,38.4
21.076,105.047,312.9,1.9,1.3,2016-02-14, 04:05,T,56,5.0       ,301.3,23.5
21.775,100.746,312.6,1,1,2016-02-14, 04:05,T,55,5.0       ,299.6,9.8
21.636,101.045,325.7,1.1,1,2016-02-14, 04:05,T,79,5.0       ,298.4,31.1
21.634,101.056,324.3,1.1,1,2016-02-14, 04:05,T,77,5.0       ,298.7,28.8
22.617,93.541,310.1,1.9,1.4,2016-02-14, 04:05,T,15,5.0       ,297.3,18.7
20.873,105.214,313.8,1.9,1.4,2016-02-14, 04:05,T,59,5.0       ,301,29.9
21.91,97.881,325,1.1,1,2016-02-14, 04:05,T,78,5.0       ,303.5,21.8
21.909,97.891,316.2,1.1,1,2016-02-14, 04:05,T,47,5.0       ,303.7,10.1
21.902,97.884,321.3,1.1,1,2016-02-14, 04:05,T,74,5.0       ,301.9,17
20.989,103.389,360.7,1.4,1.2,2016-02-14, 04:05,T,100,5.0       ,293.5,165.8
20.986,103.403,379.4,1.4,1.2,2016-02-14, 04:05,T,100,5.0       ,295.3,273.2
20.967,103.038,314,1.4,1.2,2016-02-14, 04:05,T,60,5.0       ,295.2,23.9
21.915,96.278,331.6,1.2,1.1,2016-02-14, 04:05,T,84,5.0       ,304.4,40.4
21.905,96.275,314.8,1.2,1.1,2016-02-14, 04:05,T,62,5.0       ,302.2,10.4
20.75,103.633,319.8,1.5,1.2,2016-02-14, 04:05,T,72,5.0       ,294.6,35.7
20.5,103.864,313.4,1.6,1.2,2016-02-14, 04:05,T,55,5.0       ,294.2,26.4
20.489,103.862,315.3,1.6,1.2,2016-02-14, 04:05,T,63,5.0       ,294.1,30.9
21.591,96.428,313.7,1.2,1.1,2016-02-14, 04:05,T,59,5.0       ,299.4,12.3
20.493,103.518,311.9,1.5,1.2,2016-02-14, 04:05,T,51,5.0       ,298.2,19.8
20.426,103.894,312.2,1.6,1.2,2016-02-14, 04:05,T,40,5.0       ,298,19.9
20.541,103.177,316.4,1.4,1.2,2016-02-14, 04:05,T,66,5.0       ,295.3,29.9
1.448,125.182,313.1,1.9,1.4,2016-02-14, 02:30,T,40,5.0       ,294.9,26.9
1.446,125.199,311.9,1.9,1.4,2016-02-14, 02:30,T,30,5.0       ,293,25.1
1.11,124.745,318.4,1.8,1.3,2016-02-14, 02:30,T,54,5.0       ,300.3,41.7
1.043,120.817,313,1,1,2016-02-14, 02:30,T,0,5.0       ,294.2,10.3
1.042,120.827,311.1,1,1,2016-02-14, 02:30,T,42,5.0       ,292.8,9.1
0.379,116.765,321.3,1.2,1.1,2016-02-14, 02:30,T,60,5.0       ,298.8,16
0.29,116.746,316.3,1.2,1.1,2016-02-14, 02:30,T,63,5.0       ,298.4,11.4
-1.71,124.458,311.6,1.9,1.3,2016-02-14, 02:30,T,45,5.0       ,292.6,20.5
-1.809,124.376,327.3,1.9,1.3,2016-02-14, 02:30,T,76,5.0       ,294.9,60.7
-1.814,124.37,317.4,1.9,1.3,2016-02-14, 02:30,T,64,5.0       ,294.2,33.1
-1.816,124.386,316.6,1.9,1.3,2016-02-14, 02:30,T,66,5.0       ,292.7,32
-1.397,120.756,314.5,1.1,1,2016-02-14, 02:30,T,46,5.0       ,298.5,10.3
-1.447,120.967,318.2,1.1,1.1,2016-02-14, 02:30,T,69,5.0       ,288.8,21
-1.961,121.266,313.1,1.2,1.1,2016-02-14, 02:30,T,51,5.0       ,294.9,11.2
-2.582,121.378,365.9,1.2,1.1,2016-02-14, 02:30,T,94,5.0       ,296.2,142.7
-1.91,116.198,318,1.2,1.1,2016-02-14, 02:30,T,44,5.0       ,299.2,11.8
-1.951,115.861,320.9,1.3,1.1,2016-02-14, 02:30,T,73,5.0       ,297.3,18.2
-2.318,114.108,314,1.6,1.3,2016-02-14, 02:30,T,23,5.0       ,295.3,15
-3.565,119.774,315,1,1,2016-02-14, 02:30,T,62,5.0       ,299.4,9.8
-4.546,120.325,320.4,1.1,1.1,2016-02-14, 02:30,T,47,5.0       ,301,12.1
-5.462,122.601,316.3,1.6,1.2,2016-02-14, 02:30,T,0,5.0       ,297.5,23.1
-5.464,122.615,315.2,1.6,1.2,2016-02-14, 02:30,T,0,5.0       ,296.9,20.9
16.753,120.638,313.5,1.1,1.1,2016-02-14, 02:25,T,50,5.0       ,297.7,14.7
15.017,120.632,323.9,1.1,1,2016-02-14, 02:25,T,75,5.0       ,304.8,16.8
14.049,120.634,315.6,1.1,1,2016-02-14, 02:25,T,0,5.0       ,300,8.7
12.839,120.996,319.1,1,1,2016-02-14, 02:25,T,71,5.0       ,296.9,14.8
-8.234,123.643,311.8,2.1,1.4,2016-02-14, 02:35,T,0,5.0       ,295.6,26.2
-8.558,125.568,313.5,3,1.6,2016-02-14, 02:35,T,41,5.0       ,293.3,42.8
-8.539,118.465,314.7,1,1,2016-02-14, 02:35,T,62,5.0       ,297.2,8.8
-8.125,112.931,331.2,1.6,1.2,2016-02-14, 02:35,T,63,5.0       ,296,67
14.633,99.889,322.1,1.1,1.1,2016-02-14, 04:05,T,75,5.0       ,305.6,10.3
13.899,103.834,323.1,2.1,1.4,2016-02-14, 04:05,T,72,5.0       ,303.5,38.8
14.627,99.218,316.5,1.1,1,2016-02-14, 04:05,T,51,5.0       ,301.5,11.6
14.652,98.758,319.1,1,1,2016-02-14, 04:05,T,65,5.0       ,304.2,12.7
13.648,104.738,321.6,2.5,1.5,2016-02-14, 04:05,T,69,5.0       ,302.9,33.3
14.343,100.495,317.9,1.2,1.1,2016-02-14, 04:05,T,69,5.0       ,302.8,12.1
14.397,100.094,321.8,1.2,1.1,2016-02-14, 04:05,T,70,5.0       ,304.5,16.3
21.071,99.184,315.4,1,1,2016-02-14, 04:05,T,64,5.0       ,295.1,16.9
21.344,96.513,314.2,1.2,1.1,2016-02-14, 04:05,T,61,5.0       ,301.8,11.4
19.961,103.571,319.6,1.5,1.2,2016-02-14, 04:05,T,71,5.0       ,296.3,37.9
19.525,105.572,319.1,2.2,1.4,2016-02-14, 04:05,T,71,5.0       ,301.9,45.4
19.512,105.569,314.1,2.2,1.4,2016-02-14, 04:05,T,59,5.0       ,301.7,27.7
20.225,100.448,313.6,1.1,1,2016-02-14, 04:05,T,52,5.0       ,300.8,9.8
20.593,97.898,317.3,1,1,2016-02-14, 04:05,T,68,5.0       ,304.5,10.1
20.592,97.908,318.3,1,1,2016-02-14, 04:05,T,69,5.0       ,304.5,11.8
20.555,97.644,316.7,1.1,1,2016-02-14, 04:05,T,56,5.0       ,300.9,13.2
20.386,98.121,310.8,1,1,2016-02-14, 04:05,T,39,5.0       ,299.6,5.4
20.289,98.73,310.4,1,1,2016-02-14, 04:05,T,31,5.0       ,299.2,7.7
20.288,98.74,312.6,1,1,2016-02-14, 04:05,T,53,5.0       ,296.9,10.1
19.065,105.341,316.5,2.2,1.4,2016-02-14, 04:05,T,66,5.0       ,302.5,36.8
20.161,97.895,320.8,1,1,2016-02-14, 04:05,T,73,5.0       ,301.4,13.8
20.159,97.905,321.6,1,1,2016-02-14, 04:05,T,74,5.0       ,301,15.3
18.903,105.217,313.7,2.1,1.4,2016-02-14, 04:05,T,59,5.0       ,301.5,28.8
19.088,104.063,319.9,1.7,1.3,2016-02-14, 04:05,T,72,5.0       ,301.3,40.2
19.091,104.058,316.5,1.7,1.3,2016-02-14, 04:05,T,58,5.0       ,300.9,30.5
20.06,97.827,312.7,1,1,2016-02-14, 04:05,T,41,5.0       ,300.6,6.1
20.047,97.786,315.9,1,1,2016-02-14, 04:05,T,53,5.0       ,302.1,8.9
18.876,105.003,315.1,2.1,1.4,2016-02-14, 04:05,T,59,5.0       ,299.9,33.8
18.872,105.023,327.7,2.1,1.4,2016-02-14, 04:05,T,81,5.0       ,300.9,77.4
18.86,105.021,315.5,2.1,1.4,2016-02-14, 04:05,T,64,5.0       ,300,36.1
18.792,105.242,311.1,2.1,1.4,2016-02-14, 04:05,T,37,5.0       ,300.3,20.2
19.135,103.06,328.3,1.5,1.2,2016-02-14, 04:05,T,81,5.0       ,295.9,57.8
19.88,98.06,310.7,1,1,2016-02-14, 04:05,T,37,5.0       ,300.2,8.1
21.132,106.962,310.9,3.8,1.8,2016-02-14, 05:35,A,45,5.0       ,295,71.3
21.692,109.661,311.9,2.3,1.5,2016-02-14, 05:35,A,51,5.0       ,295.8,28.7
21.693,109.678,310.8,2.3,1.5,2016-02-14, 05:35,A,43,5.0       ,296.1,25.2
21.688,109.656,311.1,2.3,1.5,2016-02-14, 05:35,A,46,5.0       ,295.8,26.5
21.139,106.956,311.7,3.8,1.8,2016-02-14, 05:35,A,51,5.0       ,294.6,77.4
21.974,110.624,317.9,2,1.4,2016-02-14, 05:35,A,69,5.0       ,295.9,42.1
21.97,110.605,317.6,2,1.4,2016-02-14, 05:35,A,68,5.0       ,296.1,42.2
21.978,110.617,325.7,2,1.4,2016-02-14, 05:35,A,79,5.0       ,296.2,68.1
19.502,99.379,310.1,1,1,2016-02-14, 04:05,T,21,5.0       ,299.7,6.4
20.105,94.877,318,1.4,1.2,2016-02-14, 04:05,T,69,5.0       ,304.1,12.7
18.76,103.026,311.1,1.5,1.2,2016-02-14, 04:05,T,46,5.0       ,297,18.2
19.853,95.683,326.1,1.3,1.1,2016-02-14, 04:05,T,79,5.0       ,307.3,22
19.62,97.418,312.6,1.1,1,2016-02-14, 04:05,T,46,5.0       ,299.1,5.1
18.436,104.569,310.5,1.9,1.4,2016-02-14, 04:05,T,40,5.0       ,299,24.6
19.306,98.399,315.2,1,1,2016-02-14, 04:05,T,37,5.0       ,304.2,7.9
19.224,98.953,313.4,1,1,2016-02-14, 04:05,T,41,5.0       ,302.9,7.3
19.192,98.928,316.4,1,1,2016-02-14, 04:05,T,66,5.0       ,303.9,9.3
19.225,98.255,313,1,1,2016-02-14, 04:05,T,52,5.0       ,302.3,7.7
18.267,104.202,318.7,1.8,1.3,2016-02-14, 04:05,T,70,5.0       ,301.7,33.2
19.339,97.387,317,1.1,1,2016-02-14, 04:05,T,63,5.0       ,304.5,8
19.303,97.325,327.1,1.1,1,2016-02-14, 04:05,T,80,5.0       ,304.3,23.3
19.08,98.744,316.4,1,1,2016-02-14, 04:05,T,66,5.0       ,299.2,13.2
19.079,98.754,351.7,1,1,2016-02-14, 04:05,T,96,5.0       ,302.4,71.3
19.199,95.535,318.7,1.3,1.1,2016-02-14, 04:05,T,70,5.0       ,305.3,12.2
19.289,94.725,316.5,1.4,1.2,2016-02-14, 04:05,T,66,5.0       ,303.3,11.8
18.161,102.424,312.7,1.4,1.2,2016-02-14, 04:05,T,37,5.0       ,300.3,14.6
18.154,102.429,317.4,1.4,1.2,2016-02-14, 04:05,T,68,5.0       ,301,23
18.694,98.859,315.3,1,1,2016-02-14, 04:05,T,63,5.0       ,303.7,6.5
19.244,94.699,317.4,1.4,1.2,2016-02-14, 04:05,T,68,5.0       ,302.7,15.8
18.677,98.732,315.4,1,1,2016-02-14, 04:05,T,64,5.0       ,301.8,10.5
17.667,103.198,316.5,1.6,1.2,2016-02-14, 04:05,T,62,5.0       ,305.4,12.1
18.047,99.961,318,1.1,1,2016-02-14, 04:05,T,69,5.0       ,304.8,13.4
17.763,101.424,314.9,1.2,1.1,2016-02-14, 04:05,T,62,5.0       ,302,10.1
18.06,99.277,314.2,1,1,2016-02-14, 04:05,T,60,5.0       ,302.7,7.1
18.058,99.287,314.3,1,1,2016-02-14, 04:05,T,61,5.0       ,303.1,7.4
18.497,95.753,319.8,1.2,1.1,2016-02-14, 04:05,T,72,5.0       ,306.8,11.6
18.496,95.764,321.6,1.2,1.1,2016-02-14, 04:05,T,74,5.0       ,305.6,14.3
18.1,98.511,316.1,1,1,2016-02-14, 04:05,T,55,5.0       ,304.7,6.9
18.534,95.245,323.5,1.3,1.1,2016-02-14, 04:05,T,76,5.0       ,307.6,18
18.338,96.712,321.6,1.1,1,2016-02-14, 04:05,T,74,5.0       ,306.4,10.8
17.834,99.903,314.3,1.1,1,2016-02-14, 04:05,T,51,5.0       ,303.7,7.9
17.833,99.913,316.1,1.1,1,2016-02-14, 04:05,T,65,5.0       ,303.8,10.7
17.235,103.492,317.1,1.7,1.3,2016-02-14, 04:05,T,38,5.0       ,305.8,17.1
18.029,98.493,315.9,1,1,2016-02-14, 04:05,T,56,5.0       ,304.7,9.3
17.745,100.003,313.4,1.1,1,2016-02-14, 04:05,T,58,5.0       ,302.7,9.3
17.263,102.933,320.2,1.6,1.2,2016-02-14, 04:05,T,72,5.0       ,308.5,15.4
16.921,104.792,317.3,2.2,1.4,2016-02-14, 04:05,T,58,5.0       ,304.7,27.1
17.137,103.608,316.6,1.8,1.3,2016-02-14, 04:05,T,36,5.0       ,306.2,15.3
17.72,99.872,314.9,1.1,1,2016-02-14, 04:05,T,62,5.0       ,302.7,10.5
17.082,103.317,321.8,1.7,1.3,2016-02-14, 04:05,T,74,5.0       ,309.5,19.1
17.005,103.56,318.9,1.7,1.3,2016-02-14, 04:05,T,70,5.0       ,305.8,19.4
17.507,99.935,318.8,1.1,1,2016-02-14, 04:05,T,70,5.0       ,307.1,7.9
17.954,96.764,321.4,1.1,1,2016-02-14, 04:05,T,69,5.0       ,308.6,10.5
17.953,96.774,323.3,1.1,1,2016-02-14, 04:05,T,76,5.0       ,311,12.8
16.885,103.251,318.3,1.7,1.3,2016-02-14, 04:05,T,27,5.0       ,306.7,15.3
17.514,98.857,325.4,1,1,2016-02-14, 04:05,T,79,5.0       ,303.8,19.2
17.505,98.856,316,1,1,2016-02-14, 04:05,T,40,5.0       ,304.1,7.7
16.83,102.635,320.8,1.5,1.2,2016-02-14, 04:05,T,55,5.0       ,309.5,13.7
16.942,101.676,329.9,1.3,1.1,2016-02-14, 04:05,T,83,5.0       ,308.3,36.9
17.309,99.241,314.8,1,1,2016-02-14, 04:05,T,62,5.0       ,303.9,8.6
17.366,98.612,316,1,1,2016-02-14, 04:05,T,61,5.0       ,305.3,7.7
17.192,99.461,317.3,1,1,2016-02-14, 04:05,T,59,5.0       ,305.2,8.7
16.592,103.009,334.2,1.6,1.3,2016-02-14, 04:05,T,86,5.0       ,311,52.7
16.589,103.024,322.3,1.6,1.3,2016-02-14, 04:05,T,59,5.0       ,310.6,17
16.592,103.003,323.9,1.6,1.3,2016-02-14, 04:05,T,67,5.0       ,310.4,20.8
16.59,103.017,328.7,1.6,1.3,2016-02-14, 04:05,T,82,5.0       ,311,33.2
17.762,95.07,319.8,1.3,1.1,2016-02-14, 04:05,T,72,5.0       ,303.5,15.4
17.761,95.082,319.9,1.3,1.1,2016-02-14, 04:05,T,72,5.0       ,302.7,15.5
16.653,102.499,326.8,1.5,1.2,2016-02-14, 04:05,T,80,5.0       ,314.7,24.1
16.643,102.497,327.7,1.5,1.2,2016-02-14, 04:05,T,81,5.0       ,311.9,26.1
16.544,102.948,327.1,1.6,1.2,2016-02-14, 04:05,T,72,5.0       ,313.3,25.4
16.542,102.963,327.3,1.6,1.2,2016-02-14, 04:05,T,71,5.0       ,311.7,26.8
17.321,97.981,317.3,1,1,2016-02-14, 04:05,T,67,5.0       ,299.3,15.8
17.152,99.001,318.5,1,1,2016-02-14, 04:05,T,51,5.0       ,306.2,10.8
16.479,102.992,324.6,1.6,1.3,2016-02-14, 04:05,T,78,5.0       ,311,27.5
17.017,99.518,323.8,1,1,2016-02-14, 04:05,T,77,5.0       ,306.4,15
16.774,101.068,317.7,1.2,1.1,2016-02-14, 04:05,T,68,5.0       ,304.6,14.4
16.621,101.751,316.1,1.3,1.1,2016-02-14, 04:05,T,65,5.0       ,306.1,13.6
16.056,104.973,315.9,2.3,1.5,2016-02-14, 04:05,T,65,5.0       ,302.5,21.9
16.723,101.071,316.6,1.2,1.1,2016-02-14, 04:05,T,61,5.0       ,305,11.4
16.326,103.421,321.3,1.8,1.3,2016-02-14, 04:05,T,33,5.0       ,309.1,22.6
16.924,98.918,318.3,1,1,2016-02-14, 04:05,T,52,5.0       ,307.5,9.8
16.055,103.886,327.9,1.9,1.4,2016-02-14, 04:05,T,81,5.0       ,307.6,47
16.725,99.801,323.9,1.1,1,2016-02-14, 04:05,T,77,5.0       ,308.4,14.7
16.051,103.878,327.8,1.9,1.4,2016-02-14, 04:05,T,81,5.0       ,307.6,45.3
16.773,99.244,317.1,1,1,2016-02-14, 04:05,T,67,5.0       ,305.6,8.1
16.922,98.132,314.4,1,1,2016-02-14, 04:05,T,61,5.0       ,300.9,11
16.92,98.141,321.6,1,1,2016-02-14, 04:05,T,74,5.0       ,302.5,19.5
16.639,99.929,321.6,1.1,1,2016-02-14, 04:05,T,74,5.0       ,304.9,13.5
16.982,97.264,322,1,1,2016-02-14, 04:05,T,75,5.0       ,307.8,9.6
16.395,100.55,331.6,1.2,1.1,2016-02-14, 04:05,T,84,5.0       ,307.1,27.9
16.631,98.598,316.8,1,1,2016-02-14, 04:05,T,52,5.0       ,305.3,6.7
16.102,101.985,320.8,1.4,1.2,2016-02-14, 04:05,T,73,5.0       ,304.6,21.9
16.441,99.787,319.6,1.1,1,2016-02-14, 04:05,T,69,5.0       ,306.8,7.1
16.527,99.167,325.4,1,1,2016-02-14, 04:05,T,79,5.0       ,304.7,22
16.525,99.176,316.7,1,1,2016-02-14, 04:05,T,41,5.0       ,305.4,9.5
15.895,103.099,322,1.7,1.3,2016-02-14, 04:05,T,75,5.0       ,308.8,17.8
16.534,98.754,323.6,1,1,2016-02-14, 04:05,T,68,5.0       ,309.1,15.1
16.533,98.763,325.2,1,1,2016-02-14, 04:05,T,72,5.0       ,307.1,18.3
16.274,99.905,319.9,1.1,1,2016-02-14, 04:05,T,70,5.0       ,307.2,9.7
15.96,101.838,322.7,1.4,1.2,2016-02-14, 04:05,T,76,5.0       ,309.9,16.8
16.228,99.974,321,1.1,1,2016-02-14, 04:05,T,73,5.0       ,307.6,10.6
15.877,102.166,321.5,1.5,1.2,2016-02-14, 04:05,T,74,5.0       ,308.9,13.9
15.885,101.858,323,1.4,1.2,2016-02-14, 04:05,T,76,5.0       ,310.1,14.5
15.597,103.551,323.6,1.9,1.3,2016-02-14, 04:05,T,65,5.0       ,306.5,24.1
15.897,101.544,321.2,1.3,1.1,2016-02-14, 04:05,T,60,5.0       ,307.6,15.9
15.895,101.557,321,1.3,1.1,2016-02-14, 04:05,T,69,5.0       ,306.6,14.1
15.702,102.6,324.5,1.6,1.2,2016-02-14, 04:05,T,78,5.0       ,310.8,23.1
15.7,102.614,325.9,1.6,1.2,2016-02-14, 04:05,T,79,5.0       ,307.8,26.5
15.963,100.945,322.1,1.2,1.1,2016-02-14, 04:05,T,57,5.0       ,309.3,12.4
16.575,96.37,323,1.1,1,2016-02-14, 04:05,T,76,5.0       ,309,10.3
15.464,103.046,333.6,1.7,1.3,2016-02-14, 04:05,T,86,5.0       ,307.4,50.2
15.941,100.095,322.7,1.1,1.1,2016-02-14, 04:05,T,61,5.0       ,308.9,9.5
15.467,103.04,324.7,1.7,1.3,2016-02-14, 04:05,T,51,5.0       ,308,26.3
15.465,103.055,330,1.7,1.3,2016-02-14, 04:05,T,72,5.0       ,307.3,42.3
15.539,102.47,327.1,1.6,1.2,2016-02-14, 04:05,T,80,5.0       ,306.6,28.7
15.435,102.751,345.5,1.6,1.3,2016-02-14, 04:05,T,93,5.0       ,308.5,86.3
15.435,102.745,336,1.6,1.3,2016-02-14, 04:05,T,87,5.0       ,309.7,51
15.433,102.76,328.8,1.6,1.3,2016-02-14, 04:05,T,82,5.0       ,306.7,28
15.367,103.016,323.9,1.7,1.3,2016-02-14, 04:05,T,71,5.0       ,308.6,22.1
15.934,99.239,322.7,1,1,2016-02-14, 04:05,T,76,5.0       ,302.6,18.8
15.933,99.248,321.2,1,1,2016-02-14, 04:05,T,57,5.0       ,302.2,16
15.922,99.257,324.5,1,1,2016-02-14, 04:05,T,68,5.0       ,303.7,19.2
15.921,99.266,317.7,1,1,2016-02-14, 04:05,T,50,5.0       ,303.8,10.3
15.725,100.45,325.3,1.2,1.1,2016-02-14, 04:05,T,64,5.0       ,308.3,12.7
15.39,102.409,341,1.5,1.2,2016-02-14, 04:05,T,90,5.0       ,308,66.4
15.388,102.402,330.8,1.5,1.2,2016-02-14, 04:05,T,83,5.0       ,307.6,35
15.386,102.416,333.1,1.5,1.2,2016-02-14, 04:05,T,85,5.0       ,307.2,42.6
15.31,102.671,322.6,1.6,1.3,2016-02-14, 04:05,T,67,5.0       ,305.3,19.9
15.326,102.508,327.8,1.6,1.2,2016-02-14, 04:05,T,81,5.0       ,308.7,22
15.727,99.861,324.2,1.1,1,2016-02-14, 04:05,T,73,5.0       ,309.1,14.1
15.104,103.517,322.3,1.9,1.3,2016-02-14, 04:05,T,75,5.0       ,305.1,23.4
15.108,103.53,322.7,1.9,1.3,2016-02-14, 04:05,T,76,5.0       ,304.5,26.1
15.598,100.46,325.1,1.2,1.1,2016-02-14, 04:05,T,45,5.0       ,306.7,13.7
15.965,97.803,326.4,1,1,2016-02-14, 04:05,T,80,5.0       ,305.1,19.2
15.959,97.783,318.4,1,1,2016-02-14, 04:05,T,68,5.0       ,303.6,10.3
13.396,98.58,310.3,1,1,2016-02-14, 04:05,T,36,5.0       ,298.3,7.5
12.907,100.939,316.2,1.3,1.2,2016-02-14, 04:05,T,23,5.0       ,299.5,13.1
11.683,105.524,323.7,3.1,1.7,2016-02-14, 04:05,T,77,5.0       ,298.2,56.7
11.737,104.288,324.2,2.5,1.5,2016-02-14, 04:05,T,64,5.0       ,294.2,69.9
11.665,103.884,327.9,2.3,1.5,2016-02-14, 04:05,T,64,5.0       ,300.6,69.6
9.132,99.4,316.1,1.2,1.1,2016-02-14, 04:05,T,61,5.0       ,297.7,13.1
27.445,100.973,322.9,1,1,2016-02-14, 04:00,T,76,5.0       ,290.6,28.2
26.679,101.404,315.6,1,1,2016-02-14, 04:00,T,64,5.0       ,295.4,13.4
26.574,101.669,314.9,1,1,2016-02-14, 04:00,T,61,5.0       ,301,10.8
6.33,99.829,314.6,1.4,1.2,2016-02-14, 04:10,T,14,5.0       ,298.9,13.8
6.326,99.854,315.8,1.4,1.2,2016-02-14, 04:10,T,35,5.0       ,299.1,16.1
5.98,100.594,318,1.6,1.3,2016-02-14, 04:10,T,60,5.0       ,297.6,23.3
5.41,100.561,316,1.7,1.3,2016-02-14, 04:10,T,48,5.0       ,294.3,15.4
5.353,100.411,318.3,1.6,1.3,2016-02-14, 04:10,T,0,5.0       ,295.9,20.6
4.812,101.092,314.4,1.9,1.3,2016-02-14, 04:10,T,32,5.0       ,296.6,21.9
1.341,98.889,312.3,1.5,1.2,2016-02-14, 04:10,T,34,5.0       ,290.8,15.4
-2.094,104.124,310.5,4.3,1.9,2016-02-14, 04:10,T,38,5.0       ,291.6,57.5
-5.467,122.609,320.3,1,1,2016-02-14, 05:25,A,63,5.0       ,302.9,13.4
-3.978,121.832,314.5,1,1,2016-02-14, 05:25,A,58,5.0       ,297.1,8.2
-3.98,121.823,320.3,1,1,2016-02-14, 05:25,A,72,5.0       ,298.9,14.5
-3.93,119.795,319.9,1.2,1.1,2016-02-14, 05:25,A,46,5.0       ,301.5,14.5
-3.798,119.649,319.3,1.2,1.1,2016-02-14, 05:25,A,39,5.0       ,301.2,14.9
-3.299,122.267,316.5,1,1,2016-02-14, 05:25,A,54,5.0       ,295.6,8.1
-2.581,121.377,354.5,1,1,2016-02-14, 05:25,A,97,5.0       ,300.2,75.6
-2.582,121.368,327.6,1,1,2016-02-14, 05:25,A,81,5.0       ,298.6,23.2
-2.199,121.665,318.9,1,1,2016-02-14, 05:25,A,34,5.0       ,298.6,8.5
-2.2,121.656,324.7,1,1,2016-02-14, 05:25,A,67,5.0       ,299.8,16.5
-1.382,122.479,319.7,1,1,2016-02-14, 05:25,A,67,5.0       ,303.6,10.4
-1.58,120.719,314.9,1,1,2016-02-14, 05:25,A,60,5.0       ,299,7.8
-1.954,115.86,317.9,2.1,1.4,2016-02-14, 05:25,A,41,5.0       ,295.9,32.9
-0.953,117.032,317.2,1.7,1.3,2016-02-14, 05:25,A,64,5.0       ,297.5,20.4
-0.543,116.927,318.3,1.7,1.3,2016-02-14, 05:25,A,59,5.0       ,300.3,22.6
-0.089,119.939,315.5,1.1,1,2016-02-14, 05:25,A,64,5.0       ,295.4,13.8
-0.509,116.778,316.6,1.7,1.3,2016-02-14, 05:25,A,63,5.0       ,299.1,22.8
-0.374,115.853,322,2,1.4,2016-02-14, 05:25,A,75,5.0       ,295.1,45.1
-0.371,115.846,318.5,2,1.4,2016-02-14, 05:25,A,70,5.0       ,294.5,33.8
-0.132,117.381,315,1.5,1.2,2016-02-14, 05:25,A,57,5.0       ,296,15
-0.248,116.595,320.9,1.8,1.3,2016-02-14, 05:25,A,35,5.0       ,300.7,26.4
-0.054,117.383,324.4,1.5,1.2,2016-02-14, 05:25,A,28,5.0       ,300.5,25.9
-0.053,117.378,324.9,1.5,1.2,2016-02-14, 05:25,A,40,5.0       ,300.7,27.7
-0.415,114.847,313.3,2.4,1.5,2016-02-14, 05:25,A,37,5.0       ,292.3,35.2
-0.003,117.412,325.1,1.5,1.2,2016-02-14, 05:25,A,33,5.0       ,300.7,19.5
-0.013,117.344,323.2,1.5,1.2,2016-02-14, 05:25,A,76,5.0       ,295.4,29.4
0.011,117.437,326.6,1.5,1.2,2016-02-14, 05:25,A,72,5.0       ,299.7,26.4
0.098,117.472,321.1,1.5,1.2,2016-02-14, 05:25,A,50,5.0       ,296.6,20.1
0.336,117.547,328.8,1.5,1.2,2016-02-14, 05:25,A,0,5.0       ,287.5,40.2
0.135,116.121,312.7,1.9,1.3,2016-02-14, 05:25,A,25,5.0       ,290.4,22.5
0.339,117.541,325.8,1.5,1.2,2016-02-14, 05:25,A,74,5.0       ,288.3,33.8
0.421,117.502,318.6,1.5,1.2,2016-02-14, 05:25,A,56,5.0       ,293.2,16.7
0.361,116.751,313.3,1.7,1.3,2016-02-14, 05:25,A,42,5.0       ,291.8,13.8
0.833,117.838,313.2,1.4,1.2,2016-02-14, 05:25,A,30,5.0       ,288.3,14.5
1.248,117.174,320.9,1.5,1.2,2016-02-14, 05:25,A,63,5.0       ,298.4,23.6
1.283,117.182,324.5,1.5,1.2,2016-02-14, 05:25,A,78,5.0       ,300.8,30.3
1.287,117.189,325.5,1.5,1.2,2016-02-14, 05:25,A,63,5.0       ,299,32.7
1.732,117.897,319.9,1.3,1.1,2016-02-14, 05:25,A,72,5.0       ,297.6,23.2
4.474,118.606,319.9,1.1,1.1,2016-02-14, 05:30,A,27,5.0       ,301.5,12.3
5.507,115.848,336.2,1.6,1.2,2016-02-14, 05:30,A,87,5.0       ,297.2,74
5.51,115.856,316.8,1.6,1.2,2016-02-14, 05:30,A,41,5.0       ,295.5,18.3
5.508,115.841,330.4,1.6,1.2,2016-02-14, 05:30,A,83,5.0       ,298.1,53.5
14.606,120.539,315.4,1.1,1.1,2016-02-14, 05:30,A,64,5.0       ,299.5,9.6
15.223,120.741,319,1.2,1.1,2016-02-14, 05:30,A,70,5.0       ,302.5,14.9
15.431,120.672,328.9,1.1,1.1,2016-02-14, 05:30,A,62,5.0       ,311.1,18
15.43,120.661,333.7,1.1,1.1,2016-02-14, 05:30,A,86,5.0       ,310.7,25.8
14.159,108.007,314.7,4.5,1.9,2016-02-14, 05:30,A,46,5.0       ,298,66
14.16,108.003,314.4,4.5,1.9,2016-02-14, 05:30,A,35,5.0       ,298.2,66.2
14.233,108.104,321.5,4.4,1.9,2016-02-14, 05:30,A,68,5.0       ,302,131.9
14.609,108.26,312.4,4.2,1.9,2016-02-14, 05:30,A,54,5.0       ,298.4,78.1
14.612,108.255,313.5,4.2,1.9,2016-02-14, 05:30,A,57,5.0       ,298.5,86.2
14.65,108.24,314.2,4.2,1.9,2016-02-14, 05:30,A,60,5.0       ,295.7,96
14.793,107.873,314.1,4.4,1.9,2016-02-14, 05:30,A,41,5.0       ,302.7,85.8
14.778,107.869,314.7,4.4,1.9,2016-02-14, 05:30,A,51,5.0       ,303.4,93.3
17.053,121.558,319.1,1.3,1.1,2016-02-14, 05:30,A,50,5.0       ,303,13.8
14.994,108.445,311.6,4,1.9,2016-02-14, 05:30,A,44,5.0       ,300.1,59.1
15.371,107.831,312.3,4.3,1.9,2016-02-14, 05:30,A,53,5.0       ,298.9,88.2
15.373,107.824,313.9,4.3,1.9,2016-02-14, 05:30,A,60,5.0       ,298.9,106.7
17.755,121.647,321.2,1.4,1.2,2016-02-14, 05:30,A,55,5.0       ,303.7,15.3
17.753,121.633,325.4,1.4,1.2,2016-02-14, 05:30,A,78,5.0       ,304.2,26.4
18.077,120.882,322.1,1.3,1.1,2016-02-14, 05:30,A,44,5.0       ,304.8,22.2
18.139,120.893,319.3,1.3,1.1,2016-02-14, 05:30,A,32,5.0       ,305.5,15.1
21.361,107.49,317.1,3.4,1.7,2016-02-14, 05:35,A,67,5.0       ,293.2,88.8
22.093,110.47,317,2,1.4,2016-02-14, 05:35,A,67,5.0       ,295.7,40.2
21.481,106.503,316.3,4,1.9,2016-02-14, 05:35,A,66,5.0       ,295.1,116
21.486,106.494,314.8,4,1.9,2016-02-14, 05:35,A,62,5.0       ,295,98.4
21.676,106.027,318.9,4.3,1.9,2016-02-14, 05:35,A,70,5.0       ,294.8,148.7
21.678,106.022,319.2,4.3,1.9,2016-02-14, 05:35,A,71,5.0       ,294.6,149.1
22.637,105.605,310.5,4.4,1.9,2016-02-14, 05:35,A,40,5.0       ,294.8,86.7
25.683,92.414,317.3,1,1,2016-02-14, 07:15,A,66,5.0       ,299.3,14
25.676,92.363,317.3,1,1,2016-02-14, 07:15,A,68,5.0       ,298,15
25.618,91.941,312.3,1,1,2016-02-14, 07:15,A,52,5.0       ,295.8,10.4
25.675,92.219,314.3,1,1,2016-02-14, 07:15,A,55,5.0       ,296.9,11.2
25.704,92.3,315.6,1,1,2016-02-14, 07:15,A,64,5.0       ,298.7,12.4
25.757,92.344,314.1,1,1,2016-02-14, 07:15,A,60,5.0       ,298.2,12.6
25.615,91.328,322.9,1,1,2016-02-14, 07:15,A,76,5.0       ,297.3,21.7
25.75,92.158,314.6,1,1,2016-02-14, 07:15,A,62,5.0       ,300.6,12.4
25.743,91.979,312,1,1,2016-02-14, 07:15,A,52,5.0       ,298.2,10.2
25.744,91.724,315,1,1,2016-02-14, 07:15,A,63,5.0       ,297.8,12.6
26.029,92.936,318.7,1.1,1,2016-02-14, 07:15,A,70,5.0       ,302.4,10.6
26.083,93.163,320.5,1.1,1,2016-02-14, 07:15,A,73,5.0       ,304.2,16
26.224,92.478,314.1,1,1,2016-02-14, 07:15,A,60,5.0       ,299,10.1
27.436,99.613,313.5,2.9,1.6,2016-02-14, 07:15,A,58,5.0       ,293.6,74.3
12.228,103.01,321.4,3.3,1.7,2016-02-14, 07:10,A,34,5.0       ,299.5,70.5
12.552,104.671,313.7,4.5,1.9,2016-02-14, 07:10,A,39,5.0       ,296.8,49.8
14.028,104.663,324.4,4.7,2,2016-02-14, 07:10,A,76,5.0       ,298.5,134
14.023,104.62,323.6,4.6,2,2016-02-14, 07:10,A,70,5.0       ,299.4,134.3
14.028,104.655,326.4,4.7,2,2016-02-14, 07:10,A,79,5.0       ,298.4,162
14.024,104.612,319.4,4.6,2,2016-02-14, 07:10,A,54,5.0       ,299.4,87.9
14.027,104.111,318.6,4.3,1.9,2016-02-14, 07:10,A,64,5.0       ,297.7,81.7
13.66,98.972,316.8,1.7,1.3,2016-02-14, 07:10,A,67,5.0       ,304.5,17.7
13.946,98.964,321.6,1.7,1.3,2016-02-14, 07:10,A,74,5.0       ,306,23.9
14.128,99.416,344.5,1.9,1.3,2016-02-14, 07:10,A,92,5.0       ,313.9,98
14.125,99.427,332.4,1.9,1.3,2016-02-14, 07:10,A,85,5.0       ,312.8,42
14.123,99.41,332.6,1.9,1.3,2016-02-14, 07:10,A,85,5.0       ,314.5,44.3
14.235,100.054,321.8,2.1,1.4,2016-02-14, 07:10,A,74,5.0       ,303.7,38.8
14.707,102.101,325,3,1.7,2016-02-14, 07:10,A,64,5.0       ,305.7,54.4
14.368,98.784,320.1,1.7,1.3,2016-02-14, 07:10,A,72,5.0       ,306.3,19.8
14.381,98.703,317.7,1.7,1.3,2016-02-14, 07:10,A,68,5.0       ,305.1,18.5
14.42,98.919,325.9,1.7,1.3,2016-02-14, 07:10,A,55,5.0       ,309.5,32.6
14.503,98.676,324.2,1.7,1.3,2016-02-14, 07:10,A,76,5.0       ,300.9,34.6
14.759,99.096,334.3,1.8,1.3,2016-02-14, 07:10,A,71,5.0       ,309.7,63.9
14.867,99.023,320.1,1.8,1.3,2016-02-14, 07:10,A,32,5.0       ,306.6,18.8
14.971,99.682,326.1,2,1.4,2016-02-14, 07:10,A,79,5.0       ,307.3,24
14.969,99.664,344.1,2,1.4,2016-02-14, 07:10,A,92,5.0       ,309.1,105.9
14.973,99.676,331.9,2,1.4,2016-02-14, 07:10,A,84,5.0       ,307.6,46.3
15.958,97.792,316.8,1,1,2016-02-14, 04:05,T,63,5.0       ,304.1,8.4
15.675,99.602,321.3,1.1,1,2016-02-14, 04:05,T,73,5.0       ,305,11.8
15.896,97.833,327.1,1,1,2016-02-14, 04:05,T,80,5.0       ,304.5,23.6
15.887,97.831,317.1,1,1,2016-02-14, 04:05,T,67,5.0       ,304,11.9
15.886,97.84,314.4,1,1,2016-02-14, 04:05,T,59,5.0       ,303.3,9.4
16.169,95.701,319.3,1.1,1.1,2016-02-14, 04:05,T,54,5.0       ,305.4,10.9
15.391,100.601,332.1,1.2,1.1,2016-02-14, 04:05,T,84,5.0       ,308.4,28.8
16.105,95.643,322.4,1.2,1.1,2016-02-14, 04:05,T,75,5.0       ,308.7,11.4
15.066,102.051,322.8,1.5,1.2,2016-02-14, 04:05,T,72,5.0       ,306,17
15.034,102.243,321.3,1.5,1.2,2016-02-14, 04:05,T,53,5.0       ,305.8,16.6
14.423,105.637,325,2.8,1.6,2016-02-14, 04:05,T,54,5.0       ,296.8,84.1
16.031,95.439,324.5,1.2,1.1,2016-02-14, 04:05,T,74,5.0       ,309.9,14
16.029,95.45,325.6,1.2,1.1,2016-02-14, 04:05,T,79,5.0       ,307.8,17.1
16.012,95.58,328.9,1.2,1.1,2016-02-14, 04:05,T,82,5.0       ,306.9,25.7
15.157,100.789,327.1,1.2,1.1,2016-02-14, 04:05,T,80,5.0       ,308,18
15.034,101.354,314.7,1.3,1.1,2016-02-14, 04:05,T,46,5.0       ,302.1,10.1
15.158,100.323,326.1,1.2,1.1,2016-02-14, 04:05,T,79,5.0       ,305.7,17
15.156,100.333,326.4,1.2,1.1,2016-02-14, 04:05,T,80,5.0       ,307.6,17.4
14.34,104.916,320.9,2.5,1.5,2016-02-14, 04:05,T,73,5.0       ,301.5,35.7
15.278,99.247,318,1,1,2016-02-14, 04:05,T,69,5.0       ,303.8,13
15.276,99.256,312.6,1,1,2016-02-14, 04:05,T,36,5.0       ,302.2,6.9
14.359,104.736,317.3,2.4,1.5,2016-02-14, 04:05,T,31,5.0       ,299.4,28.2
15.286,98.833,313.4,1,1,2016-02-14, 04:05,T,57,5.0       ,302.3,8.9
15.284,98.843,313.6,1,1,2016-02-14, 04:05,T,57,5.0       ,301.6,8.8
15.106,99.819,320.6,1.1,1,2016-02-14, 04:05,T,49,5.0       ,305.8,10.4
15.104,99.83,319.7,1.1,1,2016-02-14, 04:05,T,44,5.0       ,305,9.1
15.149,99.479,322.1,1.1,1,2016-02-14, 04:05,T,65,5.0       ,306.2,13.7
14.822,101.458,321,1.4,1.2,2016-02-14, 04:05,T,56,5.0       ,305.1,12.7
14.712,102.112,326,1.5,1.2,2016-02-14, 04:05,T,79,5.0       ,305.7,22.2
14.102,105.48,316.4,2.8,1.6,2016-02-14, 04:05,T,40,5.0       ,297.9,38.7
14.815,101.45,321.9,1.4,1.2,2016-02-14, 04:05,T,57,5.0       ,304.1,15.7
14.71,102.105,328.3,1.5,1.2,2016-02-14, 04:05,T,81,5.0       ,305.3,27.1
15.157,98.893,312.2,1,1,2016-02-14, 04:05,T,53,5.0       ,301.2,8.4
15.097,99.284,313.8,1.1,1,2016-02-14, 04:05,T,37,5.0       ,302.5,7.3
14.277,104.234,326.6,2.2,1.4,2016-02-14, 04:05,T,80,5.0       ,300.6,59.3
15.004,99.817,321.7,1.1,1,2016-02-14, 04:05,T,74,5.0       ,303.8,11.9
15.003,99.827,328.5,1.1,1,2016-02-14, 04:05,T,81,5.0       ,303.2,22.5
14.264,104.232,327.5,2.2,1.4,2016-02-14, 04:05,T,81,5.0       ,302.9,59.9
14.13,104.982,320.3,2.5,1.5,2016-02-14, 04:05,T,72,5.0       ,302.4,30.5
14.349,103.677,325.6,2,1.4,2016-02-14, 04:05,T,79,5.0       ,303.7,40.5
14.265,104.227,327.2,2.2,1.4,2016-02-14, 04:05,T,80,5.0       ,302.9,55.2
14.262,104.247,324,2.2,1.4,2016-02-14, 04:05,T,77,5.0       ,302.4,41.5
14.136,104.978,322.5,2.5,1.5,2016-02-14, 04:05,T,75,5.0       ,301.9,38.7
14.347,103.671,322.1,2,1.4,2016-02-14, 04:05,T,75,5.0       ,303.8,28.2
14.344,103.689,324.4,2,1.4,2016-02-14, 04:05,T,77,5.0       ,304,37.2
15.094,98.945,318.7,1,1,2016-02-14, 04:05,T,70,5.0       ,302.2,15.3
14.973,99.672,328.6,1.1,1,2016-02-14, 04:05,T,82,5.0       ,305.2,21.5
15.064,99.018,318.3,1,1,2016-02-14, 04:05,T,68,5.0       ,304.2,11.9
15.055,99.017,317.6,1,1,2016-02-14, 04:05,T,58,5.0       ,303.5,9.7
14.559,101.988,322.5,1.5,1.2,2016-02-14, 04:05,T,63,5.0       ,304.7,17.8
14.468,102.527,321.9,1.6,1.3,2016-02-14, 04:05,T,60,5.0       ,305.5,15.3
13.848,105.93,317.7,3,1.7,2016-02-14, 04:05,T,55,5.0       ,291.7,67.2
14.381,102.429,325.4,1.6,1.2,2016-02-14, 04:05,T,79,5.0       ,305.2,26.8
14.37,102.427,326.5,1.6,1.2,2016-02-14, 04:05,T,80,5.0       ,302.1,29.8
14.381,102.423,326.9,1.6,1.2,2016-02-14, 04:05,T,80,5.0       ,305.1,30.9
14.37,102.421,320.8,1.6,1.2,2016-02-14, 04:05,T,73,5.0       ,302.6,16.1
14.651,100.485,321.6,1.2,1.1,2016-02-14, 04:05,T,74,5.0       ,304.1,16.3
14.72,99.805,321.5,1.1,1.1,2016-02-14, 04:05,T,74,5.0       ,305.6,9.9
13.73,105.644,312.9,2.9,1.6,2016-02-14, 04:05,T,49,5.0       ,299,33
14.942,97.991,321.2,1,1,2016-02-14, 04:05,T,62,5.0       ,307.1,12.9
14.933,97.989,321,1,1,2016-02-14, 04:05,T,49,5.0       ,308.6,12.8
14.764,99.108,324,1,1,2016-02-14, 04:05,T,66,5.0       ,303.6,17.4
14.317,100.075,317.3,1.2,1.1,2016-02-14, 04:05,T,65,5.0       ,302.8,12.7
14.163,100.34,314.7,1.2,1.1,2016-02-14, 04:05,T,49,5.0       ,299,8.4
14.161,100.334,314,1.2,1.1,2016-02-14, 04:05,T,49,5.0       ,299.2,7.8
14.392,98.708,310.9,1,1,2016-02-14, 04:05,T,44,5.0       ,300.8,7.1
14.153,100.134,325.9,1.2,1.1,2016-02-14, 04:05,T,79,5.0       ,302.2,23.8
14.151,100.144,321.2,1.2,1.1,2016-02-14, 04:05,T,74,5.0       ,301.8,15.7
13.365,104.858,318.6,2.6,1.5,2016-02-14, 04:05,T,70,5.0       ,299.6,32.4
14.148,100.1,321.4,1.2,1.1,2016-02-14, 04:05,T,74,5.0       ,303,17.1
14.139,100.099,331.3,1.2,1.1,2016-02-14, 04:05,T,84,5.0       ,302.3,31.8
14.118,100.106,317.1,1.2,1.1,2016-02-14, 04:05,T,23,5.0       ,302,10.3
14.026,99.949,321.5,1.1,1.1,2016-02-14, 04:05,T,74,5.0       ,303.8,13.9
13.131,105.304,316,2.8,1.6,2016-02-14, 04:05,T,50,5.0       ,299.7,36.1
13.975,98.84,313.3,1,1,2016-02-14, 04:05,T,58,5.0       ,302.5,9.9
13.954,98.974,315.2,1.1,1,2016-02-14, 04:05,T,62,5.0       ,303.7,8.5
12.768,105.377,331.1,2.9,1.6,2016-02-14, 04:05,T,84,5.0       ,298.5,127.7
12.763,105.403,326.2,2.9,1.6,2016-02-14, 04:05,T,79,5.0       ,298.3,104.4
12.658,105.894,321.8,3.2,1.7,2016-02-14, 04:05,T,53,5.0       ,298.1,60.5
12.766,105.371,323.1,2.9,1.6,2016-02-14, 04:05,T,66,5.0       ,298.3,73.9
12.762,105.397,329.5,2.9,1.6,2016-02-14, 04:05,T,82,5.0       ,298.9,125.1
12.726,105.179,343.9,2.8,1.6,2016-02-14, 04:05,T,92,5.0       ,299.6,208
12.722,105.204,336.5,2.8,1.6,2016-02-14, 04:05,T,88,5.0       ,299.9,148.4
12.724,105.172,326.9,2.8,1.6,2016-02-14, 04:05,T,49,5.0       ,299.4,83.7
12.719,105.197,334.4,2.8,1.6,2016-02-14, 04:05,T,86,5.0       ,299.2,135.4
12.881,103.783,317.7,2.2,1.4,2016-02-14, 04:05,T,68,5.0       ,301.1,34.5
13.546,99.354,320.5,1.1,1,2016-02-14, 04:05,T,70,5.0       ,305.5,7.4
13.146,101.239,322,1.4,1.2,2016-02-14, 04:05,T,75,5.0       ,299.7,27.3
19.968,103.489,311.5,4.6,2,2016-02-14, 07:10,A,49,5.0       ,298,80.8
19.032,94.879,324.6,1.1,1.1,2016-02-14, 07:10,A,65,5.0       ,309.2,14.7
19.973,103.522,311,4.6,2,2016-02-14, 07:10,A,45,5.0       ,297.1,76.8
19.005,94.203,325.1,1.1,1,2016-02-14, 07:10,A,76,5.0       ,307,16.4
19.004,94.193,325,1.1,1,2016-02-14, 07:10,A,75,5.0       ,308.5,16.5
19.665,99.207,323.2,2.2,1.4,2016-02-14, 07:10,A,70,5.0       ,304.5,52.3
19.456,97.403,323.4,1.6,1.2,2016-02-14, 07:10,A,61,5.0       ,310.6,19.3
19.664,99.203,319.2,2.2,1.4,2016-02-14, 07:10,A,56,5.0       ,304.6,35.5
19.501,97.598,317.9,1.6,1.3,2016-02-14, 07:10,A,47,5.0       ,306.9,16.9
19.201,95.135,325.8,1.1,1.1,2016-02-14, 07:10,A,79,5.0       ,310.3,13.9
19.184,94.642,316.6,1.1,1,2016-02-14, 07:10,A,46,5.0       ,305.2,9.2
19.357,95.328,325.3,1.2,1.1,2016-02-14, 07:10,A,76,5.0       ,309.6,11.4
19.874,99.445,317.3,2.3,1.5,2016-02-14, 07:10,A,60,5.0       ,303.8,32.3
14.971,99.658,327.9,2,1.4,2016-02-14, 07:10,A,81,5.0       ,308.6,29.6
15.374,102.402,329,3.3,1.7,2016-02-14, 07:10,A,82,5.0       ,304.9,88
15.401,102.368,327.2,3.3,1.7,2016-02-14, 07:10,A,64,5.0       ,306.7,69.6
15.371,102.395,325.8,3.3,1.7,2016-02-14, 07:10,A,59,5.0       ,305.1,61.2
15.399,102.361,324.6,3.3,1.7,2016-02-14, 07:10,A,65,5.0       ,306.8,53
14.942,97.981,326.4,1.5,1.2,2016-02-14, 07:10,A,77,5.0       ,306.8,31.5
15.083,98.943,316.2,1.8,1.3,2016-02-14, 07:10,A,29,5.0       ,304.5,18.5
15.316,100.644,327.1,2.4,1.5,2016-02-14, 07:10,A,72,5.0       ,307.3,41.5
15.53,102.465,325.3,3.3,1.7,2016-02-14, 07:10,A,78,5.0       ,307.4,62.6
15.158,99.173,327.1,1.8,1.3,2016-02-14, 07:10,A,80,5.0       ,308.9,38.6
15.156,99.157,325.7,1.8,1.3,2016-02-14, 07:10,A,79,5.0       ,308.5,35.5
15.17,98.882,317.5,1.8,1.3,2016-02-14, 07:10,A,47,5.0       ,304.1,21
15.638,103.434,324.1,4,1.9,2016-02-14, 07:10,A,77,5.0       ,305.5,77.9
15.169,98.892,316.1,1.8,1.3,2016-02-14, 07:10,A,60,5.0       ,304.4,16
15.222,99.244,324.1,1.9,1.3,2016-02-14, 07:10,A,77,5.0       ,307.1,32.2
15.311,98.832,315.8,1.7,1.3,2016-02-14, 07:10,A,60,5.0       ,300.3,19.7
15.914,103.947,324.2,4.4,1.9,2016-02-14, 07:10,A,75,5.0       ,301.5,119.9
15.91,103.907,322.2,4.3,1.9,2016-02-14, 07:10,A,71,5.0       ,303.2,94.1
15.9,103.94,320.7,4.4,1.9,2016-02-14, 07:10,A,67,5.0       ,303,86.3
15.918,103.938,328.1,4.4,1.9,2016-02-14, 07:10,A,81,5.0       ,302.1,166.7
15.359,98.755,323.3,1.7,1.3,2016-02-14, 07:10,A,76,5.0       ,302.2,37.1
15.37,98.754,327.6,1.7,1.3,2016-02-14, 07:10,A,80,5.0       ,302.9,47.1
16.072,101.598,326.1,2.9,1.6,2016-02-14, 07:10,A,79,5.0       ,311.4,53.7
16.327,103.398,323.6,4,1.9,2016-02-14, 07:10,A,40,5.0       ,309.6,92.5
15.812,98.835,331.5,1.8,1.3,2016-02-14, 07:10,A,84,5.0       ,309,62.3
16.33,103.393,326.3,4,1.9,2016-02-14, 07:10,A,73,5.0       ,309.8,125.5
16.538,98.024,320.7,1.6,1.2,2016-02-14, 07:10,A,60,5.0       ,309.4,11.1
16.511,97.706,328,1.5,1.2,2016-02-14, 07:10,A,52,5.0       ,311.3,21.1
16.568,97.901,329,1.6,1.2,2016-02-14, 07:10,A,65,5.0       ,312,25.1
16.567,97.887,328.5,1.6,1.2,2016-02-14, 07:10,A,65,5.0       ,313,23.1
16.338,96.017,321.9,1.2,1.1,2016-02-14, 07:10,A,75,5.0       ,308.8,11.5
16.618,97.658,326.6,1.5,1.2,2016-02-14, 07:10,A,50,5.0       ,310.1,30.8
16.506,96.447,323.3,1.3,1.1,2016-02-14, 07:10,A,51,5.0       ,307.6,11.3
16.805,97.295,322.7,1.4,1.2,2016-02-14, 07:10,A,70,5.0       ,308.5,16.7
16.488,94.547,321.3,1,1,2016-02-14, 07:10,A,74,5.0       ,306.2,9.3
16.883,97.312,350.1,1.4,1.2,2016-02-14, 07:10,A,95,5.0       ,308,91.7
17.617,103.695,319.8,4.4,1.9,2016-02-14, 07:10,A,72,5.0       ,306,67.1
17.38,101.409,315.3,2.9,1.6,2016-02-14, 07:10,A,52,5.0       ,304.3,33.4
16.888,97.319,336.2,1.4,1.2,2016-02-14, 07:10,A,87,5.0       ,305.9,44.4
16.886,97.305,332.6,1.4,1.2,2016-02-14, 07:10,A,85,5.0       ,308.5,35.5
17.38,101.404,314.8,2.9,1.6,2016-02-14, 07:10,A,51,5.0       ,304.3,31.2
17.618,103.69,318.8,4.4,1.9,2016-02-14, 07:10,A,70,5.0       ,306,61.1
16.999,97.297,343,1.4,1.2,2016-02-14, 07:10,A,92,5.0       ,309.7,64.2
16.998,97.284,332.2,1.4,1.2,2016-02-14, 07:10,A,85,5.0       ,309.1,31.1
17.01,97.296,342.8,1.4,1.2,2016-02-14, 07:10,A,91,5.0       ,310.6,63.8
17.008,97.282,332.7,1.4,1.2,2016-02-14, 07:10,A,85,5.0       ,310.1,32.2
17.253,99.142,324.8,2,1.4,2016-02-14, 07:10,A,78,5.0       ,313.3,25.4
17.252,96.785,325.7,1.3,1.1,2016-02-14, 07:10,A,79,5.0       ,307.5,17.8
17.033,94.706,320.3,1.1,1,2016-02-14, 07:10,A,67,5.0       ,307.4,9.5
17.67,99.842,317,2.3,1.5,2016-02-14, 07:10,A,67,5.0       ,306.6,25.4
17.751,100.095,319.3,2.4,1.5,2016-02-14, 07:10,A,71,5.0       ,306,35.7
17.746,100.09,316.1,2.4,1.5,2016-02-14, 07:10,A,61,5.0       ,305.8,22
18.176,104.12,314.5,4.8,2,2016-02-14, 07:10,A,61,5.0       ,302.6,63.3
17.832,99.901,322.8,2.3,1.5,2016-02-14, 07:10,A,76,5.0       ,304.4,54.7
17.34,95.818,325.3,1.2,1.1,2016-02-14, 07:10,A,71,5.0       ,308.4,16.6
17.338,95.807,331.5,1.2,1.1,2016-02-14, 07:10,A,84,5.0       ,308.5,26.6
17.833,99.915,318.3,2.3,1.5,2016-02-14, 07:10,A,69,5.0       ,303.5,38.7
17.831,99.895,317.9,2.3,1.5,2016-02-14, 07:10,A,69,5.0       ,304.6,34
17.998,101.237,317.6,2.9,1.6,2016-02-14, 07:10,A,49,5.0       ,306.3,42.7
17.912,100.149,317,2.4,1.5,2016-02-14, 07:10,A,55,5.0       ,303,35.4
17.909,100.127,320.4,2.4,1.5,2016-02-14, 07:10,A,72,5.0       ,304,47.4
17.514,96.679,325.9,1.3,1.1,2016-02-14, 07:10,A,66,5.0       ,310.4,21.9
17.348,94.864,335.5,1.1,1,2016-02-14, 07:10,A,87,5.0       ,308.9,32.6
17.986,99.071,327.6,2,1.4,2016-02-14, 07:10,A,69,5.0       ,301.7,54.5
18,99.088,334.5,2,1.4,2016-02-14, 07:10,A,64,5.0       ,301.6,79.3
18.023,99.067,324.9,2,1.4,2016-02-14, 07:10,A,51,5.0       ,301.7,46.2
18.012,99.061,334.1,2,1.4,2016-02-14, 07:10,A,75,5.0       ,301.6,80.8
17.576,94.91,321.4,1.1,1,2016-02-14, 07:10,A,67,5.0       ,306.9,13
18.047,98.338,319,1.8,1.3,2016-02-14, 07:10,A,70,5.0       ,303,30
18.045,98.321,313.6,1.8,1.3,2016-02-14, 07:10,A,59,5.0       ,301.5,17.1
17.681,94.929,325.4,1.1,1,2016-02-14, 07:10,A,78,5.0       ,306.5,20.5
17.951,96.768,326.3,1.4,1.2,2016-02-14, 07:10,A,68,5.0       ,311.9,17.6
17.961,96.766,326.5,1.4,1.2,2016-02-14, 07:10,A,75,5.0       ,310.6,17.6
17.762,95.068,325.4,1.1,1,2016-02-14, 07:10,A,78,5.0       ,308.3,13.7
17.836,94.998,315,1.1,1,2016-02-14, 07:10,A,50,5.0       ,304.1,7.2
17.979,96.015,325,1.2,1.1,2016-02-14, 07:10,A,72,5.0       ,305,23.4
18.501,99.242,317,2.1,1.4,2016-02-14, 07:10,A,61,5.0       ,302.8,30.1
18.005,95.108,325.1,1.1,1.1,2016-02-14, 07:10,A,78,5.0       ,312.5,10.9
18.031,95.083,326.3,1.1,1.1,2016-02-14, 07:10,A,79,5.0       ,311.4,12.3
18.111,95.002,317.3,1.1,1,2016-02-14, 07:10,A,52,5.0       ,305.7,8.9
18.535,98.018,315,1.7,1.3,2016-02-14, 07:10,A,45,5.0       ,303.1,15.5
18.533,98.002,318.1,1.7,1.3,2016-02-14, 07:10,A,60,5.0       ,304.1,22
18.168,95.094,326.6,1.1,1.1,2016-02-14, 07:10,A,72,5.0       ,314.3,10.9
18.166,95.083,328.2,1.1,1.1,2016-02-14, 07:10,A,81,5.0       ,314.5,13.2
18.534,98.011,320,1.7,1.3,2016-02-14, 07:10,A,72,5.0       ,303.5,29.8
18.219,95.193,322.4,1.1,1.1,2016-02-14, 07:10,A,74,5.0       ,307.8,10.7
18.454,95.818,327.8,1.2,1.1,2016-02-14, 07:10,A,81,5.0       ,308.8,20.3
18.521,95.796,321.3,1.2,1.1,2016-02-14, 07:10,A,71,5.0       ,306.8,11.3
18.798,97.45,324.2,1.6,1.2,2016-02-14, 07:10,A,44,5.0       ,310.2,21.1
18.578,95.279,324.5,1.1,1.1,2016-02-14, 07:10,A,78,5.0       ,309.7,12.8
18.76,96.561,321.6,1.4,1.2,2016-02-14, 07:10,A,63,5.0       ,309.1,16.9
18.917,97.486,321.9,1.6,1.2,2016-02-14, 07:10,A,54,5.0       ,306.3,23.4
18.916,97.473,322.5,1.6,1.2,2016-02-14, 07:10,A,67,5.0       ,309.3,22.5
19.081,98.766,317.1,2,1.4,2016-02-14, 07:10,A,65,5.0       ,300.9,30.4
19.079,98.747,316.3,2,1.4,2016-02-14, 07:10,A,61,5.0       ,300.7,28.3
18.917,97.481,328,1.6,1.2,2016-02-14, 07:10,A,72,5.0       ,307.7,37
19.084,98.76,321.3,2,1.4,2016-02-14, 07:10,A,74,5.0       ,301.2,45.6
18.636,94.952,326.6,1.1,1.1,2016-02-14, 07:10,A,80,5.0       ,309.2,17
18.836,95.082,326,1.1,1.1,2016-02-14, 07:10,A,79,5.0       ,310,13.3
18.801,94.808,315.4,1.1,1,2016-02-14, 07:10,A,36,5.0       ,303.7,6.6
18.937,95.557,325.7,1.2,1.1,2016-02-14, 07:10,A,55,5.0       ,310.2,15.8
18.871,94.904,325.1,1.1,1.1,2016-02-14, 07:10,A,74,5.0       ,307.6,14.5
18.877,94.907,321.1,1.1,1.1,2016-02-14, 07:10,A,68,5.0       ,308.3,8.6
18.876,94.897,325.5,1.1,1.1,2016-02-14, 07:10,A,79,5.0       ,307.9,15.1
19.92,103.54,310.3,4.6,2,2016-02-14, 07:10,A,33,5.0       ,298.3,71.5
19.272,97.31,328.6,1.5,1.2,2016-02-14, 07:10,A,68,5.0       ,307.2,35.8
18.995,95.139,328.4,1.1,1.1,2016-02-14, 07:10,A,48,5.0       ,311.7,19.8
18.998,95.133,327.5,1.1,1.1,2016-02-14, 07:10,A,70,5.0       ,311.6,17.9
19.275,97.319,324.2,1.6,1.2,2016-02-14, 07:10,A,59,5.0       ,308.3,24.4
18.962,94.782,316,1.1,1,2016-02-14, 07:10,A,63,5.0       ,304.5,9.4
19.919,103.535,311.7,4.6,2,2016-02-14, 07:10,A,50,5.0       ,298.5,84.9
19.307,97.313,321.6,1.6,1.2,2016-02-14, 07:10,A,27,5.0       ,306.1,19.6
19.311,94.755,323,1.1,1,2016-02-14, 07:10,A,76,5.0       ,308,11
19.177,93.776,320.6,1,1,2016-02-14, 07:10,A,73,5.0       ,307.3,10.8
19.87,99.44,317.8,2.3,1.5,2016-02-14, 07:10,A,56,5.0       ,303.2,35.1
19.682,97.593,322,1.6,1.3,2016-02-14, 07:10,A,75,5.0       ,307.2,24.8
19.374,94.835,321.8,1.1,1.1,2016-02-14, 07:10,A,74,5.0       ,307.4,12.8
19.918,98.918,316.2,2.1,1.4,2016-02-14, 07:10,A,30,5.0       ,304.8,26.8
19.405,94.729,329.8,1.1,1,2016-02-14, 07:10,A,83,5.0       ,309,22.5
19.403,94.718,321.9,1.1,1,2016-02-14, 07:10,A,75,5.0       ,309.2,9.3
19.39,94.614,320,1.1,1,2016-02-14, 07:10,A,69,5.0       ,306.2,10
19.52,95.394,324.9,1.2,1.1,2016-02-14, 07:10,A,78,5.0       ,311.5,10.4
20.047,99.612,320.8,2.3,1.5,2016-02-14, 07:10,A,69,5.0       ,301.8,53.1
19.828,97.659,316,1.7,1.3,2016-02-14, 07:10,A,53,5.0       ,304.3,15.5
20.069,99.604,314.6,2.3,1.5,2016-02-14, 07:10,A,47,5.0       ,302.5,31
19.545,94.96,324.4,1.1,1.1,2016-02-14, 07:10,A,77,5.0       ,310,13.3
19.538,94.831,321.8,1.1,1.1,2016-02-14, 07:10,A,74,5.0       ,307.6,11.5
19.547,94.83,338.8,1.1,1.1,2016-02-14, 07:10,A,89,5.0       ,308,41.6
19.658,95.612,327.2,1.2,1.1,2016-02-14, 07:10,A,80,5.0       ,312.6,14.9
19.605,94.633,322.2,1.1,1,2016-02-14, 07:10,A,75,5.0       ,309.2,11.1
19.669,94.762,328.7,1.1,1.1,2016-02-14, 07:10,A,82,5.0       ,310.1,20.2
19.691,94.668,324.1,1.1,1,2016-02-14, 07:10,A,77,5.0       ,309.1,11.8
19.685,94.626,324.6,1.1,1,2016-02-14, 07:10,A,78,5.0       ,310.6,12.6
20.127,97.885,322.2,1.7,1.3,2016-02-14, 07:10,A,63,5.0       ,308.4,24.2
19.844,94.692,335.4,1.1,1.1,2016-02-14, 07:10,A,87,5.0       ,311.5,29.7
19.842,94.681,330,1.1,1.1,2016-02-14, 07:10,A,83,5.0       ,310.9,20.5
20.525,99.852,316.9,2.5,1.5,2016-02-14, 07:10,A,62,5.0       ,301.7,42.9
20.545,99.654,314.3,2.4,1.5,2016-02-14, 07:10,A,58,5.0       ,301.2,38.1
22.64,105.598,310.9,4.4,1.9,2016-02-14, 05:35,A,44,5.0       ,295,90
25.554,92.275,315.4,1,1,2016-02-14, 07:15,A,64,5.0       ,297.3,14.8
26.117,96.736,313.9,1.8,1.3,2016-02-14, 07:15,A,60,5.0       ,294.3,29.5
25.61,92.547,310.7,1,1,2016-02-14, 07:15,A,33,5.0       ,294.3,9.1
25.608,92.537,313.7,1,1,2016-02-14, 07:15,A,52,5.0       ,294,12.5
25.532,91.849,316.4,1,1,2016-02-14, 07:15,A,51,5.0       ,297.7,13.7
25.531,91.839,317.8,1,1,2016-02-14, 07:15,A,63,5.0       ,298.1,15.2
26.566,101.639,313.1,4,1.9,2016-02-14, 07:15,A,57,5.0       ,302.4,42.9
25.645,92.41,316.6,1,1,2016-02-14, 07:15,A,66,5.0       ,298.7,14.2
25.635,92.266,311.2,1,1,2016-02-14, 07:15,A,47,5.0       ,296.6,8.2
19.952,94.706,322.1,1.1,1.1,2016-02-14, 07:10,A,60,5.0       ,309.5,8.4
20.543,99.67,311.3,2.4,1.5,2016-02-14, 07:10,A,46,5.0       ,299.6,29.9
20.588,99.983,317.7,2.5,1.5,2016-02-14, 07:10,A,67,5.0       ,304.6,40.9
20.173,95.895,323.6,1.3,1.1,2016-02-14, 07:10,A,77,5.0       ,310.7,11.4
19.988,94.466,330.9,1.1,1,2016-02-14, 07:10,A,83,5.0       ,307.2,23.4
20.981,103.373,311.4,4.6,2,2016-02-14, 07:10,A,48,5.0       ,297.9,76.4
19.997,94.465,324,1.1,1,2016-02-14, 07:10,A,57,5.0       ,308.7,12
20.229,96.032,322.5,1.3,1.1,2016-02-14, 07:10,A,74,5.0       ,309.7,10
20.983,103.409,311,4.6,2,2016-02-14, 07:10,A,46,5.0       ,297.8,73.1
20.218,95.772,331.6,1.3,1.1,2016-02-14, 07:10,A,84,5.0       ,310.1,28.8
20.407,97.149,316,1.6,1.2,2016-02-14, 07:10,A,45,5.0       ,303.5,8.2
21.054,103.196,311.2,4.5,1.9,2016-02-14, 07:10,A,29,5.0       ,299.5,60.4
20.499,97.738,311,1.7,1.3,2016-02-14, 07:10,A,45,5.0       ,299.9,14
20.246,95.67,326.6,1.3,1.1,2016-02-14, 07:10,A,80,5.0       ,307.7,17.9
21.057,103.187,313.6,4.5,1.9,2016-02-14, 07:10,A,29,5.0       ,299.7,76.6
20.274,95.563,328.2,1.2,1.1,2016-02-14, 07:10,A,79,5.0       ,314.6,13.3
21.081,103.052,311.3,4.4,1.9,2016-02-14, 07:10,A,48,5.0       ,298.4,72.7
20.433,96.291,324.7,1.4,1.2,2016-02-14, 07:10,A,61,5.0       ,310.4,17.3
21.178,103.17,320.5,4.5,1.9,2016-02-14, 07:10,A,73,5.0       ,298,140.9
21.174,103.12,323.6,4.4,1.9,2016-02-14, 07:10,A,77,5.0       ,298.7,174.1
21.224,103.084,311.5,4.4,1.9,2016-02-14, 07:10,A,49,5.0       ,299.3,60.7
21.181,103.162,326.5,4.5,1.9,2016-02-14, 07:10,A,80,5.0       ,298.2,194.1
21.317,103.108,313.1,4.4,1.9,2016-02-14, 07:10,A,57,5.0       ,299.6,74.2
21.317,103.103,313,4.4,1.9,2016-02-14, 07:10,A,56,5.0       ,299.6,72.5
20.286,93.084,326.1,1,1,2016-02-14, 07:10,A,79,5.0       ,305.2,19.3
21.53,103.509,342.9,4.8,2,2016-02-14, 07:10,A,91,5.0       ,301.1,492.3
21.184,99.815,319,2.5,1.5,2016-02-14, 07:10,A,70,5.0       ,302.3,59
21.176,99.812,312.8,2.5,1.5,2016-02-14, 07:10,A,42,5.0       ,300.8,32.5
20.889,96.973,324.8,1.5,1.2,2016-02-14, 07:10,A,69,5.0       ,309.7,18.7
21.532,103.565,310.4,4.8,2,2016-02-14, 07:10,A,37,5.0       ,299.7,56.7
21.527,103.506,342.7,4.8,2,2016-02-14, 07:10,A,91,5.0       ,301.5,489.2
21.52,103.413,310.3,4.7,2,2016-02-14, 07:10,A,36,5.0       ,299.8,58.3
20.673,94.453,321.5,1.1,1,2016-02-14, 07:10,A,74,5.0       ,307.1,8.3
21.358,99.739,316.3,2.5,1.5,2016-02-14, 07:10,A,59,5.0       ,299.7,47
21.364,99.733,318.9,2.5,1.5,2016-02-14, 07:10,A,70,5.0       ,300.1,63.4
21.093,97.163,326,1.6,1.2,2016-02-14, 07:10,A,79,5.0       ,309.6,29.4
21.092,97.148,321.9,1.6,1.2,2016-02-14, 07:10,A,75,5.0       ,309.4,18.4
21.248,96.916,320.6,1.6,1.2,2016-02-14, 07:10,A,70,5.0       ,305.8,21.2
21.596,97.466,315.1,1.7,1.3,2016-02-14, 07:10,A,44,5.0       ,299.8,24.2
21.156,93.866,317,1.1,1,2016-02-14, 07:10,A,67,5.0       ,301.2,17.6
21.589,96.425,316.3,1.5,1.2,2016-02-14, 07:10,A,59,5.0       ,303.4,15.7
21.734,96.379,322,1.4,1.2,2016-02-14, 07:10,A,49,5.0       ,306,17.5
21.752,96.349,324.7,1.4,1.2,2016-02-14, 07:10,A,74,5.0       ,307.9,21.1
21.875,96.338,320.8,1.4,1.2,2016-02-14, 07:10,A,73,5.0       ,305.1,19.3
21.874,96.325,317.9,1.4,1.2,2016-02-14, 07:10,A,62,5.0       ,305.1,12.2
21.976,96.906,315.5,1.6,1.2,2016-02-14, 07:10,A,36,5.0       ,301.9,13.6
22.071,97.037,327.9,1.6,1.3,2016-02-14, 07:10,A,81,5.0       ,303.8,47.5
22.069,97.022,319.6,1.6,1.3,2016-02-14, 07:10,A,71,5.0       ,305.2,24.2
22.073,97.046,313.3,1.6,1.3,2016-02-14, 07:10,A,44,5.0       ,301.9,13
22.071,97.03,329.6,1.6,1.3,2016-02-14, 07:10,A,82,5.0       ,305.1,52.7
21.996,96.269,320.9,1.4,1.2,2016-02-14, 07:10,A,68,5.0       ,304.4,25.1
22.124,96.894,323.2,1.6,1.2,2016-02-14, 07:10,A,76,5.0       ,304.5,27.4
22.116,96.734,328,1.5,1.2,2016-02-14, 07:10,A,81,5.0       ,305.4,36.6
22.117,96.728,326.7,1.5,1.2,2016-02-14, 07:10,A,73,5.0       ,305.9,32.2
22.203,96.801,317.7,1.6,1.2,2016-02-14, 07:10,A,47,5.0       ,306.8,15.9
22.346,97.772,321,1.8,1.3,2016-02-14, 07:10,A,73,5.0       ,306,28.5
22.184,96.317,321.6,1.5,1.2,2016-02-14, 07:10,A,68,5.0       ,305.6,20.7
22.182,96.304,318.5,1.5,1.2,2016-02-14, 07:10,A,52,5.0       ,305.4,12.9
22.359,97.068,322.3,1.6,1.3,2016-02-14, 07:10,A,74,5.0       ,304.5,32.5
22.285,96.313,339,1.5,1.2,2016-02-14, 07:10,A,89,5.0       ,307.4,62.9
22.283,96.299,322.4,1.5,1.2,2016-02-14, 07:10,A,71,5.0       ,308,17.4
22.242,95.864,326.4,1.4,1.2,2016-02-14, 07:10,A,74,5.0       ,311.8,15.8
22.329,96.503,324,1.5,1.2,2016-02-14, 07:10,A,77,5.0       ,303.8,26.4
22.327,96.489,324.1,1.5,1.2,2016-02-14, 07:10,A,77,5.0       ,305.3,27
22.47,97.645,325.4,1.8,1.3,2016-02-14, 07:10,A,68,5.0       ,305.3,46.8
22.355,96.635,334.5,1.5,1.2,2016-02-14, 07:10,A,86,5.0       ,306.7,53.3
22.366,96.633,338.1,1.5,1.2,2016-02-14, 07:10,A,89,5.0       ,308.4,62.7
22.364,96.618,332.6,1.5,1.2,2016-02-14, 07:10,A,84,5.0       ,309.7,47.4
21.99,93.649,312.8,1.1,1,2016-02-14, 07:10,A,54,5.0       ,300.9,11.4
22.377,96.631,322.2,1.5,1.2,2016-02-14, 07:10,A,54,5.0       ,309.6,20.3
22.375,96.617,322.4,1.5,1.2,2016-02-14, 07:10,A,58,5.0       ,308.2,21.8
22.501,97.606,319.7,1.8,1.3,2016-02-14, 07:10,A,61,5.0       ,303.7,31.9
22.474,97.368,318.8,1.7,1.3,2016-02-14, 07:10,A,54,5.0       ,304,22.2
22.38,96.624,324,1.5,1.2,2016-02-14, 07:10,A,48,5.0       ,309.3,25.1
22.511,97.616,325.1,1.8,1.3,2016-02-14, 07:10,A,78,5.0       ,302.8,51.9
22.311,95.663,323.3,1.3,1.1,2016-02-14, 07:10,A,76,5.0       ,306.3,17.7
22.099,93.987,322.6,1.1,1,2016-02-14, 07:10,A,64,5.0       ,306.8,14.8
22.424,96.528,335.2,1.5,1.2,2016-02-14, 07:10,A,87,5.0       ,306.1,60
22.455,96.509,320.3,1.5,1.2,2016-02-14, 07:10,A,32,5.0       ,307.4,17.3
22.356,95.696,321.6,1.3,1.1,2016-02-14, 07:10,A,74,5.0       ,306.4,15.2
22.466,96.507,328.2,1.5,1.2,2016-02-14, 07:10,A,81,5.0       ,305.7,37.5
22.464,96.493,323.9,1.5,1.2,2016-02-14, 07:10,A,77,5.0       ,305.1,26.4
22.147,93.99,319.3,1.1,1,2016-02-14, 07:10,A,54,5.0       ,306.8,10.2
22.456,96.503,332.8,1.5,1.2,2016-02-14, 07:10,A,85,5.0       ,307.1,49.9
22.179,94.044,327.1,1.1,1,2016-02-14, 07:10,A,80,5.0       ,307.5,20.7
22.177,94.034,349.8,1.1,1,2016-02-14, 07:10,A,95,5.0       ,309.4,66.4
22.776,99.212,312.7,2.4,1.5,2016-02-14, 07:10,A,55,5.0       ,301,32.6
22.395,95.698,319.5,1.3,1.1,2016-02-14, 07:10,A,57,5.0       ,305.5,10.7
22.567,97.095,318.4,1.7,1.3,2016-02-14, 07:10,A,68,5.0       ,303.9,18.1
22.42,95.734,320.7,1.3,1.1,2016-02-14, 07:10,A,73,5.0       ,306.4,14.2
22.808,98.742,330.9,2.2,1.4,2016-02-14, 07:10,A,83,5.0       ,297.6,97.2
22.631,97.149,324.6,1.7,1.3,2016-02-14, 07:10,A,78,5.0       ,304.5,42.5
22.629,97.133,323,1.7,1.3,2016-02-14, 07:10,A,74,5.0       ,302.4,38.7
22.462,95.747,324.8,1.4,1.2,2016-02-14, 07:10,A,78,5.0       ,307.8,17.1
22.63,97.143,331.8,1.7,1.3,2016-02-14, 07:10,A,84,5.0       ,305.5,66.2
22.81,98.755,318.2,2.2,1.4,2016-02-14, 07:10,A,69,5.0       ,297.9,50.7
22.467,95.615,320.3,1.3,1.1,2016-02-14, 07:10,A,43,5.0       ,305.4,11.5
22.465,95.603,322.9,1.3,1.1,2016-02-14, 07:10,A,75,5.0       ,307.3,17
22.484,95.587,320.8,1.3,1.1,2016-02-14, 07:10,A,33,5.0       ,306.7,11.7
22.728,97.612,316.3,1.8,1.3,2016-02-14, 07:10,A,51,5.0       ,304.9,19
22.599,95.617,321.1,1.3,1.1,2016-02-14, 07:10,A,51,5.0       ,306.8,10.8
22.647,95.59,323.4,1.3,1.1,2016-02-14, 07:10,A,55,5.0       ,308.6,14.9
22.67,95.613,324.2,1.3,1.1,2016-02-14, 07:10,A,77,5.0       ,308.2,16.6
22.731,96.036,315.7,1.4,1.2,2016-02-14, 07:10,A,42,5.0       ,303.4,10.2
22.73,96.022,317.7,1.4,1.2,2016-02-14, 07:10,A,62,5.0       ,305,13.8
22.47,93.538,314.9,1.1,1,2016-02-14, 07:10,A,50,5.0       ,304.2,12
22.466,93.506,312.8,1.1,1,2016-02-14, 07:10,A,46,5.0       ,294.8,13.4
22.464,93.496,312.7,1.1,1,2016-02-14, 07:10,A,55,5.0       ,292.8,15
23.121,98.511,315.7,2.1,1.4,2016-02-14, 07:10,A,56,5.0       ,299.8,36.6
23.546,103.001,324.5,4.6,2,2016-02-14, 07:10,A,78,5.0       ,296.6,215.7
23.543,102.961,316.6,4.6,2,2016-02-14, 07:10,A,66,5.0       ,298.1,130
23.134,98.511,315.3,2.1,1.4,2016-02-14, 07:10,A,39,5.0       ,301.8,32.8
23.124,98.526,316.5,2.1,1.4,2016-02-14, 07:10,A,51,5.0       ,300.4,38.7
23.122,98.501,313.8,2.1,1.4,2016-02-14, 07:10,A,33,5.0       ,298.6,29.3
23.548,102.993,325.4,4.6,2,2016-02-14, 07:10,A,79,5.0       ,296.7,225.1
22.623,93.496,311.7,1.1,1,2016-02-14, 07:10,A,28,5.0       ,295.8,9.6
23.669,103.174,325.4,4.8,2,2016-02-14, 07:10,A,54,5.0       ,300.7,186.2
22.981,96.11,318.9,1.4,1.2,2016-02-14, 07:10,A,70,5.0       ,302.9,22.1
22.979,96.096,323,1.4,1.2,2016-02-14, 07:10,A,76,5.0       ,305.1,28.8
23.67,103.221,316.5,4.8,2,2016-02-14, 07:10,A,60,5.0       ,301.3,106.1
23.666,103.168,323.6,4.8,2,2016-02-14, 07:10,A,77,5.0       ,300.8,188.1
23.662,103.119,312.4,4.7,2,2016-02-14, 07:10,A,37,5.0       ,300.5,60.6
22.78,94.068,327.3,1.1,1.1,2016-02-14, 07:10,A,80,5.0       ,307.4,19.9
22.714,93.497,332.2,1.1,1,2016-02-14, 07:10,A,84,5.0       ,299.5,38.1
23.139,96.493,325.2,1.5,1.2,2016-02-14, 07:10,A,78,5.0       ,305.8,34.2
23.85,103.201,323.8,4.8,2,2016-02-14, 07:10,A,61,5.0       ,301.8,168.3
23.847,103.197,321.1,4.8,2,2016-02-14, 07:10,A,68,5.0       ,302.1,143.8
23.864,103.195,333,4.8,2,2016-02-14, 07:10,A,85,5.0       ,301.5,294
23.918,103.188,328.9,4.8,2,2016-02-14, 07:10,A,72,5.0       ,302,236
23.864,103.19,324.8,4.8,2,2016-02-14, 07:10,A,57,5.0       ,301.5,182.3
23.918,103.182,330.8,4.8,2,2016-02-14, 07:10,A,83,5.0       ,302.4,274.1
23.936,103.181,315.2,4.8,2,2016-02-14, 07:10,A,62,5.0       ,300,96.3
24.092,103.116,324,4.8,2,2016-02-14, 07:10,A,54,5.0       ,300.8,189.1
23.445,96.367,315.6,1.5,1.2,2016-02-14, 07:10,A,64,5.0       ,304.3,14.1
24.095,103.154,326.8,4.8,2,2016-02-14, 07:10,A,64,5.0       ,300.5,228
23.419,95.671,320.3,1.4,1.2,2016-02-14, 07:10,A,69,5.0       ,307.8,11.1
23.408,95.578,327.6,1.4,1.2,2016-02-14, 07:10,A,81,5.0       ,307.8,27
23.547,96.678,345,1.6,1.2,2016-02-14, 07:10,A,93,5.0       ,304.3,103.9
23.546,96.662,335.1,1.6,1.2,2016-02-14, 07:10,A,87,5.0       ,304.3,67
23.437,95.641,322.4,1.4,1.2,2016-02-14, 07:10,A,75,5.0       ,308.3,15.8
23.505,95.722,331.3,1.4,1.2,2016-02-14, 07:10,A,84,5.0       ,308.4,38.1
23.611,95.484,321.2,1.3,1.1,2016-02-14, 07:10,A,72,5.0       ,306,17.5
23.699,95.905,321.5,1.4,1.2,2016-02-14, 07:10,A,52,5.0       ,304,22.5
24.151,99.462,311.4,2.6,1.5,2016-02-14, 07:10,A,46,5.0       ,298.2,21.9
23.771,95.143,318.3,1.3,1.1,2016-02-14, 07:10,A,63,5.0       ,305.4,16.9
23.77,95.13,320,1.3,1.1,2016-02-14, 07:10,A,66,5.0       ,305.7,20.3
23.589,93.596,315,1.1,1,2016-02-14, 07:10,A,58,5.0       ,299.5,14.6
23.587,93.585,311,1.1,1,2016-02-14, 07:10,A,30,5.0       ,299.1,10.7
23.598,93.595,312.9,1.1,1,2016-02-14, 07:10,A,37,5.0       ,299.1,11
23.946,96.376,319,1.6,1.2,2016-02-14, 07:10,A,49,5.0       ,304.3,14.3
23.793,93.757,310.7,1.1,1,2016-02-14, 07:10,A,35,5.0       ,298.4,7.3
24.786,96.755,322.8,1.7,1.3,2016-02-14, 07:10,A,76,5.0       ,298.3,47.3
24.457,93.846,310.8,1.1,1.1,2016-02-14, 07:10,A,40,5.0       ,297.1,9.8
24.964,97.365,312.7,1.9,1.3,2016-02-14, 07:10,A,44,5.0       ,301.2,21.3
24.656,94.551,312.7,1.2,1.1,2016-02-14, 07:10,A,44,5.0       ,300.9,11
24.994,97.087,321.8,1.8,1.3,2016-02-14, 07:10,A,74,5.0       ,295.7,46.1
24.992,97.069,328.9,1.8,1.3,2016-02-14, 07:10,A,82,5.0       ,299.5,68.6
25,97.297,310.4,1.9,1.3,2016-02-14, 07:10,A,33,5.0       ,297.7,17.5
24.99,97.08,311.1,1.8,1.3,2016-02-14, 07:10,A,31,5.0       ,298.5,19.7
25.002,97.078,329.6,1.8,1.3,2016-02-14, 07:10,A,82,5.0       ,296.7,72
25,97.061,314.6,1.8,1.3,2016-02-14, 07:10,A,58,5.0       ,298.4,27.8
25.11,97.414,312.7,1.9,1.3,2016-02-14, 07:10,A,55,5.0       ,298.4,25.2
24.786,91.977,315.3,1,1,2016-02-14, 07:10,A,63,5.0       ,301.6,10.4
24.785,91.967,313.6,1,1,2016-02-14, 07:10,A,54,5.0       ,300.1,8.8
25.456,97.252,316.8,1.9,1.3,2016-02-14, 07:10,A,67,5.0       ,297.9,31.3
25.449,97.248,316.1,1.9,1.3,2016-02-14, 07:10,A,65,5.0       ,297.9,29
25.188,93.981,313.3,1.2,1.1,2016-02-14, 07:10,A,58,5.0       ,299.2,13.6
24.469,88.278,318.8,1.2,1.1,2016-02-14, 07:10,A,65,5.0       ,299.4,16.8
25.407,94.709,320.9,1.3,1.1,2016-02-14, 07:10,A,65,5.0       ,299,26.3
16.34,103.317,324.6,4,1.9,2016-02-14, 07:10,A,68,5.0       ,309.2,90.3
16.346,103.308,327.7,4,1.9,2016-02-14, 07:10,A,65,5.0       ,309.2,117.2
16.125,100.674,325.6,2.5,1.5,2016-02-14, 07:10,A,79,5.0       ,307.6,44.8
16.05,99.318,322.2,1.9,1.4,2016-02-14, 07:10,A,32,5.0       ,304.8,27.2
16.202,100.432,323.1,2.4,1.5,2016-02-14, 07:10,A,61,5.0       ,308.8,26.6
16.041,98.826,321.5,1.8,1.3,2016-02-14, 07:10,A,72,5.0       ,308.2,25.9
16.498,102.618,324.7,3.5,1.8,2016-02-14, 07:10,A,78,5.0       ,310.9,63.5
15.963,97.799,321.8,1.5,1.2,2016-02-14, 07:10,A,63,5.0       ,305,20.4
16.542,102.948,327.2,3.8,1.8,2016-02-14, 07:10,A,77,5.0       ,312.8,86.4
16.508,102.609,326.2,3.5,1.8,2016-02-14, 07:10,A,79,5.0       ,310.9,76
16.127,98.773,327.3,1.8,1.3,2016-02-14, 07:10,A,80,5.0       ,306.3,45.1
16.58,102.939,323.2,3.8,1.8,2016-02-14, 07:10,A,59,5.0       ,310.2,52.4
16.633,102.492,334.2,3.5,1.8,2016-02-14, 07:10,A,86,5.0       ,311.1,144.5
16.12,97.719,326,1.5,1.2,2016-02-14, 07:10,A,64,5.0       ,309.7,23.1
16.629,102.485,327.7,3.5,1.8,2016-02-14, 07:10,A,81,5.0       ,310.3,81.3
16.012,95.573,338.3,1.1,1.1,2016-02-14, 07:10,A,89,5.0       ,301.3,41
16.03,95.448,326.4,1.1,1,2016-02-14, 07:10,A,52,5.0       ,309.5,12.4
16.333,97.657,328.7,1.5,1.2,2016-02-14, 07:10,A,40,5.0       ,313.6,26.4
16.891,102.51,330.9,3.5,1.8,2016-02-14, 07:10,A,83,5.0       ,309.8,130.7
16.888,102.477,343,3.5,1.8,2016-02-14, 07:10,A,92,5.0       ,309.8,259.2
16.031,95.242,326.6,1.1,1,2016-02-14, 07:10,A,80,5.0       ,306.3,23.3
16.104,95.638,352,1.1,1.1,2016-02-14, 07:10,A,96,5.0       ,308.1,67.2
16.421,97.918,331.6,1.6,1.2,2016-02-14, 07:10,A,84,5.0       ,311.8,37
15.996,94.322,314.4,1,1,2016-02-14, 07:10,A,43,5.0       ,303.4,7.8
16.154,95.198,320.1,1.1,1,2016-02-14, 07:10,A,72,5.0       ,307.3,13.1
16.264,95.905,327.1,1.2,1.1,2016-02-14, 07:10,A,80,5.0       ,308.3,19.4
-3.53,105.293,316.4,2.8,1.6,2016-02-14, 07:05,A,21,5.0       ,292.1,40.6
-1.359,103.767,319,2.3,1.5,2016-02-14, 07:05,A,46,5.0       ,297.5,39.3
1.339,102.447,324.2,2,1.4,2016-02-14, 07:05,A,33,5.0       ,297.9,43.8
11.699,104.335,326.9,2.4,1.5,2016-02-14, 14:55,T,100,5.0       ,295.4,111.6
12.425,105.777,305.9,1.8,1.3,2016-02-14, 14:55,T,38,5.0       ,295.9,14.3
12.65,105.877,307.7,1.8,1.3,2016-02-14, 14:55,T,56,5.0       ,296.2,16.1
13.486,107.286,309.5,1.4,1.2,2016-02-14, 14:55,T,66,5.0       ,295,18.6
13.369,106.34,307.5,1.6,1.2,2016-02-14, 14:55,T,54,5.0       ,295.8,16.5
13.61,107.754,306.2,1.3,1.1,2016-02-14, 14:55,T,43,5.0       ,295.2,11.5
13.613,106.354,311.7,1.6,1.2,2016-02-14, 14:55,T,76,5.0       ,297.5,22.5
13.624,106.352,320.1,1.6,1.2,2016-02-14, 14:55,T,100,5.0       ,297.3,39.2
13.635,106.35,307.3,1.6,1.2,2016-02-14, 14:55,T,31,5.0       ,296.8,14
13.803,106.96,309.2,1.4,1.2,2016-02-14, 14:55,T,65,5.0       ,295.5,19.9
14.105,107.641,309.1,1.3,1.1,2016-02-14, 14:55,T,64,5.0       ,295,16.2
13.769,102.592,305.5,3,1.7,2016-02-14, 14:55,T,33,5.0       ,294.5,30
13.769,102.585,305,3,1.7,2016-02-14, 14:55,T,12,5.0       ,294.5,30.8
16.354,104.154,320,2,1.4,2016-02-14, 14:55,T,99,5.0       ,293,71.5
16.488,103.567,307.1,2.3,1.5,2016-02-14, 14:55,T,52,5.0       ,292.9,38.2
16.486,103.561,313,2.3,1.5,2016-02-14, 14:55,T,80,5.0       ,293.2,54.2
17.734,100.024,315.5,3.9,1.8,2016-02-14, 15:00,T,88,5.0       ,295,135.1
19.974,103.518,308.6,1.9,1.4,2016-02-14, 15:00,T,62,5.0       ,286.9,41.3
20.435,103.904,306.2,1.8,1.3,2016-02-14, 15:00,T,42,5.0       ,287.8,29.2
21.525,103.8,305.2,1.7,1.3,2016-02-14, 15:00,T,25,5.0       ,291.6,21.6
27.724,102.21,321.7,1.7,1.3,2016-02-14, 15:00,T,100,5.0       ,278.8,71.9
27.726,102.22,306,1.7,1.3,2016-02-14, 15:00,T,41,5.0       ,278.3,36.9
27.723,102.205,310.1,1.7,1.3,2016-02-14, 15:00,T,69,5.0       ,278.1,44.4
-8.109,112.927,306.5,1.2,1.1,2016-02-14, 14:50,T,32,5.0       ,279,19.2
-2.2,115.542,307.1,1,1,2016-02-14, 14:50,T,52,5.0       ,294.2,8
-0.948,117.032,306.4,1.2,1.1,2016-02-14, 14:50,T,44,5.0       ,293.5,11
0.222,116.715,306.9,1.2,1.1,2016-02-14, 14:50,T,49,5.0       ,291.1,14.4
17.745,100.029,313.8,1.6,1.2,2016-02-14, 19:20,A,83,5.0       ,294.3,32.5
17.742,100.044,317.7,1.6,1.2,2016-02-14, 19:20,A,94,5.0       ,295.7,42
17.733,100.027,310.9,1.6,1.2,2016-02-14, 19:20,A,73,5.0       ,293.9,27.3
17.731,100.041,318,1.6,1.2,2016-02-14, 19:20,A,95,5.0       ,296.1,43
16.004,101.393,305.2,2.1,1.4,2016-02-14, 19:20,A,24,5.0       ,294.2,30.4
15.965,97.809,308.6,1.2,1.1,2016-02-14, 19:25,A,62,5.0       ,294.4,15
14.863,99.032,310.4,1.5,1.2,2016-02-14, 19:25,A,71,5.0       ,295.4,22.5
0.66,117.46,305.2,1,1,2016-02-14, 17:50,A,15,5.0       ,292.9,6.5
-8.112,112.929,324.7,1.1,1,2016-02-14, 17:50,A,100,5.0       ,282.1,38.8
-8.122,112.936,312.6,1.1,1,2016-02-14, 17:50,A,79,5.0       ,284,22.2
26.579,101.666,305.7,1.4,1.2,2016-02-14, 19:20,A,35,5.0       ,285.9,21.4
22.663,96.082,305.2,1,1,2016-02-14, 19:20,A,24,5.0       ,292.7,10.7
22.192,96.405,307.1,1,1,2016-02-14, 19:20,A,52,5.0       ,292,11.8
19.188,94.689,305.6,1,1,2016-02-14, 19:20,A,33,5.0       ,295,9.6