latitude,longitude,brightness,scan,track,acq_date,acq_time,satellite,confidence,version,bright_t31,frp
30.607,118.368,321.8,1.1,1,2016-02-10, 02:45,T,74,5.0       ,293.4,28.1
30.957,115.407,315.5,1.5,1.2,2016-02-10, 02:45,T,64,5.0       ,292.5,31.6
30.261,117.118,322.6,1.2,1.1,2016-02-10, 02:45,T,75,5.0       ,294.2,30.4
30.259,117.13,312.7,1.2,1.1,2016-02-10, 02:45,T,51,5.0       ,293.9,15.9
30.257,117.123,322.4,1.2,1.1,2016-02-10, 02:45,T,75,5.0       ,295.1,32.6
29.914,117.688,356.9,1.1,1,2016-02-10, 02:45,T,98,5.0       ,293.6,103.9
29.913,117.699,310.9,1.1,1,2016-02-10, 02:45,T,33,5.0       ,290.4,15.3
29.909,117.68,323.8,1.1,1,2016-02-10, 02:45,T,77,5.0       ,290.6,33.8
29.908,117.691,333.6,1.1,1,2016-02-10, 02:45,T,86,5.0       ,291.3,50.5
29.87,116.647,310.4,1.2,1.1,2016-02-10, 02:45,T,37,5.0       ,292.3,17
29.761,117.452,337,1.1,1.1,2016-02-10, 02:45,T,88,5.0       ,293.1,56.6
29.757,117.444,324.3,1.1,1.1,2016-02-10, 02:45,T,77,5.0       ,292.9,36.1
29.755,117.455,324.6,1.1,1.1,2016-02-10, 02:45,T,78,5.0       ,292.2,36.7
29.582,115.738,311.5,1.4,1.2,2016-02-10, 02:45,T,49,5.0       ,290.2,23.3
29.183,117.732,317.1,1.1,1,2016-02-10, 02:45,T,67,5.0       ,290.4,24.2
29.157,117.378,317.3,1.1,1.1,2016-02-10, 02:45,T,68,5.0       ,292.3,24.8
29.178,115.97,320,1.3,1.1,2016-02-10, 02:45,T,68,5.0       ,288.1,35.7
28.984,117.441,326,1.1,1,2016-02-10, 02:45,T,79,5.0       ,292.4,36
28.964,116.645,316.7,1.2,1.1,2016-02-10, 02:45,T,50,5.0       ,290.7,27.1
28.822,117.613,310.7,1.1,1,2016-02-10, 02:45,T,42,5.0       ,292,14.7
22.598,97.521,311.4,1.4,1.2,2016-02-10, 04:30,T,49,5.0       ,296.3,16.7
22.836,95.461,316,1.1,1,2016-02-10, 04:30,T,65,5.0       ,299.2,10.9
22.513,95.568,312.7,1.1,1.1,2016-02-10, 04:30,T,55,5.0       ,298.7,7.6
22.4,95.753,312.7,1.1,1.1,2016-02-10, 04:30,T,55,5.0       ,298.7,7.4
22.33,96.118,314.6,1.2,1.1,2016-02-10, 04:30,T,61,5.0       ,299.7,9.1
22.38,95.637,313.3,1.1,1.1,2016-02-10, 04:30,T,54,5.0       ,298.8,6.3
22.072,96.919,311.7,1.3,1.1,2016-02-10, 04:30,T,50,5.0       ,296.9,11.8
22.056,96.592,314.3,1.3,1.1,2016-02-10, 04:30,T,61,5.0       ,298.5,15.5
21.988,96.252,310.8,1.2,1.1,2016-02-10, 04:30,T,43,5.0       ,297.9,11.5
22.288,94.055,312.3,1,1,2016-02-10, 04:30,T,52,5.0       ,299.8,7.9
21.732,96.435,323.3,1.3,1.1,2016-02-10, 04:30,T,76,5.0       ,300.4,29.4
21.73,96.447,315.5,1.3,1.1,2016-02-10, 04:30,T,63,5.0       ,298.8,16.7
22.097,94.039,313.2,1,1,2016-02-10, 04:30,T,44,5.0       ,301.6,8.2
22.095,94.049,312.1,1,1,2016-02-10, 04:30,T,28,5.0       ,300.3,7.4
21.551,96.351,313.1,1.3,1.1,2016-02-10, 04:30,T,51,5.0       ,300,9
21.124,97.228,318.6,1.4,1.2,2016-02-10, 04:30,T,70,5.0       ,298.6,26
20.206,95.658,317.3,1.2,1.1,2016-02-10, 04:30,T,65,5.0       ,303.2,12
20.23,94.534,317.7,1.1,1,2016-02-10, 04:30,T,68,5.0       ,302.9,10.8
20.031,94.686,322.8,1.1,1,2016-02-10, 04:30,T,76,5.0       ,303.9,17
19.771,95.677,322.7,1.2,1.1,2016-02-10, 04:30,T,75,5.0       ,303.6,20
19.769,95.689,319.3,1.2,1.1,2016-02-10, 04:30,T,71,5.0       ,303.1,14.9
19.296,98.214,311.7,1.8,1.3,2016-02-10, 04:30,T,50,5.0       ,295.8,28.6
19.374,97.375,318.8,1.6,1.2,2016-02-10, 04:30,T,70,5.0       ,300.1,30.3
19.789,94.683,316.3,1.1,1,2016-02-10, 04:30,T,66,5.0       ,303.1,9.2
19.788,94.694,324.6,1.1,1,2016-02-10, 04:30,T,78,5.0       ,303.1,20.7
19.664,95.131,321.9,1.1,1.1,2016-02-10, 04:30,T,75,5.0       ,302.4,18.7
19.591,95.135,315.7,1.2,1.1,2016-02-10, 04:30,T,50,5.0       ,301.5,10.6
19.369,96.25,318,1.3,1.1,2016-02-10, 04:30,T,68,5.0       ,303.1,17.4
19.408,94.699,319.2,1.1,1,2016-02-10, 04:30,T,71,5.0       ,302.6,13.1
18.785,97.445,313.4,1.6,1.3,2016-02-10, 04:30,T,46,5.0       ,301.4,15.3
19.194,94.821,315.5,1.1,1.1,2016-02-10, 04:30,T,64,5.0       ,302,10
17.591,101.541,322.1,3.5,1.8,2016-02-10, 04:30,T,75,5.0       ,298,123.6
17.597,101.535,317.7,3.5,1.8,2016-02-10, 04:30,T,68,5.0       ,297.8,95.9
18.432,96.453,318.9,1.4,1.2,2016-02-10, 04:30,T,70,5.0       ,302.5,22.7
16.853,102.164,316,4,1.9,2016-02-10, 04:30,T,64,5.0       ,301.4,81.7
16.848,102.157,315.6,4,1.9,2016-02-10, 04:30,T,63,5.0       ,301.7,79.3
17.39,96.694,317,1.5,1.2,2016-02-10, 04:30,T,62,5.0       ,306.1,15.4
17.518,95.901,333.3,1.4,1.2,2016-02-10, 04:30,T,85,5.0       ,306.2,44
17.516,95.913,339.2,1.4,1.2,2016-02-10, 04:30,T,89,5.0       ,307.5,58.8
16.07,102.221,311.5,4.2,1.9,2016-02-10, 04:30,T,49,5.0       ,300.3,49.3
16.116,100.838,315.5,3.3,1.7,2016-02-10, 04:30,T,52,5.0       ,304.4,48.2
17.026,95.327,318,1.3,1.1,2016-02-10, 04:30,T,69,5.0       ,304.3,15.7
15.492,102.433,315.2,4.5,2,2016-02-10, 04:30,T,53,5.0       ,300.6,64.2
15.482,102.469,315.3,4.5,2,2016-02-10, 04:30,T,61,5.0       ,300.7,63.2
16.386,96.209,322.2,1.5,1.2,2016-02-10, 04:30,T,75,5.0       ,307.7,18.5
16.262,95.914,316.3,1.4,1.2,2016-02-10, 04:30,T,65,5.0       ,304.9,15.7
15.073,102.316,314.7,4.5,2,2016-02-10, 04:30,T,62,5.0       ,301.7,62.2
15.072,102.309,315,4.5,2,2016-02-10, 04:30,T,62,5.0       ,302,65.2
16.176,95.746,313.8,1.4,1.2,2016-02-10, 04:30,T,33,5.0       ,302.2,14
16.17,95.739,314,1.4,1.2,2016-02-10, 04:30,T,26,5.0       ,302,13.7
16.104,95.624,320.4,1.4,1.2,2016-02-10, 04:30,T,73,5.0       ,306.3,16.5
-2.582,121.378,327.3,1.8,1.3,2016-02-10, 05:50,A,80,5.0       ,295.8,56.8
-2.584,121.362,316.1,1.8,1.3,2016-02-10, 05:50,A,60,5.0       ,294.4,22.2
-0.564,116.326,322.2,1,1,2016-02-10, 05:50,A,35,5.0       ,297.3,12.4
-0.412,116.357,322.3,1,1,2016-02-10, 05:50,A,59,5.0       ,298,13.8
-0.404,116.217,321.1,1,1,2016-02-10, 05:50,A,0,5.0       ,299.5,12.8
0.005,117.41,339.4,1.1,1,2016-02-10, 05:50,A,89,5.0       ,301.4,34.6
-0.127,116.288,312.1,1,1,2016-02-10, 05:50,A,26,5.0       ,290.9,5.7
0.076,116.676,321.8,1,1,2016-02-10, 05:50,A,35,5.0       ,298.3,16.9
0.085,116.675,320,1,1,2016-02-10, 05:50,A,32,5.0       ,296.6,14.6
0.14,116.734,319.7,1,1,2016-02-10, 05:50,A,53,5.0       ,295.1,12
11.768,120.012,313.4,2.5,1.5,2016-02-10, 05:55,A,35,5.0       ,299.5,34
11.041,104.15,318.9,3.4,1.7,2016-02-10, 05:55,A,37,5.0       ,300,80.1
11.042,104.174,318.5,3.4,1.7,2016-02-10, 05:55,A,67,5.0       ,300.2,74
12.026,107.889,323.3,1.7,1.3,2016-02-10, 05:55,A,76,5.0       ,297.9,35.7
12.017,107.828,325.2,1.7,1.3,2016-02-10, 05:55,A,78,5.0       ,298,42.5
12.014,107.813,339.4,1.7,1.3,2016-02-10, 05:55,A,89,5.0       ,298.7,91.4
12.025,107.883,321.3,1.7,1.3,2016-02-10, 05:55,A,74,5.0       ,297.6,30.8
12.026,107.82,360.8,1.7,1.3,2016-02-10, 05:55,A,100,5.0       ,295.9,199.4
12.023,107.805,330,1.7,1.3,2016-02-10, 05:55,A,83,5.0       ,296.3,58.6
12.03,107.772,315.1,1.7,1.3,2016-02-10, 05:55,A,49,5.0       ,297.6,14
11.71,105.077,318.7,2.8,1.6,2016-02-10, 05:55,A,27,5.0       ,295.2,40.4
12.001,106.428,318.1,2.2,1.4,2016-02-10, 05:55,A,40,5.0       ,281.8,46.9
11.636,104.061,317.3,3.4,1.7,2016-02-10, 05:55,A,38,5.0       ,297.9,45.9
12.639,107.558,322.2,1.7,1.3,2016-02-10, 05:55,A,72,5.0       ,303.3,32.5
12.636,107.542,326.3,1.8,1.3,2016-02-10, 05:55,A,79,5.0       ,303.7,43.8
12.634,107.526,320.1,1.8,1.3,2016-02-10, 05:55,A,67,5.0       ,304.6,22.5
12.635,107.461,319.5,1.8,1.3,2016-02-10, 05:55,A,53,5.0       ,304.6,18.5
12.647,107.391,321.5,1.8,1.3,2016-02-10, 05:55,A,71,5.0       ,306.9,22.1
12.269,104.893,325.6,2.8,1.6,2016-02-10, 05:55,A,0,5.0       ,308,74.4
12.714,107.521,323.5,1.8,1.3,2016-02-10, 05:55,A,42,5.0       ,307.8,24.6
12.781,107.857,322,1.6,1.3,2016-02-10, 05:55,A,39,5.0       ,307.4,15.9
12.02,103.219,310.7,3.9,1.8,2016-02-10, 05:55,A,36,5.0       ,296.7,63.2
12.758,107.281,323.2,1.8,1.3,2016-02-10, 05:55,A,52,5.0       ,305.9,22.7
12.764,107.275,324.5,1.8,1.3,2016-02-10, 05:55,A,72,5.0       ,305.3,31.7
12.519,105.849,316,2.4,1.5,2016-02-10, 05:55,A,65,5.0       ,287.4,29.2
12.355,104.759,317.6,2.9,1.6,2016-02-10, 05:55,A,55,5.0       ,303.3,32.6
12.365,104.73,316.7,2.9,1.6,2016-02-10, 05:55,A,36,5.0       ,302.2,28.9
12.638,105.843,322.7,2.4,1.5,2016-02-10, 05:55,A,47,5.0       ,292.7,45.7
12.948,107.533,356.6,1.7,1.3,2016-02-10, 05:55,A,98,5.0       ,307.7,157.8
12.669,105.704,315,2.4,1.5,2016-02-10, 05:55,A,38,5.0       ,290.6,24.1
12.684,105.419,317.5,2.5,1.5,2016-02-10, 05:55,A,26,5.0       ,303.8,33.7
12.765,105.815,320.5,2.4,1.5,2016-02-10, 05:55,A,47,5.0       ,297.8,38.9
12.691,105.411,324.2,2.5,1.5,2016-02-10, 05:55,A,68,5.0       ,303.8,64.7
12.831,105.451,317.9,2.5,1.5,2016-02-10, 05:55,A,53,5.0       ,301.5,39.7
13.06,105.626,319.3,2.4,1.5,2016-02-10, 05:55,A,71,5.0       ,300,54.7
12.592,103.025,319.3,3.9,1.8,2016-02-10, 05:55,A,54,5.0       ,301.4,72.2
13.418,107.453,328.8,1.7,1.3,2016-02-10, 05:55,A,82,5.0       ,311,28.2
13.048,105.232,319.6,2.6,1.5,2016-02-10, 05:55,A,52,5.0       ,305.8,44.7
13.445,107.544,324.4,1.7,1.3,2016-02-10, 05:55,A,67,5.0       ,306.1,20.7
13.442,107.529,321.7,1.7,1.3,2016-02-10, 05:55,A,51,5.0       ,305.2,11.3
13.418,107.462,327.3,1.7,1.3,2016-02-10, 05:55,A,61,5.0       ,309.9,23.3
13.443,107.538,326.4,1.7,1.3,2016-02-10, 05:55,A,80,5.0       ,305.9,27
12.744,103.166,323.5,3.8,1.8,2016-02-10, 05:55,A,76,5.0       ,303.3,77.4
12.751,103.16,324.5,3.8,1.8,2016-02-10, 05:55,A,78,5.0       ,302.9,85
13.444,106.861,323.4,1.9,1.3,2016-02-10, 05:55,A,76,5.0       ,298.5,41.1
13.496,107.096,316,1.8,1.3,2016-02-10, 05:55,A,58,5.0       ,285.6,20
13.599,107.646,324.6,1.7,1.3,2016-02-10, 05:55,A,59,5.0       ,307.3,30.7
13.06,104.497,317.3,2.9,1.6,2016-02-10, 05:55,A,39,5.0       ,292.9,50
12.813,103.041,318.9,3.8,1.8,2016-02-10, 05:55,A,51,5.0       ,304.7,59.4
13.732,108.185,322.3,1.5,1.2,2016-02-10, 05:55,A,54,5.0       ,306,13.9
13.63,107.413,330.8,1.7,1.3,2016-02-10, 05:55,A,83,5.0       ,304.3,53.8
13.59,107.174,321.8,1.8,1.3,2016-02-10, 05:55,A,74,5.0       ,283.5,41.9
13.583,106.988,313.3,1.9,1.3,2016-02-10, 05:55,A,32,5.0       ,287.9,12.6
13.422,105.805,318.2,2.3,1.5,2016-02-10, 05:55,A,57,5.0       ,291.1,44.5
13.623,105.904,319.4,2.2,1.4,2016-02-10, 05:55,A,57,5.0       ,300.1,27.4
13.832,107.086,315.4,1.8,1.3,2016-02-10, 05:55,A,46,5.0       ,299.4,13.8
13.826,107.082,315.9,1.8,1.3,2016-02-10, 05:55,A,60,5.0       ,300.5,16.3
13.621,105.899,317.8,2.2,1.4,2016-02-10, 05:55,A,41,5.0       ,299.6,21
13.657,105.955,321.5,2.2,1.4,2016-02-10, 05:55,A,73,5.0       ,303.7,30.7
13.91,107.363,316.7,1.7,1.3,2016-02-10, 05:55,A,24,5.0       ,289,20.7
14.054,107.537,315.4,1.7,1.3,2016-02-10, 05:55,A,41,5.0       ,299.8,20.9
14.108,107.583,333.6,1.6,1.3,2016-02-10, 05:55,A,86,5.0       ,302.2,69
14.059,107.226,319.9,1.7,1.3,2016-02-10, 05:55,A,70,5.0       ,295,30.1
14.057,107.21,317.6,1.7,1.3,2016-02-10, 05:55,A,60,5.0       ,293.7,22.4
13.818,104.812,319.9,2.7,1.6,2016-02-10, 05:55,A,43,5.0       ,297.8,33
13.845,104.776,319.2,2.7,1.6,2016-02-10, 05:55,A,42,5.0       ,299.1,25.7
13.874,104.694,323.6,2.7,1.6,2016-02-10, 05:55,A,77,5.0       ,303.1,54.8
13.879,104.687,324.8,2.7,1.6,2016-02-10, 05:55,A,78,5.0       ,302.8,60.5
13.879,104.609,329.3,2.8,1.6,2016-02-10, 05:55,A,82,5.0       ,304.9,87.6
13.917,104.576,319.6,2.8,1.6,2016-02-10, 05:55,A,64,5.0       ,301.6,31.8
14.431,107.028,315.5,1.8,1.3,2016-02-10, 05:55,A,64,5.0       ,290.7,35.8
14.428,107.01,330.4,1.8,1.3,2016-02-10, 05:55,A,83,5.0       ,292,80.9
14.317,106.35,313.5,2,1.4,2016-02-10, 05:55,A,48,5.0       ,299.5,24.2
14.151,105.307,313.7,2.4,1.5,2016-02-10, 05:55,A,51,5.0       ,295.2,29.5
13.878,103.601,314.7,3.3,1.7,2016-02-10, 05:55,A,47,5.0       ,299.1,35.6
14.179,104.77,348.5,2.7,1.6,2016-02-10, 05:55,A,94,5.0       ,305.7,213.5
14.174,104.745,343.9,2.7,1.6,2016-02-10, 05:55,A,92,5.0       ,306,176.6
14.14,104.547,328.7,2.8,1.6,2016-02-10, 05:55,A,82,5.0       ,303.7,84.3
14.173,104.791,324.1,2.7,1.6,2016-02-10, 05:55,A,65,5.0       ,306.9,41.6
14.169,104.767,343,2.7,1.6,2016-02-10, 05:55,A,92,5.0       ,306.7,169.4
14.128,104.544,327.3,2.8,1.6,2016-02-10, 05:55,A,77,5.0       ,303.1,78.3
14.183,104.764,333,2.7,1.6,2016-02-10, 05:55,A,85,5.0       ,304.5,96.2
14.178,104.74,341.6,2.7,1.6,2016-02-10, 05:55,A,91,5.0       ,304.4,161.8
14.247,104.802,341.5,2.6,1.6,2016-02-10, 05:55,A,91,5.0       ,307.1,156.4
14.243,104.778,328.5,2.7,1.6,2016-02-10, 05:55,A,81,5.0       ,305.6,72.3
14.252,104.794,340.3,2.6,1.6,2016-02-10, 05:55,A,90,5.0       ,305.1,147.5
14.285,104.737,324.1,2.7,1.6,2016-02-10, 05:55,A,76,5.0       ,301,53.2
14.456,105.627,323,2.3,1.5,2016-02-10, 05:55,A,76,5.0       ,298.7,44.2
14.418,104.808,313.9,2.6,1.6,2016-02-10, 05:55,A,55,5.0       ,299.9,26.6
14.424,104.8,314.8,2.6,1.6,2016-02-10, 05:55,A,52,5.0       ,301.1,28.5
15.092,106.355,310.3,1.9,1.4,2016-02-10, 05:55,A,30,5.0       ,284.4,25.8
15.423,107.24,312.2,1.6,1.3,2016-02-10, 05:55,A,46,5.0       ,296.8,19.4
15.26,106.258,311.4,2,1.4,2016-02-10, 05:55,A,38,5.0       ,289.1,22.8
15.422,107.234,316.5,1.6,1.3,2016-02-10, 05:55,A,66,5.0       ,296.1,30.4
15.256,106.27,311.7,2,1.4,2016-02-10, 05:55,A,26,5.0       ,289.4,24.2
15.487,107.207,311.5,1.6,1.3,2016-02-10, 05:55,A,49,5.0       ,297,21.4
15.526,105.785,320,2.1,1.4,2016-02-10, 05:55,A,56,5.0       ,304.8,18.8
15.398,103.686,323.1,3,1.7,2016-02-10, 05:55,A,43,5.0       ,303.4,61.3
15.393,103.658,322.6,3.1,1.7,2016-02-10, 05:55,A,43,5.0       ,304.1,58.3
15.364,103.016,318.5,3.4,1.7,2016-02-10, 05:55,A,61,5.0       ,301.6,50
15.211,102.212,319.6,4,1.9,2016-02-10, 05:55,A,61,5.0       ,305,48.8
15.329,102.655,321.5,3.7,1.8,2016-02-10, 05:55,A,74,5.0       ,303.1,85.8
15.409,102.909,320.9,3.5,1.8,2016-02-10, 05:55,A,55,5.0       ,301.8,71.7
15.397,103.035,316.4,3.4,1.7,2016-02-10, 05:55,A,25,5.0       ,300.9,44.6
15.338,102.646,319.5,3.7,1.8,2016-02-10, 05:55,A,71,5.0       ,302.3,69.2
15.416,102.8,320.9,3.6,1.8,2016-02-10, 05:55,A,48,5.0       ,303.7,64.4
15.534,103.259,337.6,3.3,1.7,2016-02-10, 05:55,A,88,5.0       ,301.5,195.2
15.544,103.226,323.9,3.3,1.7,2016-02-10, 05:55,A,71,5.0       ,300.4,80
15.531,103.255,329.7,3.3,1.7,2016-02-10, 05:55,A,82,5.0       ,301.1,125.7
15.546,103.252,325.2,3.3,1.7,2016-02-10, 05:55,A,78,5.0       ,301,92.4
15.54,103.222,323.5,3.3,1.7,2016-02-10, 05:55,A,76,5.0       ,299.9,80.7
15.549,103.189,318.3,3.3,1.7,2016-02-10, 05:55,A,39,5.0       ,298.9,47
15.494,102.469,326.4,3.8,1.8,2016-02-10, 05:55,A,79,5.0       ,303.8,116.6
15.488,102.434,348.1,3.8,1.8,2016-02-10, 05:55,A,94,5.0       ,304.2,377.6
15.486,102.463,337.3,3.8,1.8,2016-02-10, 05:55,A,88,5.0       ,304,232
15.48,102.429,341.6,3.8,1.8,2016-02-10, 05:55,A,91,5.0       ,305.2,289.2
16.107,103.777,318.2,2.9,1.6,2016-02-10, 05:55,A,69,5.0       ,304,36.1
16.803,106.211,312.5,1.8,1.3,2016-02-10, 05:55,A,54,5.0       ,299.5,22.4
16.068,102.231,314.7,3.8,1.8,2016-02-10, 05:55,A,62,5.0       ,303.3,48.8
16.889,104.706,316.6,2.4,1.5,2016-02-10, 05:55,A,51,5.0       ,303.9,32.8
16.589,102.908,321.4,3.3,1.7,2016-02-10, 05:55,A,73,5.0       ,306.9,66.7
17.27,106.632,316,1.7,1.3,2016-02-10, 05:55,A,65,5.0       ,294.8,31.6
16.585,102.904,321.3,3.3,1.7,2016-02-10, 05:55,A,69,5.0       ,307.4,64.2
17.305,106.563,319.1,1.7,1.3,2016-02-10, 05:55,A,71,5.0       ,294.7,42.5
17.113,104.85,320.7,2.3,1.5,2016-02-10, 05:55,A,58,5.0       ,303.9,37.4
17.109,104.829,320.3,2.3,1.5,2016-02-10, 05:55,A,57,5.0       ,306.8,35.9
17.109,104.845,324.1,2.3,1.5,2016-02-10, 05:55,A,59,5.0       ,304.8,47.6
17.179,104.631,322.1,2.4,1.5,2016-02-10, 05:55,A,75,5.0       ,305.6,46.8
17.175,104.625,323.6,2.4,1.5,2016-02-10, 05:55,A,77,5.0       ,306,52
17.765,103.712,319.5,2.7,1.6,2016-02-10, 05:55,A,71,5.0       ,305.6,41.7
17.774,103.729,319.9,2.7,1.6,2016-02-10, 05:55,A,72,5.0       ,304.8,47.8
19.946,109.79,312,1,1,2016-02-10, 05:55,A,44,5.0       ,296.2,9.4
19.945,109.78,312.3,1,1,2016-02-10, 05:55,A,50,5.0       ,297.2,9.6
19.438,105.678,314.2,1.8,1.3,2016-02-10, 05:55,A,60,5.0       ,296.7,32.3
20.554,110.344,340.2,1,1,2016-02-10, 05:55,A,90,5.0       ,296.8,46.5
20.553,110.335,312.3,1,1,2016-02-10, 05:55,A,48,5.0       ,294.4,7.7
20.567,110.244,313.4,1,1,2016-02-10, 05:55,A,57,5.0       ,293.1,9.6
19.401,103.077,315.6,2.8,1.6,2016-02-10, 05:55,A,59,5.0       ,301.1,51.2
19.403,103.072,317.3,2.8,1.6,2016-02-10, 05:55,A,68,5.0       ,301.3,63.4
19.442,101.246,313.3,3.8,1.8,2016-02-10, 05:55,A,58,5.0       ,295.3,95.2
19.435,101.215,312.9,3.8,1.8,2016-02-10, 05:55,A,56,5.0       ,294.1,92.1
19.949,103.55,315.2,2.5,1.5,2016-02-10, 05:55,A,13,5.0       ,294.2,51.7
19.945,103.529,327.1,2.5,1.5,2016-02-10, 05:55,A,80,5.0       ,297,107.4
19.449,101.237,313.2,3.8,1.8,2016-02-10, 05:55,A,47,5.0       ,295.5,90.3
19.939,103.523,312,2.5,1.5,2016-02-10, 05:55,A,38,5.0       ,297.5,43.3
19.957,103.542,320.2,2.5,1.5,2016-02-10, 05:55,A,72,5.0       ,293.8,77.6
19.953,103.521,334.3,2.5,1.5,2016-02-10, 05:55,A,86,5.0       ,297.7,153.7
21.372,110.519,311.2,1,1,2016-02-10, 05:55,A,44,5.0       ,293,10.2
20.69,104.059,310.6,2.2,1.4,2016-02-10, 05:55,A,39,5.0       ,295.7,36.1
20.692,104.077,311.6,2.2,1.4,2016-02-10, 05:55,A,50,5.0       ,295.1,42.4
20.707,103.593,312.4,2.4,1.5,2016-02-10, 05:55,A,54,5.0       ,293.3,48
20.703,103.571,316.5,2.4,1.5,2016-02-10, 05:55,A,66,5.0       ,293.1,67
21.76,109.109,311,1.1,1,2016-02-10, 05:55,A,45,5.0       ,294.9,8.8
21.78,109.116,314.9,1.1,1,2016-02-10, 05:55,A,62,5.0       ,296.1,13.7
21.846,109.242,316.9,1,1,2016-02-10, 05:55,A,61,5.0       ,294,15.7
21.835,109.11,311.5,1.1,1,2016-02-10, 05:55,A,36,5.0       ,290.8,11.3
21.624,107.783,321.8,1.2,1.1,2016-02-10, 05:55,A,74,5.0       ,293.7,30.9
21.845,109.118,386.1,1.1,1,2016-02-10, 05:55,A,100,5.0       ,293.2,201.8
21.844,109.108,362.6,1.1,1,2016-02-10, 05:55,A,100,5.0       ,293.8,109.6
21.964,108.297,314,1.1,1.1,2016-02-10, 05:55,A,60,5.0       ,294.9,16.7
21.962,108.287,318.1,1.1,1.1,2016-02-10, 05:55,A,69,5.0       ,294.7,22.2
21.15,103.347,314,2.5,1.5,2016-02-10, 05:55,A,60,5.0       ,294.2,50.1
21.145,103.323,337.4,2.5,1.5,2016-02-10, 05:55,A,88,5.0       ,296.3,168.6
22.243,109.551,310.9,1,1,2016-02-10, 05:55,A,38,5.0       ,291.2,10.2
22.495,111.162,312.7,1,1,2016-02-10, 05:55,A,54,5.0       ,297,12.1
22.361,107.83,332,1.2,1.1,2016-02-10, 06:00,A,84,5.0       ,301.4,41.6
22.359,107.818,314.4,1.2,1.1,2016-02-10, 06:00,A,48,5.0       ,297.6,13.1
22.371,107.828,316.1,1.2,1.1,2016-02-10, 06:00,A,65,5.0       ,298.5,14.1
22.461,107.943,314.6,1.2,1.1,2016-02-10, 06:00,A,61,5.0       ,299.7,13.8
22.499,107.604,313.1,1.2,1.1,2016-02-10, 06:00,A,52,5.0       ,297.8,11.8
22.032,104.396,314.5,2,1.4,2016-02-10, 06:00,A,61,5.0       ,291.3,46.6
22.035,104.39,319.4,2,1.4,2016-02-10, 06:00,A,71,5.0       ,291.7,61.4
23.244,111.06,312,1,1,2016-02-10, 06:00,A,39,5.0       ,289.1,10.4
23.364,111.135,315.5,1,1,2016-02-10, 06:00,A,64,5.0       ,291.5,13.6
21.568,100.279,316.4,4,1.9,2016-02-10, 06:00,A,66,5.0       ,291,142.3
21.573,100.273,318.7,4,1.9,2016-02-10, 06:00,A,70,5.0       ,291.5,162
23.513,111.018,312.9,1,1,2016-02-10, 06:00,A,56,5.0       ,294.9,12.1
23.716,112.041,311.7,1.1,1,2016-02-10, 06:00,A,50,5.0       ,295.5,12.2
23.591,110.908,310.8,1,1,2016-02-10, 06:00,A,42,5.0       ,292.6,10.9
23.387,109.43,317.4,1,1,2016-02-10, 06:00,A,68,5.0       ,292.6,18.3
23.734,111.019,314.2,1,1,2016-02-10, 06:00,A,61,5.0       ,294.3,14.7
23.115,106.678,326.5,1.3,1.1,2016-02-10, 06:00,A,80,5.0       ,293,47.7
24.169,112.337,326.2,1.1,1.1,2016-02-10, 06:00,A,69,5.0       ,289.7,31.9
24.215,112.138,314.9,1.1,1,2016-02-10, 06:00,A,46,5.0       ,292.6,15.9
24.649,114.181,313.5,1.4,1.2,2016-02-10, 06:00,A,58,5.0       ,292.2,22.8
24.652,114.03,340.7,1.4,1.2,2016-02-10, 06:00,A,78,5.0       ,293,82.6
24.67,113.916,328.4,1.4,1.2,2016-02-10, 06:00,A,81,5.0       ,293.7,47.9
24.669,113.902,324.5,1.4,1.2,2016-02-10, 06:00,A,78,5.0       ,294.6,40.1
24.677,113.907,336.3,1.4,1.2,2016-02-10, 06:00,A,83,5.0       ,293.7,67.2
24.819,114.775,327.4,1.6,1.2,2016-02-10, 06:00,A,81,5.0       ,294.2,55.9
24.818,114.76,331.2,1.6,1.2,2016-02-10, 06:00,A,73,5.0       ,293.6,66
23.444,105.246,321.8,1.6,1.2,2016-02-10, 06:00,A,74,5.0       ,297.8,45.5
24.633,112.54,331.6,1.2,1.1,2016-02-10, 06:00,A,64,5.0       ,288.4,44.4
23.529,105.143,315.3,1.6,1.3,2016-02-10, 06:00,A,63,5.0       ,295.9,30.9
24.017,107.542,311.2,1.2,1.1,2016-02-10, 06:00,A,47,5.0       ,292.8,15
25.066,115.047,324.6,1.6,1.3,2016-02-10, 06:00,A,78,5.0       ,292.1,55.9
23.297,103.227,359.1,2.3,1.5,2016-02-10, 06:00,A,99,5.0       ,292.7,311.8
23.293,103.207,315.2,2.3,1.5,2016-02-10, 06:00,A,63,5.0       ,288.4,57
25.064,115.041,318.9,1.6,1.3,2016-02-10, 06:00,A,60,5.0       ,291.7,38.6
24.951,114.005,312.5,1.4,1.2,2016-02-10, 06:00,A,39,5.0       ,295.6,17.7
23.295,103.223,349.5,2.3,1.5,2016-02-10, 06:00,A,95,5.0       ,291.8,236.1
23.308,103.22,326,2.3,1.5,2016-02-10, 06:00,A,79,5.0       ,288.6,99
25.041,114.234,323.5,1.4,1.2,2016-02-10, 06:00,A,58,5.0       ,292,37.4
23.825,105.646,315.4,1.5,1.2,2016-02-10, 06:00,A,64,5.0       ,296,26.4
25.051,114.045,318.8,1.4,1.2,2016-02-10, 06:00,A,67,5.0       ,293.1,29.8
23.835,105.644,311.1,1.5,1.2,2016-02-10, 06:00,A,40,5.0       ,294.3,17.9
23.828,105.639,313.8,1.5,1.2,2016-02-10, 06:00,A,57,5.0       ,295.5,22.8
24.059,106.789,317.6,1.3,1.1,2016-02-10, 06:00,A,68,5.0       ,292.6,27.3
24.057,106.776,319.1,1.3,1.1,2016-02-10, 06:00,A,71,5.0       ,293.8,30.4
25.154,114.224,314.9,1.4,1.2,2016-02-10, 06:00,A,62,5.0       ,295,24.3
24.999,112.612,333.6,1.2,1.1,2016-02-10, 06:00,A,74,5.0       ,292.1,48.8
24.998,112.6,310.6,1.2,1.1,2016-02-10, 06:00,A,0,5.0       ,286.6,12.6
23.775,104.58,310.5,1.8,1.3,2016-02-10, 06:00,A,34,5.0       ,292.3,24.5
24.34,107.645,312.7,1.1,1.1,2016-02-10, 06:00,A,55,5.0       ,294.7,16
25.291,114.104,337.2,1.4,1.2,2016-02-10, 06:00,A,88,5.0       ,295.2,77.8
25.289,114.089,313.8,1.4,1.2,2016-02-10, 06:00,A,59,5.0       ,293.1,23.9
25.443,114.449,317.5,1.5,1.2,2016-02-10, 06:00,A,68,5.0       ,295.7,28.3
24.206,105.773,313.8,1.4,1.2,2016-02-10, 06:00,A,59,5.0       ,292.9,25.2
24.081,105.056,314.3,1.6,1.3,2016-02-10, 06:00,A,61,5.0       ,296.2,25.2
24.6,108.126,311.8,1.1,1,2016-02-10, 06:00,A,51,5.0       ,294.6,13
24.092,105.054,312.4,1.6,1.3,2016-02-10, 06:00,A,50,5.0       ,295,22.3
24.081,104.925,310.4,1.6,1.3,2016-02-10, 06:00,A,38,5.0       ,295,21.7
24.083,104.935,316.3,1.6,1.3,2016-02-10, 06:00,A,65,5.0       ,294.5,35.5
25.485,114.404,315.8,1.5,1.2,2016-02-10, 06:00,A,64,5.0       ,294.2,27.8
24.079,104.721,320,1.7,1.3,2016-02-10, 06:00,A,68,5.0       ,290.5,46.7
25.542,113.826,355.9,1.4,1.2,2016-02-10, 06:00,A,98,5.0       ,293.1,137.9
24.756,107.837,321.8,1.1,1,2016-02-10, 06:00,A,74,5.0       ,294.3,27.1
24.754,107.826,313.4,1.1,1,2016-02-10, 06:00,A,58,5.0       ,294.5,16.1
24.521,105.929,312.4,1.4,1.2,2016-02-10, 06:00,A,54,5.0       ,292.6,22.8
25.943,116.171,311.3,2,1.4,2016-02-10, 06:00,A,48,5.0       ,294.1,28.9
24.872,107.688,313.5,1.1,1.1,2016-02-10, 06:00,A,58,5.0       ,292.7,16.1
25.765,114.169,315.1,1.5,1.2,2016-02-10, 06:00,A,54,5.0       ,292,26.1
25.596,112.757,318.6,1.2,1.1,2016-02-10, 06:00,A,50,5.0       ,293.6,22.5
25.595,112.746,338.7,1.2,1.1,2016-02-10, 06:00,A,89,5.0       ,295.2,60.4
24.76,106.676,316.8,1.3,1.1,2016-02-10, 06:00,A,67,5.0       ,293.2,26.2
24.576,105.298,330.8,1.5,1.2,2016-02-10, 06:00,A,83,5.0       ,295.5,65.1
25.656,112.42,323.9,1.2,1.1,2016-02-10, 06:00,A,77,5.0       ,293.1,29.1
24.959,106.899,314.2,1.2,1.1,2016-02-10, 06:00,A,61,5.0       ,292.9,20.8
26.061,114.882,316.5,1.6,1.3,2016-02-10, 06:00,A,66,5.0       ,292.6,32.7
25.809,112.256,322,1.1,1.1,2016-02-10, 06:00,A,68,5.0       ,293,26
25.952,112.914,324.6,1.2,1.1,2016-02-10, 06:00,A,78,5.0       ,295.6,34.7
26.069,112.138,310.7,1.1,1.1,2016-02-10, 06:00,A,42,5.0       ,290.9,15.7
26.133,112.575,349.6,1.2,1.1,2016-02-10, 06:00,A,95,5.0       ,292.6,92.4
26.132,112.564,326.9,1.2,1.1,2016-02-10, 06:00,A,80,5.0       ,292.3,38.4
26.142,112.563,329.1,1.2,1.1,2016-02-10, 06:00,A,82,5.0       ,292.9,42.8
26.023,111.221,311.1,1.1,1,2016-02-10, 06:00,A,32,5.0       ,290.4,13.4
26.343,113.126,310.8,1.3,1.1,2016-02-10, 06:00,A,32,5.0       ,288.6,13.7
26.103,111.203,313.8,1.1,1,2016-02-10, 06:00,A,54,5.0       ,294.1,13.5
26.207,111.709,322.7,1.1,1,2016-02-10, 06:00,A,71,5.0       ,292.7,26.3
26.205,111.698,372.6,1.1,1,2016-02-10, 06:00,A,100,5.0       ,297.3,152.9
26.487,113.567,310.7,1.4,1.2,2016-02-10, 06:00,A,37,5.0       ,289.9,15.3
26.753,115.834,331.3,2,1.4,2016-02-10, 06:00,A,84,5.0       ,294.9,93.2
26.751,115.815,321.6,2,1.4,2016-02-10, 06:00,A,74,5.0       ,294.7,57.5
26.504,113.538,315,1.4,1.2,2016-02-10, 06:00,A,51,5.0       ,294.6,20.9
26.503,113.525,321.2,1.4,1.2,2016-02-10, 06:00,A,74,5.0       ,295.1,32.7
26.37,112.344,310.7,1.2,1.1,2016-02-10, 06:00,A,41,5.0       ,294.2,13.4
26.347,112.159,318.2,1.2,1.1,2016-02-10, 06:00,A,69,5.0       ,295.6,20.8
26.41,112.579,320.7,1.2,1.1,2016-02-10, 06:00,A,67,5.0       ,295.1,24.4
26.382,112.354,379.9,1.2,1.1,2016-02-10, 06:00,A,100,5.0       ,297.7,202.7
26.38,112.342,361.5,1.2,1.1,2016-02-10, 06:00,A,100,5.0       ,296.6,124.6
25.733,107.687,313.6,1.1,1,2016-02-10, 06:00,A,58,5.0       ,291.3,17
25.731,107.677,322.6,1.1,1,2016-02-10, 06:00,A,75,5.0       ,292,29.5
26.439,112.569,322.2,1.2,1.1,2016-02-10, 06:00,A,65,5.0       ,293.9,28.3
26.413,112.355,318.1,1.2,1.1,2016-02-10, 06:00,A,69,5.0       ,294.1,22.1
26.412,112.344,324.6,1.2,1.1,2016-02-10, 06:00,A,78,5.0       ,294.8,32.3
27.105,118.587,315.7,3.1,1.7,2016-02-10, 06:00,A,64,5.0       ,294,84
26.499,112.572,324.7,1.2,1.1,2016-02-10, 06:00,A,78,5.0       ,295.4,31.5
26.637,113.626,323.6,1.4,1.2,2016-02-10, 06:00,A,56,5.0       ,295.9,36.1
26.923,116.132,318.5,2.1,1.4,2016-02-10, 06:00,A,70,5.0       ,292.8,54.7
27.105,118.579,320.1,3.1,1.7,2016-02-10, 06:00,A,72,5.0       ,294,104.6
26.926,116.144,314.9,2.1,1.4,2016-02-10, 06:00,A,62,5.0       ,292,47.4
26.477,111.737,312.5,1.1,1.1,2016-02-10, 06:00,A,54,5.0       ,291.4,13.5
26.957,115.697,319.6,1.9,1.4,2016-02-10, 06:00,A,71,5.0       ,293.8,53.5
26.94,115.529,315.8,1.9,1.3,2016-02-10, 06:00,A,65,5.0       ,295,38.1
26.93,115.436,325,1.8,1.3,2016-02-10, 06:00,A,78,5.0       ,294.2,64.2
26.928,115.417,347.6,1.8,1.3,2016-02-10, 06:00,A,94,5.0       ,295.7,157.9
25.672,106.172,326,1.3,1.1,2016-02-10, 06:00,A,79,5.0       ,293.2,40.3
26.936,115.379,327.4,1.8,1.3,2016-02-10, 06:00,A,80,5.0       ,294.8,69.6
26.934,115.36,329.8,1.8,1.3,2016-02-10, 06:00,A,83,5.0       ,296.3,78.4
25.68,106.164,311.6,1.3,1.1,2016-02-10, 06:00,A,50,5.0       ,293.2,17.6
26.96,115.692,313.5,1.9,1.4,2016-02-10, 06:00,A,58,5.0       ,293.5,35.3
26.944,115.522,316.6,1.9,1.3,2016-02-10, 06:00,A,66,5.0       ,294.9,40.8
26.935,115.43,341.3,1.8,1.3,2016-02-10, 06:00,A,91,5.0       ,294.8,127.4
26.933,115.411,331.5,1.8,1.3,2016-02-10, 06:00,A,84,5.0       ,294.8,85.1
26.435,111.079,315.5,1.1,1,2016-02-10, 06:00,A,55,5.0       ,288.3,18.7
26.941,115.372,329.4,1.8,1.3,2016-02-10, 06:00,A,82,5.0       ,295.2,77.1
26.939,115.354,312.8,1.8,1.3,2016-02-10, 06:00,A,35,5.0       ,295.2,28.2
26.523,111.69,314.3,1.1,1,2016-02-10, 06:00,A,47,5.0       ,290.7,15.9
26.837,113.87,320.1,1.4,1.2,2016-02-10, 06:00,A,72,5.0       ,290.8,36.6
27.228,117.574,311.2,2.6,1.6,2016-02-10, 06:00,A,47,5.0       ,291.7,51.8
26.643,112.177,313.1,1.2,1.1,2016-02-10, 06:00,A,57,5.0       ,295.9,12.7
25.906,106.974,332.3,1.2,1.1,2016-02-10, 06:00,A,85,5.0       ,293.1,48.3
26.662,112.214,311.8,1.2,1.1,2016-02-10, 06:00,A,51,5.0       ,295.2,11.7
25.76,106.023,313,1.3,1.1,2016-02-10, 06:00,A,57,5.0       ,293,20.4
26.947,114.121,321.2,1.5,1.2,2016-02-10, 06:00,A,74,5.0       ,294.4,39.8
25.734,105.164,320.4,1.5,1.2,2016-02-10, 06:00,A,72,5.0       ,296.4,35.4
25.972,106.059,315.8,1.3,1.1,2016-02-10, 06:00,A,65,5.0       ,291,25.1
25.973,106.007,319.1,1.3,1.1,2016-02-10, 06:00,A,71,5.0       ,292.7,31
26.66,110.352,339.7,1,1,2016-02-10, 06:00,A,90,5.0       ,291.5,52
26.658,110.342,311.4,1,1,2016-02-10, 06:00,A,43,5.0       ,287.3,12.3
26.738,110.862,313.7,1,1,2016-02-10, 06:00,A,59,5.0       ,288.7,14.7
27.468,117.063,316.1,2.4,1.5,2016-02-10, 06:00,A,63,5.0       ,293.4,55.4
27.466,117.04,314.4,2.4,1.5,2016-02-10, 06:00,A,51,5.0       ,294.3,48.2
26.428,108.552,323.5,1,1,2016-02-10, 06:00,A,77,5.0       ,291.7,26.1
26.436,108.545,311.6,1,1,2016-02-10, 06:00,A,37,5.0       ,290.8,13
27.461,117.057,321.2,2.4,1.5,2016-02-10, 06:00,A,74,5.0       ,294.1,82.5
26.277,107.349,317.2,1.1,1.1,2016-02-10, 06:00,A,67,5.0       ,290.8,22.8
26.811,110.865,321.1,1,1,2016-02-10, 06:00,A,74,5.0       ,291.3,23.1
27.347,115.315,313.9,1.8,1.3,2016-02-10, 06:00,A,59,5.0       ,294.8,33.6
26.754,110.371,317.2,1,1,2016-02-10, 06:00,A,59,5.0       ,283.1,19.6
26.29,107.186,312.4,1.1,1.1,2016-02-10, 06:00,A,54,5.0       ,290.5,17
27.412,115.712,314.1,2,1.4,2016-02-10, 06:00,A,60,5.0       ,294.5,34.9
27.417,115.704,319.1,2,1.4,2016-02-10, 06:00,A,71,5.0       ,293.4,49.8
9.276,118.307,321.3,1.3,1.1,2016-02-10, 02:55,T,74,5.0       ,299.2,24.6
9.274,118.318,316,1.3,1.1,2016-02-10, 02:55,T,54,5.0       ,297.1,15.8
6.333,116.54,322.3,1.1,1.1,2016-02-10, 02:55,T,75,5.0       ,299.2,20
5.879,116.134,311.7,1.1,1,2016-02-10, 02:55,T,50,5.0       ,294.3,8.1
5.336,115.641,314.9,1.1,1,2016-02-10, 02:55,T,62,5.0       ,299.1,10.7
0.154,116.655,318.1,1.4,1.2,2016-02-10, 02:55,T,69,5.0       ,295,20.6
0.047,116.683,316.2,1.4,1.2,2016-02-10, 02:55,T,52,5.0       ,296.9,17.8
-2.579,121.384,320.7,3.5,1.8,2016-02-10, 02:55,T,69,5.0       ,280.8,131.4
28.883,115.556,312.6,1.4,1.2,2016-02-10, 02:50,T,55,5.0       ,289.8,24.4
28.383,118.29,333.5,1,1,2016-02-10, 02:50,T,85,5.0       ,294.3,42.1
28.381,118.301,322.4,1,1,2016-02-10, 02:50,T,75,5.0       ,293.7,25.7
28.364,118.287,323.3,1,1,2016-02-10, 02:50,T,73,5.0       ,293.5,26
28.356,118.29,315.2,1,1,2016-02-10, 02:50,T,63,5.0       ,292.9,18.1
28.182,119.189,312.6,1,1,2016-02-10, 02:50,T,55,5.0       ,289,18.3
28.514,116.58,316.7,1.2,1.1,2016-02-10, 02:50,T,63,5.0       ,292.4,24.7
28.513,116.592,320.8,1.2,1.1,2016-02-10, 02:50,T,73,5.0       ,293.2,30.8
28.198,118.882,313.8,1,1,2016-02-10, 02:50,T,59,5.0       ,288.9,18.7
28.412,116.668,327,1.2,1.1,2016-02-10, 02:50,T,80,5.0       ,292.6,40.5
27.947,118.448,317.3,1,1,2016-02-10, 02:50,T,68,5.0       ,289.5,22.8
28.188,116.255,314.1,1.2,1.1,2016-02-10, 02:50,T,60,5.0       ,292.3,21.5
28.186,116.267,312.8,1.2,1.1,2016-02-10, 02:50,T,56,5.0       ,292,19.7
28.081,116.125,312.7,1.2,1.1,2016-02-10, 02:50,T,55,5.0       ,292,19.6
28.08,116.137,318.5,1.2,1.1,2016-02-10, 02:50,T,70,5.0       ,292.1,28
27.622,118.273,313.4,1,1,2016-02-10, 02:50,T,58,5.0       ,287,19.6
27.856,116.217,311,1.2,1.1,2016-02-10, 02:50,T,45,5.0       ,292.9,15.9
27.818,116.286,314.1,1.2,1.1,2016-02-10, 02:50,T,60,5.0       ,293.9,20.2
27.531,117.859,329.1,1,1,2016-02-10, 02:50,T,82,5.0       ,288.9,39.7
27.757,115.526,313.8,1.3,1.1,2016-02-10, 02:50,T,59,5.0       ,292.2,24.6
27.481,117.553,311.1,1.1,1,2016-02-10, 02:50,T,46,5.0       ,289.3,17.6
27.218,118.846,317.5,1,1,2016-02-10, 02:50,T,68,5.0       ,289.8,22.3
27.537,116.25,325.2,1.2,1.1,2016-02-10, 02:50,T,78,5.0       ,294,38.2
27.517,116.24,317,1.2,1.1,2016-02-10, 02:50,T,67,5.0       ,293.3,25.2
27.193,118.309,313.3,1,1,2016-02-10, 02:50,T,58,5.0       ,288,18.8
27.191,118.319,325.5,1,1,2016-02-10, 02:50,T,79,5.0       ,289,33.5
27.159,118.355,335.5,1,1,2016-02-10, 02:50,T,87,5.0       ,290.1,48
27.157,118.365,314.6,1,1,2016-02-10, 02:50,T,62,5.0       ,289.1,19
27.433,115.933,313.7,1.3,1.1,2016-02-10, 02:50,T,59,5.0       ,293.8,20.2
27.419,115.711,313.3,1.3,1.1,2016-02-10, 02:50,T,58,5.0       ,293.5,20.8
27.264,116.774,318.3,1.1,1.1,2016-02-10, 02:50,T,69,5.0       ,292.7,25.3
27.498,114.707,320.8,1.5,1.2,2016-02-10, 02:50,T,73,5.0       ,293.5,44.1
27.497,114.721,325.9,1.5,1.2,2016-02-10, 02:50,T,79,5.0       ,291.4,55.2
27.316,116.222,310.6,1.2,1.1,2016-02-10, 02:50,T,40,5.0       ,292.1,16.3
27.03,118.351,311.4,1,1,2016-02-10, 02:50,T,49,5.0       ,288.3,16.1
27.5,114.398,312.6,1.5,1.2,2016-02-10, 02:50,T,55,5.0       ,289.1,30.2
27.453,114.622,311.8,1.5,1.2,2016-02-10, 02:50,T,51,5.0       ,290.5,25.5
27.451,114.638,322.7,1.5,1.2,2016-02-10, 02:50,T,76,5.0       ,290.9,48.2
27.454,114.516,346.9,1.5,1.2,2016-02-10, 02:50,T,94,5.0       ,291.5,123.5
27.452,114.532,367.8,1.5,1.2,2016-02-10, 02:50,T,100,5.0       ,294,222.5
27.461,114.527,328.3,1.5,1.2,2016-02-10, 02:50,T,81,5.0       ,291.6,62.9
27.449,114.631,326.9,1.5,1.2,2016-02-10, 02:50,T,80,5.0       ,291,55.7
27.45,114.525,369.1,1.5,1.2,2016-02-10, 02:50,T,100,5.0       ,293.6,231
27.448,114.541,311.1,1.5,1.2,2016-02-10, 02:50,T,46,5.0       ,290.1,24.9
26.851,117.923,313.9,1,1,2016-02-10, 02:50,T,60,5.0       ,289.5,19.7
26.849,117.933,311.7,1,1,2016-02-10, 02:50,T,50,5.0       ,289.1,17.2
26.996,116.795,310.7,1.1,1.1,2016-02-10, 02:50,T,37,5.0       ,289.9,14.9
26.978,116.781,313.2,1.1,1.1,2016-02-10, 02:50,T,57,5.0       ,290.4,19.4
27.255,114.237,312.2,1.6,1.2,2016-02-10, 02:50,T,42,5.0       ,291.5,27.2
27.23,114.263,318.4,1.6,1.2,2016-02-10, 02:50,T,62,5.0       ,291.6,37
27.228,114.279,317.6,1.6,1.2,2016-02-10, 02:50,T,68,5.0       ,291.6,37.9
27.627,109.79,311.5,3.3,1.7,2016-02-10, 02:50,T,43,5.0       ,286.9,83.4
27.222,114.231,321.7,1.6,1.2,2016-02-10, 02:50,T,74,5.0       ,291.5,46.2
27.218,114.168,320.7,1.6,1.2,2016-02-10, 02:50,T,73,5.0       ,292,45.8
27.216,114.183,320.7,1.6,1.2,2016-02-10, 02:50,T,73,5.0       ,291.1,45.4
27.216,114.176,328.2,1.6,1.2,2016-02-10, 02:50,T,81,5.0       ,292.3,63.1
27.117,114.657,312.6,1.5,1.2,2016-02-10, 02:50,T,55,5.0       ,290.7,26.5
27.106,114.655,348.4,1.5,1.2,2016-02-10, 02:50,T,94,5.0       ,292.9,122.3
26.629,118.391,315.2,1,1,2016-02-10, 02:50,T,63,5.0       ,287.7,20.6
26.963,115.704,322.3,1.3,1.1,2016-02-10, 02:50,T,61,5.0       ,292.6,33.5
26.953,115.703,326.7,1.3,1.1,2016-02-10, 02:50,T,45,5.0       ,292.4,40.4
26.954,115.696,317.4,1.3,1.1,2016-02-10, 02:50,T,54,5.0       ,292.7,25.8
26.952,115.71,324.4,1.3,1.1,2016-02-10, 02:50,T,77,5.0       ,291.5,38.1
26.583,117.995,310.2,1,1,2016-02-10, 02:50,T,34,5.0       ,288.3,15.2
26.949,114.12,310.9,1.6,1.2,2016-02-10, 02:50,T,44,5.0       ,290.8,27.5
26.935,114.038,327,1.6,1.2,2016-02-10, 02:50,T,80,5.0       ,291.1,65.9
26.334,118.393,330.8,1,1,2016-02-10, 02:50,T,83,5.0       ,289.1,41.1
27.11,111.447,328.9,2.4,1.5,2016-02-10, 02:50,T,82,5.0       ,289.6,125.8
27.096,111.447,325,2.4,1.5,2016-02-10, 02:50,T,78,5.0       ,288.7,106.5
26.74,113.735,320.1,1.7,1.3,2016-02-10, 02:50,T,72,5.0       ,292,49
26.674,113.719,320.3,1.7,1.3,2016-02-10, 02:50,T,72,5.0       ,291.1,50.6
26.304,116.8,342.1,1.1,1.1,2016-02-10, 02:50,T,91,5.0       ,291.2,67.6
26.897,111.029,316.8,2.6,1.6,2016-02-10, 02:50,T,63,5.0       ,285.6,76.5
25.958,118.76,331.1,1,1,2016-02-10, 02:50,T,84,5.0       ,289.7,39.9
26.164,116.063,313.6,1.2,1.1,2016-02-10, 02:50,T,58,5.0       ,290.7,21
26.481,112.467,323,2,1.4,2016-02-10, 02:50,T,63,5.0       ,287.6,67.4
26.48,112.46,317,2,1.4,2016-02-10, 02:50,T,45,5.0       ,285.3,53
26.35,112.879,312.7,1.9,1.3,2016-02-10, 02:50,T,55,5.0       ,292,34.3
26.357,112.874,312.1,1.9,1.3,2016-02-10, 02:50,T,53,5.0       ,291.5,33
26.145,112.573,311.5,2,1.4,2016-02-10, 02:50,T,43,5.0       ,288.1,36
26.209,111.405,314,2.4,1.5,2016-02-10, 02:50,T,60,5.0       ,291.7,55.2
26.194,110.809,319.9,2.7,1.6,2016-02-10, 02:50,T,72,5.0       ,288.1,94.5
26.222,110.744,312.3,2.7,1.6,2016-02-10, 02:50,T,33,5.0       ,288,59.6
26.188,110.803,320.4,2.7,1.6,2016-02-10, 02:50,T,73,5.0       ,288,99.9
26.017,111.229,332.3,2.5,1.5,2016-02-10, 02:50,T,85,5.0       ,290.9,147.1
25.966,111.239,313.7,2.4,1.5,2016-02-10, 02:50,T,59,5.0       ,290.6,59.8
25.521,114.428,332.9,1.4,1.2,2016-02-10, 02:50,T,85,5.0       ,292.4,70.9
26.04,108.826,311,3.7,1.8,2016-02-10, 02:50,T,45,5.0       ,287,101.8
25.491,114.41,313.9,1.5,1.2,2016-02-10, 02:50,T,60,5.0       ,291.4,28.1
25.438,114.264,353.7,1.5,1.2,2016-02-10, 02:50,T,97,5.0       ,293.5,146
25.436,114.278,316.1,1.5,1.2,2016-02-10, 02:50,T,65,5.0       ,291.5,33.1
25.354,114.202,328.6,1.5,1.2,2016-02-10, 02:50,T,82,5.0       ,291,61.4
25.254,113.68,318.2,1.6,1.2,2016-02-10, 02:50,T,69,5.0       ,289,43.6
25.284,111.455,312.5,2.3,1.5,2016-02-10, 02:50,T,39,5.0       ,285.3,46.4
24.997,114.126,322.4,1.5,1.2,2016-02-10, 02:50,T,75,5.0       ,291.4,44.3
24.861,115.258,332.3,1.3,1.1,2016-02-10, 02:50,T,85,5.0       ,288.2,58.2
24.881,112.1,327.4,2.1,1.4,2016-02-10, 02:50,T,0,5.0       ,287.8,96
24.653,114.04,315.9,1.5,1.2,2016-02-10, 02:50,T,65,5.0       ,291,32
24.575,113.529,313.4,1.6,1.2,2016-02-10, 02:50,T,58,5.0       ,291.3,30.4
24.512,113.988,314.9,1.5,1.2,2016-02-10, 02:50,T,62,5.0       ,290.6,27.4
22.624,111.214,316.2,2.2,1.4,2016-02-10, 02:50,T,65,5.0       ,292.3,58.8
22.626,111.208,321.7,2.2,1.4,2016-02-10, 02:50,T,74,5.0       ,292.5,79.3
16.551,120.75,312.3,1.4,1.2,2016-02-10, 02:50,T,47,5.0       ,293,19
16.548,120.764,313.4,1.4,1.2,2016-02-10, 02:50,T,55,5.0       ,291.9,19.6
13.381,120.642,313,1.6,1.2,2016-02-10, 02:50,T,52,5.0       ,297.9,14.8
13.103,120.93,316.5,1.7,1.3,2016-02-10, 02:50,T,66,5.0       ,297.8,27.9
13.063,120.751,315.1,1.6,1.3,2016-02-10, 02:50,T,0,5.0       ,300.4,15.6
13.788,107.406,313,3.2,1.7,2016-02-10, 02:50,T,30,5.0       ,297.1,43.2
9.975,122.847,317.7,2.7,1.6,2016-02-10, 02:50,T,52,5.0       ,291.3,56.1
16.065,95.559,318.8,1.4,1.2,2016-02-10, 04:30,T,70,5.0       ,305,14.6
16.063,95.571,323,1.4,1.2,2016-02-10, 04:30,T,76,5.0       ,303.7,23.1
16.054,95.43,320,1.3,1.1,2016-02-10, 04:30,T,72,5.0       ,305,15.4
15.999,95.637,325,1.4,1.2,2016-02-10, 04:30,T,78,5.0       ,306.9,24.7
15.997,95.65,334.1,1.4,1.2,2016-02-10, 04:30,T,86,5.0       ,304.7,48
15.99,95.643,350,1.4,1.2,2016-02-10, 04:30,T,95,5.0       ,305.6,99.1
15.982,94.871,316.8,1.2,1.1,2016-02-10, 04:30,T,0,5.0       ,301.2,15.7
14.78,99.107,322.6,2.6,1.6,2016-02-10, 04:30,T,71,5.0       ,297.8,96.4
14.774,99.1,320.6,2.6,1.6,2016-02-10, 04:30,T,46,5.0       ,297.7,79.1
13.681,99.23,321.9,2.8,1.6,2016-02-10, 04:30,T,75,5.0       ,298.3,89.5
13.667,99.228,317,2.8,1.6,2016-02-10, 04:30,T,51,5.0       ,299.8,63.5
13.337,99.526,310.6,3,1.6,2016-02-10, 04:30,T,36,5.0       ,300.5,27.1
13.311,99.666,311.2,3.1,1.7,2016-02-10, 04:30,T,39,5.0       ,300.4,29.2
13.306,99.694,316.2,3.1,1.7,2016-02-10, 04:30,T,65,5.0       ,301.6,53.4
13.259,98.694,313.5,2.6,1.5,2016-02-10, 04:30,T,58,5.0       ,299.9,45.4
13.253,98.689,311.8,2.6,1.5,2016-02-10, 04:30,T,51,5.0       ,300.3,38.6
27.662,111.533,310.6,1.1,1.1,2016-02-10, 06:00,A,35,5.0       ,295.2,10.5
27.337,109.151,320.2,1,1,2016-02-10, 06:00,A,72,5.0       ,293.1,22.3
28.369,118.431,334.2,3.1,1.7,2016-02-10, 06:00,A,86,5.0       ,293.6,218.4
28.367,118.403,310.7,3.1,1.7,2016-02-10, 06:00,A,43,5.0       ,295,58.8
28.193,116.261,317,2.2,1.4,2016-02-10, 06:00,A,67,5.0       ,294.9,51.8
28.262,116.892,312.8,2.4,1.5,2016-02-10, 06:00,A,56,5.0       ,295.7,42.4
26.422,107.734,316.8,1.1,1,2016-02-10, 06:00,A,67,5.0       ,291.8,21.4
27.421,115.374,323.1,1.9,1.3,2016-02-10, 06:00,A,76,5.0       ,294.1,60.8
27.419,115.354,311.1,1.9,1.3,2016-02-10, 06:00,A,46,5.0       ,293,26.9
27.048,111.824,333.5,1.1,1.1,2016-02-10, 06:00,A,85,5.0       ,293.7,45.6
27.047,111.812,325.9,1.1,1.1,2016-02-10, 06:00,A,79,5.0       ,292.8,32.1
27.026,111.655,319.9,1.1,1.1,2016-02-10, 06:00,A,72,5.0       ,293.6,22.1
27.025,111.644,324.4,1.1,1.1,2016-02-10, 06:00,A,78,5.0       ,294.1,27.8
27.024,111.633,338.6,1.1,1.1,2016-02-10, 06:00,A,89,5.0       ,295.1,52.3
27.058,111.823,337,1.1,1.1,2016-02-10, 06:00,A,88,5.0       ,293.7,53.4
27.056,111.811,324.5,1.1,1.1,2016-02-10, 06:00,A,78,5.0       ,292.4,30.6
27.034,111.564,310.1,1.1,1,2016-02-10, 06:00,A,26,5.0       ,294.1,10.1
26.288,106.41,357,1.2,1.1,2016-02-10, 06:00,A,98,5.0       ,295.5,119.3
26.269,106.237,310.9,1.3,1.1,2016-02-10, 06:00,A,44,5.0       ,293.8,13.9
27.073,111.609,310.8,1.1,1.1,2016-02-10, 06:00,A,44,5.0       ,293.3,11.3
27.072,111.598,311.3,1.1,1.1,2016-02-10, 06:00,A,48,5.0       ,293,11.9
27.445,114.517,354.1,1.6,1.3,2016-02-10, 06:00,A,97,5.0       ,291.4,163.4
26.331,106.301,341.3,1.2,1.1,2016-02-10, 06:00,A,91,5.0       ,294.7,73.3
26.329,106.289,326.8,1.2,1.1,2016-02-10, 06:00,A,80,5.0       ,294.3,41.4
27.489,114.711,327.9,1.7,1.3,2016-02-10, 06:00,A,81,5.0       ,295.8,65.4
27.094,111.326,312.6,1.1,1,2016-02-10, 06:00,A,55,5.0       ,295.1,13.2
26.336,106.211,317.4,1.3,1.1,2016-02-10, 06:00,A,68,5.0       ,294.3,23.5
27.49,114.722,319.7,1.7,1.3,2016-02-10, 06:00,A,72,5.0       ,294.5,42
27.488,114.703,319,1.7,1.3,2016-02-10, 06:00,A,70,5.0       ,295.3,39.9
27.107,111.373,318.8,1.1,1,2016-02-10, 06:00,A,65,5.0       ,294,20.6
26.338,106.217,317.4,1.3,1.1,2016-02-10, 06:00,A,68,5.0       ,294.5,23.5
27.149,111.333,331.7,1.1,1,2016-02-10, 06:00,A,84,5.0       ,292.1,39.8
28.691,111.844,345,1.2,1.1,2016-02-10, 06:00,A,93,5.0       ,295.3,76.5
27.478,103.044,316,1.9,1.3,2016-02-10, 06:00,A,62,5.0       ,292,45.7
28.809,111.324,311.7,1.1,1.1,2016-02-10, 06:00,A,50,5.0       ,291.8,15.3
30.272,115.945,312.2,2.2,1.4,2016-02-10, 06:00,A,53,5.0       ,292.9,46.1
30.287,115.966,310.3,2.2,1.4,2016-02-10, 06:00,A,34,5.0       ,291.8,38.7
30.285,115.942,337.2,2.2,1.4,2016-02-10, 06:00,A,88,5.0       ,292.3,152.4
30.409,116.748,314.9,2.5,1.5,2016-02-10, 06:00,A,62,5.0       ,293,56.5
30.546,115.661,340.8,2.1,1.4,2016-02-10, 06:00,A,90,5.0       ,293.3,161.6
30.544,115.638,317.4,2.1,1.4,2016-02-10, 06:00,A,68,5.0       ,292.7,56.7
16.035,95.414,333,2.9,1.6,2016-02-10, 07:35,A,85,5.0       ,302.2,132.2
16.04,95.433,322.8,2.9,1.6,2016-02-10, 07:35,A,76,5.0       ,301.2,63.3
16.037,95.406,328.5,2.9,1.6,2016-02-10, 07:35,A,82,5.0       ,302.5,105.4
16.108,95.648,317.7,3,1.7,2016-02-10, 07:35,A,60,5.0       ,302.7,35.5
16.187,95.692,315.5,3.1,1.7,2016-02-10, 07:35,A,59,5.0       ,303.2,50.7
16.573,97.911,316.6,4.6,2,2016-02-10, 07:35,A,66,5.0       ,305.7,81.2
16.354,94.463,321,2.5,1.5,2016-02-10, 07:35,A,64,5.0       ,303.9,57.1
17.568,96.675,315.3,3.8,1.8,2016-02-10, 07:35,A,38,5.0       ,304.1,53.2
17.507,95.909,323.6,3.3,1.7,2016-02-10, 07:35,A,77,5.0       ,305.4,90.1
17.507,95.932,317.5,3.3,1.7,2016-02-10, 07:35,A,30,5.0       ,304,52.5
17.504,95.902,322.2,3.3,1.7,2016-02-10, 07:35,A,75,5.0       ,305.5,76.4
18.462,95.83,317,3.4,1.7,2016-02-10, 07:35,A,59,5.0       ,301,49.1
18.459,95.799,317.7,3.4,1.7,2016-02-10, 07:35,A,65,5.0       ,301.9,48.2
19.795,94.691,333.8,2.9,1.6,2016-02-10, 07:35,A,86,5.0       ,302.7,141.1
20.176,94.567,316.8,2.9,1.6,2016-02-10, 07:35,A,67,5.0       ,303,32.2
21.208,96.311,315.9,4,1.9,2016-02-10, 07:35,A,36,5.0       ,300.3,73.6
26.699,108.088,316,1,1,2016-02-10, 06:00,A,65,5.0       ,290.8,18.1
26.698,108.077,320.9,1,1,2016-02-10, 06:00,A,73,5.0       ,289.2,24.2
26.297,105.546,310.2,1.4,1.2,2016-02-10, 06:00,A,32,5.0       ,291.9,17.8
27.245,111.367,311.8,1.1,1,2016-02-10, 06:00,A,31,5.0       ,291.7,13.3
27.779,115.866,313.3,2,1.4,2016-02-10, 06:00,A,58,5.0       ,294.8,37
27.839,116.223,314.7,2.2,1.4,2016-02-10, 06:00,A,54,5.0       ,296.4,32.8
27.842,116.237,310.8,2.2,1.4,2016-02-10, 06:00,A,41,5.0       ,296.3,23.1
27.84,116.216,313.7,2.2,1.4,2016-02-10, 06:00,A,59,5.0       ,296.4,31.8
26.936,108.305,336,1,1,2016-02-10, 06:00,A,87,5.0       ,294.8,46.2
27.292,109.801,315.5,1,1,2016-02-10, 06:00,A,64,5.0       ,290.6,17.5
28.068,116.447,313.3,2.3,1.5,2016-02-10, 06:00,A,58,5.0       ,295.3,37.3
28.066,116.424,320.9,2.2,1.5,2016-02-10, 06:00,A,73,5.0       ,295.7,64.5
27.071,108.161,311.9,1,1,2016-02-10, 06:00,A,38,5.0       ,292.6,12.1
27.632,112.17,318,1.2,1.1,2016-02-10, 06:00,A,69,5.0       ,293,23.3
27.641,112.168,312.6,1.2,1.1,2016-02-10, 06:00,A,54,5.0       ,291.8,15.8
28.181,117.091,324.3,2.5,1.5,2016-02-10, 06:00,A,77,5.0       ,297.4,89.5
27.283,109.413,311.1,1,1,2016-02-10, 06:00,A,32,5.0       ,292.5,11.4
28.175,117.112,310.4,2.5,1.5,2016-02-10, 06:00,A,38,5.0       ,297,30.6
28.173,117.087,318.3,2.5,1.5,2016-02-10, 06:00,A,69,5.0       ,297.5,61.1
27.795,113.122,311.5,1.3,1.1,2016-02-10, 06:00,A,0,5.0       ,280.7,23.5
28.196,116.882,321.6,2.4,1.5,2016-02-10, 06:00,A,74,5.0       ,296.8,76.4
28.369,118.438,325.4,3.1,1.7,2016-02-10, 06:00,A,78,5.0       ,292.8,151.9
28.367,118.41,321.9,3.1,1.7,2016-02-10, 06:00,A,75,5.0       ,295.1,125.5
28.193,116.268,310.2,2.2,1.4,2016-02-10, 06:00,A,33,5.0       ,294.7,29.3
28.191,116.246,314.7,2.2,1.4,2016-02-10, 06:00,A,62,5.0       ,294.7,43.7
27.8,111.708,313.8,1.1,1.1,2016-02-10, 06:00,A,59,5.0       ,293.9,16.5
27.808,111.695,333.9,1.1,1.1,2016-02-10, 06:00,A,86,5.0       ,294.4,46.2
27.806,111.683,362.2,1.1,1.1,2016-02-10, 06:00,A,100,5.0       ,297.1,120.5
27.819,111.633,352.1,1.1,1.1,2016-02-10, 06:00,A,96,5.0       ,292.7,91
27.817,111.54,311.2,1.1,1.1,2016-02-10, 06:00,A,39,5.0       ,291.9,13.9
27.804,111.362,311.4,1.1,1,2016-02-10, 06:00,A,48,5.0       ,293,13
27.779,111.164,312.5,1.1,1,2016-02-10, 06:00,A,54,5.0       ,292.8,15.2
27.834,111.515,318.3,1.1,1.1,2016-02-10, 06:00,A,69,5.0       ,293.1,20.5
28.413,116.673,311.4,2.4,1.5,2016-02-10, 06:00,A,49,5.0       ,295.4,38
27.887,111.662,311.5,1.1,1.1,2016-02-10, 06:00,A,39,5.0       ,291.8,13.8
27.79,110.685,318.5,1,1,2016-02-10, 06:00,A,70,5.0       ,290.3,21.1
27.944,111.169,319.3,1.1,1,2016-02-10, 06:00,A,71,5.0       ,293.5,22.1
27.88,110.611,312.9,1,1,2016-02-10, 06:00,A,45,5.0       ,293.1,13.8
27.918,110.615,313.1,1,1,2016-02-10, 06:00,A,57,5.0       ,294.6,12.3
28.652,116.46,343.1,2.3,1.5,2016-02-10, 06:00,A,92,5.0       ,296.2,190
28.498,114.883,310.7,1.8,1.3,2016-02-10, 06:00,A,42,5.0       ,293.3,27.2
28.492,114.828,310.3,1.8,1.3,2016-02-10, 06:00,A,35,5.0       ,293.1,25.7
28.65,116.479,314.8,2.3,1.5,2016-02-10, 06:00,A,62,5.0       ,292.5,47.9
28.648,116.455,324.5,2.3,1.5,2016-02-10, 06:00,A,78,5.0       ,295.7,87
28.499,114.821,315.2,1.8,1.3,2016-02-10, 06:00,A,63,5.0       ,292.9,36.1
28.661,116.454,327.9,2.3,1.5,2016-02-10, 06:00,A,70,5.0       ,293.6,99.7
28.847,116.349,325.4,2.3,1.5,2016-02-10, 06:00,A,56,5.0       ,291.9,88.6
28.914,116.982,319.6,2.5,1.5,2016-02-10, 06:00,A,71,5.0       ,295.4,77.5
28.963,116.641,316,2.4,1.5,2016-02-10, 06:00,A,0,5.0       ,291,62.4
28.372,110.711,314.7,1.1,1,2016-02-10, 06:00,A,62,5.0       ,292,17.8
28.549,111.091,347.7,1.1,1,2016-02-10, 06:00,A,94,5.0       ,289.6,73.9
25.395,91.407,322.5,2,1.4,2016-02-10, 07:35,A,71,5.0       ,289.9,65.5
25.389,91.42,314,2,1.4,2016-02-10, 07:35,A,40,5.0       ,293.2,39.1
25.387,91.401,316,2,1.4,2016-02-10, 07:35,A,61,5.0       ,292.8,44.1
26.724,90.905,318.2,1.9,1.3,2016-02-10, 07:35,A,63,5.0       ,295.2,35.9
26.736,90.903,320,1.9,1.3,2016-02-10, 07:35,A,72,5.0       ,294.5,41.8
27.133,115.421,306.4,4,1.9,2016-02-10, 13:45,T,45,5.0       ,283.5,102.4
26.939,114.396,312.9,4.7,2,2016-02-10, 13:45,T,80,5.0       ,282.3,197
26.938,114.391,316.4,4.7,2,2016-02-10, 13:45,T,91,5.0       ,282.6,230.1
27.467,114.557,306.1,1.1,1,2016-02-10, 18:05,A,42,5.0       ,280.9,17.3
27.255,115.227,307.4,1,1,2016-02-10, 18:05,A,54,5.0       ,285.3,16.1
27.154,115.421,309.3,1,1,2016-02-10, 18:05,A,66,5.0       ,286.5,16.7
27.153,115.431,307.3,1,1,2016-02-10, 18:05,A,53,5.0       ,286.3,15.1
27.145,115.419,312.2,1,1,2016-02-10, 18:05,A,78,5.0       ,286.6,18.2
27.144,115.429,316.4,1,1,2016-02-10, 18:05,A,91,5.0       ,286.8,22.8
26.83,115.432,311.3,1,1,2016-02-10, 18:05,A,68,5.0       ,286.9,20.6
27.012,112.947,310.1,1.2,1.1,2016-02-10, 18:05,A,69,5.0       ,286.8,22
27.011,112.959,320.5,1.2,1.1,2016-02-10, 18:05,A,100,5.0       ,286.1,37.1
27.057,111.805,308.9,1.4,1.2,2016-02-10, 18:05,A,45,5.0       ,284.4,25.5
27.055,111.82,305.5,1.4,1.2,2016-02-10, 18:05,A,30,5.0       ,284,21.2
27.045,111.819,308.5,1.4,1.2,2016-02-10, 18:05,A,35,5.0       ,285.1,25
26.997,111.718,315.2,1.4,1.2,2016-02-10, 18:05,A,87,5.0       ,284.7,40.5
26.506,112.919,314.7,1.2,1.1,2016-02-10, 18:05,A,86,5.0       ,286.9,28.1
26.496,112.918,307.1,1.2,1.1,2016-02-10, 18:05,A,52,5.0       ,286.5,18.7
26.131,112.581,314.9,1.3,1.1,2016-02-10, 18:05,A,87,5.0       ,283.1,29.9
26.13,112.592,315.1,1.3,1.1,2016-02-10, 18:05,A,87,5.0       ,283.3,30.1
20.478,103.889,321,1,1,2016-02-10, 15:25,T,100,5.0       ,284.8,30.6
21.236,106.652,308.1,1.3,1.1,2016-02-10, 15:25,T,59,5.0       ,288,26
24.583,106.347,305.1,1.4,1.2,2016-02-10, 15:25,T,20,5.0       ,283.4,23.5
26.28,105.493,305.2,1.3,1.1,2016-02-10, 15:25,T,23,5.0       ,281.3,23
26.58,101.663,314.9,1,1,2016-02-10, 15:25,T,86,5.0       ,286.5,22
27.724,102.211,325.3,1,1,2016-02-10, 15:25,T,100,5.0       ,286.9,35.6
10.993,103.387,307.4,1.1,1,2016-02-10, 15:20,T,54,5.0       ,287.5,14.5
11.766,104.188,326.7,1,1,2016-02-10, 15:20,T,100,5.0       ,290.3,34.8
11.775,104.187,323.6,1,1,2016-02-10, 15:20,T,100,5.0       ,288.8,31.3
12.099,106.208,305.6,1,1,2016-02-10, 15:20,T,34,5.0       ,286.7,10.9
12.11,106.216,308,1,1,2016-02-10, 15:20,T,58,5.0       ,286.8,12.9
12.108,106.206,311.9,1,1,2016-02-10, 15:20,T,77,5.0       ,286.4,16.6
12.144,106.204,327,1,1,2016-02-10, 15:20,T,100,5.0       ,290.2,35.4
12.173,106.277,305.9,1,1,2016-02-10, 15:20,T,39,5.0       ,288,11.6
12.636,105.838,319.7,1,1,2016-02-10, 15:20,T,99,5.0       ,294.6,23.5
12.879,102.869,305.7,1.1,1.1,2016-02-10, 15:20,T,35,5.0       ,288.6,12.9
13.368,106.208,317.6,1.1,1,2016-02-10, 15:20,T,94,5.0       ,281.2,25.9
13.549,106.396,305.3,1.1,1,2016-02-10, 15:20,T,27,5.0       ,282.6,11.8
13.675,105.77,306,1,1,2016-02-10, 15:20,T,40,5.0       ,289.4,11.1
13.674,105.761,315.7,1,1,2016-02-10, 15:20,T,89,5.0       ,290.3,21.1
14.115,107.588,325.7,1.2,1.1,2016-02-10, 15:20,T,100,5.0       ,287,44.3
14.113,107.576,306,1.2,1.1,2016-02-10, 15:20,T,40,5.0       ,286.5,15.5
13.798,105.134,306,1,1,2016-02-10, 15:20,T,40,5.0       ,293.1,9.8
14.071,104.918,309,1,1,2016-02-10, 15:20,T,64,5.0       ,291,12.9
14.046,104.294,307.8,1,1,2016-02-10, 15:20,T,57,5.0       ,288.2,13.9
14.045,104.285,312.9,1,1,2016-02-10, 15:20,T,80,5.0       ,288.6,18.8
14.035,104.211,308.4,1,1,2016-02-10, 15:20,T,61,5.0       ,287.2,14.5
14.202,105.061,305.4,1,1,2016-02-10, 15:20,T,30,5.0       ,291.2,10.3
13.805,101.759,316.1,1.2,1.1,2016-02-10, 15:20,T,90,5.0       ,292.9,27.4
13.815,101.758,340.9,1.2,1.1,2016-02-10, 15:20,T,100,5.0       ,293.4,76.9
13.813,101.746,305.1,1.2,1.1,2016-02-10, 15:20,T,19,5.0       ,292.3,13.2
14.346,104.586,306.7,1,1,2016-02-10, 15:20,T,48,5.0       ,289.4,11.1
14.322,104.029,309.6,1,1,2016-02-10, 15:20,T,67,5.0       ,295.1,12.8
13.637,99.197,307.8,1.9,1.3,2016-02-10, 15:20,T,38,5.0       ,288.3,30.4
14.176,101.902,307,1.2,1.1,2016-02-10, 15:20,T,51,5.0       ,292.8,15.2
13.799,98.954,307.5,1.9,1.4,2016-02-10, 15:20,T,54,5.0       ,287.7,32.4
14.917,101.137,306.9,1.3,1.1,2016-02-10, 15:20,T,49,5.0       ,290.6,17.7
16.207,104.141,307.9,1,1,2016-02-10, 15:20,T,57,5.0       ,289.7,14.5
16.206,104.132,305.5,1,1,2016-02-10, 15:20,T,32,5.0       ,289.6,12.4
16,102.427,322.2,1.1,1,2016-02-10, 15:20,T,100,5.0       ,289.4,33
15.999,102.417,316.1,1.1,1,2016-02-10, 15:20,T,90,5.0       ,288.2,25
15.546,99.462,306.3,1.6,1.3,2016-02-10, 15:20,T,44,5.0       ,290.7,25.9
16.046,101.405,309.1,1.2,1.1,2016-02-10, 15:20,T,65,5.0       ,291.7,17.9
16.66,102.52,310.9,1.1,1,2016-02-10, 15:20,T,73,5.0       ,290.2,18.6
16.815,103.186,310.1,1,1,2016-02-10, 15:20,T,69,5.0       ,289.3,16.6
16.991,103.443,307.8,1,1,2016-02-10, 15:20,T,57,5.0       ,290,14.4
17.163,101.691,306.7,1.1,1.1,2016-02-10, 15:20,T,48,5.0       ,287.5,16.8
18.742,98.84,305.8,1.6,1.2,2016-02-10, 15:20,T,37,5.0       ,290.6,23.3