latitude,longitude,brightness,scan,track,acq_date,acq_time,satellite,confidence,version,bright_t31,frp
-8.322,146.345,325.3,1.2,1.1,2016-03-06,04:05,A,33,5.0       ,300.7,14.9
-8.29,146.351,342.8,1.2,1.1,2016-03-06,04:05,A,91,5.0       ,301.1,56.4
-8.292,146.34,347.5,1.2,1.1,2016-03-06,04:05,A,94,5.0       ,303,68.6
-6.285,139.303,312.8,1.4,1.2,2016-03-06,04:05,A,40,5.0       ,295.6,17
-6.117,140.069,315.8,1.2,1.1,2016-03-06,04:05,A,49,5.0       ,297.7,13.9
-5.498,139.455,311.5,1.3,1.1,2016-03-06,04:05,A,46,5.0       ,293.9,8.5
-4.088,145.04,317.7,1.2,1.1,2016-03-06,04:05,A,29,5.0       ,293.2,11
-4.554,136.886,318.8,2,1.4,2016-03-06,04:05,A,52,5.0       ,295.9,34.1
18.111,96.769,337.5,1.2,1.1,2016-03-06,04:25,T,88,5.0       ,310.3,37.8
18.109,96.78,326.6,1.2,1.1,2016-03-06,04:25,T,37,5.0       ,310.5,14.8
18.366,95.069,326.5,1,1,2016-03-06,04:25,T,80,5.0       ,308.3,15.3
18.389,94.856,316.2,1,1,2016-03-06,04:25,T,54,5.0       ,304,8.6
17.918,94.924,315.9,1,1,2016-03-06,04:25,T,62,5.0       ,301.5,9.9
17.916,94.933,313.8,1,1,2016-03-06,04:25,T,47,5.0       ,301.5,7
17.047,99.695,321.2,2,1.4,2016-03-06,04:25,T,39,5.0       ,300.5,23.2
16.972,97.899,316.7,1.5,1.2,2016-03-06,04:25,T,60,5.0       ,299.4,11.2
16.607,99.951,322.6,2.1,1.4,2016-03-06,04:25,T,75,5.0       ,300.1,32.9
17.16,96.178,314.5,1.2,1.1,2016-03-06,04:25,T,61,5.0       ,300.3,7.3
16.072,101.382,313.7,2.8,1.6,2016-03-06,04:25,T,59,5.0       ,294.1,44.3
15.839,101.249,315.8,2.7,1.6,2016-03-06,04:25,T,52,5.0       ,295.8,28.3
15.849,101.245,316.4,2.7,1.6,2016-03-06,04:25,T,56,5.0       ,295.7,32.7
16.388,96.075,320.5,1.2,1.1,2016-03-06,04:25,T,33,5.0       ,302.8,12.8
16.061,97.689,322.4,1.5,1.2,2016-03-06,04:25,T,31,5.0       ,304.3,13.7
16.154,95.746,320,1.1,1.1,2016-03-06,04:25,T,38,5.0       ,303.5,10.9
16.03,95.544,325.3,1.1,1.1,2016-03-06,04:25,T,42,5.0       ,306.5,9.2
16.029,95.555,334.2,1.1,1.1,2016-03-06,04:25,T,86,5.0       ,306.2,25.2
15.378,99.206,320.8,1.9,1.4,2016-03-06,04:25,T,59,5.0       ,300,28.9
15.375,99.224,326.7,1.9,1.4,2016-03-06,04:25,T,76,5.0       ,300,51
15.365,99.205,328.5,1.9,1.4,2016-03-06,04:25,T,81,5.0       ,300.8,55.3
15.362,99.222,322.2,1.9,1.4,2016-03-06,04:25,T,61,5.0       ,300.4,35.5
14.774,100.245,322.4,2.4,1.5,2016-03-06,04:25,T,75,5.0       ,298,42.9
14.352,99.435,324.4,2.1,1.4,2016-03-06,04:25,T,77,5.0       ,302.7,28.3
13.507,99.064,310.3,2.1,1.4,2016-03-06,04:25,T,35,5.0       ,297.8,17.5
5.291,100.28,312.2,3.6,1.8,2016-03-06,04:25,T,0,5.0       ,290.6,58.1
26.571,101.669,311.2,1.8,1.3,2016-03-06,04:20,T,47,5.0       ,299.8,16.8
27.674,91.193,313.8,1.6,1.2,2016-03-06,04:20,T,59,5.0       ,290.9,31.1
27.672,91.21,317.4,1.6,1.2,2016-03-06,04:20,T,68,5.0       ,292.7,38.7
24.724,97.984,314,1.1,1.1,2016-03-06,04:20,T,53,5.0       ,297.8,13.8
23.978,97.78,310.4,1.1,1.1,2016-03-06,04:20,T,37,5.0       ,297.4,7.7
24.1,94.256,316.3,1,1,2016-03-06,04:20,T,55,5.0       ,300.6,11.8
23.576,96.716,318.8,1.1,1,2016-03-06,04:20,T,69,5.0       ,301.5,12.4
23.639,95.895,316,1,1,2016-03-06,04:20,T,56,5.0       ,302,6.7
23.921,93.62,320.4,1.1,1,2016-03-06,04:20,T,73,5.0       ,296.4,22.6
23.444,96.323,318.3,1,1,2016-03-06,04:20,T,67,5.0       ,304.2,8.9
23.443,96.333,324.7,1,1,2016-03-06,04:20,T,78,5.0       ,303.6,17.1
23.538,95.526,318.4,1,1,2016-03-06,04:20,T,66,5.0       ,303.1,6.6
23.457,96.062,320.4,1,1,2016-03-06,04:20,T,73,5.0       ,302.8,10.4
23.769,93.578,313.1,1.1,1,2016-03-06,04:20,T,57,5.0       ,297.9,11.7
23.292,96.587,318.1,1,1,2016-03-06,04:20,T,69,5.0       ,301.5,11.5
23.291,96.597,320.2,1,1,2016-03-06,04:20,T,72,5.0       ,301.5,14.5
23.198,96.719,315.6,1.1,1,2016-03-06,04:20,T,43,5.0       ,301,10.1
22.239,102.226,310.1,2.4,1.5,2016-03-06,04:20,T,23,5.0       ,280,51.8
23.262,95.884,319.2,1,1,2016-03-06,04:20,T,71,5.0       ,304.2,7.9
22.985,96.008,318.4,1,1,2016-03-06,04:20,T,69,5.0       ,302.6,8.7
22.911,96.069,318.5,1,1,2016-03-06,04:20,T,70,5.0       ,303.7,8
22.902,96.007,317.7,1,1,2016-03-06,04:20,T,55,5.0       ,303.1,7.1
22.878,96.103,328.8,1,1,2016-03-06,04:20,T,82,5.0       ,303.4,23.1
22.876,96.113,348.9,1,1,2016-03-06,04:20,T,95,5.0       ,303.5,61.6
22.616,97.179,325.7,1.1,1.1,2016-03-06,04:20,T,70,5.0       ,300.5,22.2
22.614,97.19,322.6,1.1,1.1,2016-03-06,04:20,T,51,5.0       ,300.7,17.7
22.612,97.201,322.3,1.1,1.1,2016-03-06,04:20,T,45,5.0       ,300.9,16.9
22.606,97.178,322.1,1.1,1.1,2016-03-06,04:20,T,57,5.0       ,301.3,16.9
22.603,97.199,326.1,1.1,1.1,2016-03-06,04:20,T,39,5.0       ,302.6,21.3
22.836,95.465,319.8,1,1,2016-03-06,04:20,T,54,5.0       ,304.9,8.7
21.744,101.762,327.9,2.2,1.5,2016-03-06,04:20,T,81,5.0       ,281.8,115
22.784,95.387,316.7,1,1,2016-03-06,04:20,T,66,5.0       ,301.3,4.3
22.684,95.986,319,1,1,2016-03-06,04:20,T,67,5.0       ,302.7,9.8
22.758,95.308,318.8,1,1,2016-03-06,04:20,T,70,5.0       ,304.1,7.6
22.635,96.123,316.5,1,1,2016-03-06,04:20,T,53,5.0       ,301.2,10.5
22.408,96.927,318.1,1.1,1,2016-03-06,04:20,T,69,5.0       ,301.8,14
22.174,98.179,314.4,1.3,1.1,2016-03-06,04:20,T,59,5.0       ,300.6,12.7
22.454,96.216,310.4,1,1,2016-03-06,04:20,T,33,5.0       ,299.9,7.2
22.554,95.32,320.4,1,1,2016-03-06,04:20,T,72,5.0       ,305.1,8.7
22.296,96.689,319.1,1.1,1,2016-03-06,04:20,T,71,5.0       ,305.5,8.1
21.466,100.763,335.9,1.9,1.4,2016-03-06,04:20,T,87,5.0       ,284.6,119.4
22.111,96.285,318.9,1,1,2016-03-06,04:20,T,52,5.0       ,306.2,8.4
22.24,94.252,315.8,1,1,2016-03-06,04:20,T,63,5.0       ,302.2,10.4
22.246,94.014,316.8,1,1,2016-03-06,04:20,T,62,5.0       ,304.4,4.5
22.247,93.944,319.4,1,1,2016-03-06,04:20,T,60,5.0       ,306.2,7.5
21.77,96.631,317.4,1.1,1,2016-03-06,04:20,T,47,5.0       ,300.7,12.3
21.46,98.444,315,1.3,1.1,2016-03-06,04:20,T,63,5.0       ,292,19.5
21.663,97.175,310.4,1.1,1.1,2016-03-06,04:20,T,32,5.0       ,291,11.5
21.69,96.611,317.1,1.1,1,2016-03-06,04:20,T,36,5.0       ,302.2,9.8
21.679,96.619,319.9,1.1,1,2016-03-06,04:20,T,56,5.0       ,299.4,15.4
21.681,96.547,316.8,1.1,1,2016-03-06,04:20,T,60,5.0       ,302.6,10.3
21.672,96.545,318.6,1.1,1,2016-03-06,04:20,T,70,5.0       ,301.8,12.2
22.022,93.911,317,1,1,2016-03-06,04:20,T,64,5.0       ,303.2,8.5
22.016,93.949,323.2,1,1,2016-03-06,04:20,T,76,5.0       ,305.4,15.1
22,93.867,322.7,1,1,2016-03-06,04:20,T,75,5.0       ,307.9,12.3
21.998,93.886,318.5,1,1,2016-03-06,04:20,T,34,5.0       ,306.7,7.4
21.972,94.002,321.4,1,1,2016-03-06,04:20,T,74,5.0       ,308.5,9.8
21.838,94.546,320.5,1,1,2016-03-06,04:20,T,71,5.0       ,303.3,9.4
21.915,93.947,319.5,1,1,2016-03-06,04:20,T,69,5.0       ,306.7,8.7
21.914,93.956,322.6,1,1,2016-03-06,04:20,T,75,5.0       ,306.1,11.7
21.888,93.883,326.2,1,1,2016-03-06,04:20,T,79,5.0       ,305.8,20.7
21.879,93.941,319.5,1,1,2016-03-06,04:20,T,67,5.0       ,306.9,9.5
21.843,93.999,318.8,1,1,2016-03-06,04:20,T,64,5.0       ,306.8,7
21.677,94.575,321.8,1,1,2016-03-06,04:20,T,74,5.0       ,306.9,8.8
21.128,97.736,312.8,1.2,1.1,2016-03-06,04:20,T,13,5.0       ,296.4,14.1
21.16,96.635,314.7,1.1,1,2016-03-06,04:20,T,58,5.0       ,297.7,11.7
21.523,93.727,315.4,1,1,2016-03-06,04:20,T,64,5.0       ,293.4,15
20.521,99.642,312.6,1.7,1.3,2016-03-06,04:20,T,55,5.0       ,299.9,23.3
21.199,94.125,343,1,1,2016-03-06,04:20,T,92,5.0       ,302.5,50.2
21.198,94.134,315.5,1,1,2016-03-06,04:20,T,57,5.0       ,299.4,8
20.546,97.835,322.3,1.3,1.1,2016-03-06,04:20,T,75,5.0       ,303.9,22.8
20.713,96.485,315.3,1.1,1,2016-03-06,04:20,T,47,5.0       ,302.9,8.1
20.477,97.632,313.9,1.2,1.1,2016-03-06,04:20,T,60,5.0       ,298.8,14.1
20.97,94.245,314.8,1,1,2016-03-06,04:20,T,38,5.0       ,296.6,7
20.968,94.254,314.6,1,1,2016-03-06,04:20,T,46,5.0       ,296.2,6.5
20.643,96.404,322,1.1,1,2016-03-06,04:20,T,35,5.0       ,304,15
20.628,96.494,318.2,1.1,1,2016-03-06,04:20,T,69,5.0       ,301.3,14.2
20.222,98.708,311.4,1.5,1.2,2016-03-06,04:20,T,30,5.0       ,297.1,15.7
20.389,97.171,313.3,1.2,1.1,2016-03-06,04:20,T,28,5.0       ,299.8,9.1
20.804,94.377,324.6,1,1,2016-03-06,04:20,T,78,5.0       ,306.5,13.7
20.057,98.913,318.8,1.5,1.2,2016-03-06,04:20,T,70,5.0       ,302.6,22.2
20.746,94.138,320.8,1,1,2016-03-06,04:20,T,59,5.0       ,306.3,10
20.253,97.312,318.3,1.2,1.1,2016-03-06,04:20,T,69,5.0       ,305.9,11.3
20.404,96.328,328.1,1.1,1,2016-03-06,04:20,T,81,5.0       ,304.5,24.2
20.145,96.391,316.7,1.1,1,2016-03-06,04:20,T,56,5.0       ,301.5,13.4
19.918,97.715,316.7,1.3,1.1,2016-03-06,04:20,T,66,5.0       ,301.2,13.5
20.209,95.803,320.6,1,1,2016-03-06,04:20,T,73,5.0       ,297.9,11.4
19.801,97.619,314.9,1.3,1.1,2016-03-06,04:20,T,62,5.0       ,301.6,12.8
19.791,97.617,312.9,1.3,1.1,2016-03-06,04:20,T,43,5.0       ,301.3,9.2
19.857,97.151,314.8,1.2,1.1,2016-03-06,04:20,T,62,5.0       ,299,15.2
19.723,97.717,315.8,1.3,1.1,2016-03-06,04:20,T,44,5.0       ,301.3,13.4
20.221,94.326,326.1,1,1,2016-03-06,04:20,T,79,5.0       ,306.9,16
19.971,95.553,321.3,1,1,2016-03-06,04:20,T,74,5.0       ,306.4,8.1
20.263,93.329,317.7,1,1,2016-03-06,04:20,T,68,5.0       ,303.9,9.8
19.557,97.724,314.6,1.3,1.1,2016-03-06,04:20,T,62,5.0       ,302.9,12
19.585,97.374,317.4,1.2,1.1,2016-03-06,04:20,T,56,5.0       ,306,12.7
19.583,97.379,319.5,1.2,1.1,2016-03-06,04:20,T,67,5.0       ,306.9,15
19.732,96.383,313.7,1.1,1,2016-03-06,04:20,T,39,5.0       ,301.2,8.9
19.513,97.684,312.1,1.3,1.1,2016-03-06,04:20,T,42,5.0       ,300.3,9.1
19.972,94.573,321.1,1,1,2016-03-06,04:20,T,64,5.0       ,307.5,8
19.901,94.803,320.4,1,1,2016-03-06,04:20,T,73,5.0       ,307,7.1
19.633,96.488,312.7,1.1,1.1,2016-03-06,04:20,T,55,5.0       ,298.5,12.9
19.9,94.439,325.1,1,1,2016-03-06,04:20,T,78,5.0       ,301.1,21.6
19.899,94.449,327.5,1,1,2016-03-06,04:20,T,81,5.0       ,301.5,24.2
19.47,96.954,312.8,1.2,1.1,2016-03-06,04:20,T,43,5.0       ,300.4,11.5
19.468,96.965,313.5,1.2,1.1,2016-03-06,04:20,T,49,5.0       ,301.6,11.8
19.466,96.958,327.2,1.2,1.1,2016-03-06,04:20,T,80,5.0       ,301.6,33.8
19.464,96.969,312,1.2,1.1,2016-03-06,04:20,T,41,5.0       ,301.5,10.3
19.788,94.695,324.3,1,1,2016-03-06,04:20,T,77,5.0       ,308.4,10.3
19.712,94.837,321.5,1,1,2016-03-06,04:20,T,74,5.0       ,307.3,8.1
19.32,97.291,315.7,1.2,1.1,2016-03-06,04:20,T,55,5.0       ,303.7,9.5
19.683,94.594,321.5,1,1,2016-03-06,04:20,T,74,5.0       ,306,9.4
19.479,95.75,315.9,1.1,1,2016-03-06,04:20,T,65,5.0       ,302.8,8
19.635,94.667,320.2,1,1,2016-03-06,04:20,T,72,5.0       ,306.6,8
19.623,94.752,323.3,1,1,2016-03-06,04:20,T,76,5.0       ,305.7,12.1
19.621,94.761,322.2,1,1,2016-03-06,04:20,T,75,5.0       ,305.3,10.6
19.156,97.546,317.8,1.3,1.1,2016-03-06,04:20,T,68,5.0       ,302.5,15.4
19.154,97.558,320.5,1.3,1.1,2016-03-06,04:20,T,73,5.0       ,302,20.9
19.392,95.117,324.8,1,1,2016-03-06,04:20,T,78,5.0       ,307,12.3
19.25,95.743,319.6,1.1,1,2016-03-06,04:20,T,65,5.0       ,307,9.2
19.248,95.753,320.8,1.1,1,2016-03-06,04:20,T,73,5.0       ,305.3,11.3
19.391,94.76,338.3,1,1,2016-03-06,04:20,T,89,5.0       ,307.2,35
19.39,94.769,326.7,1,1,2016-03-06,04:20,T,80,5.0       ,306,16.6
19.105,96.475,319,1.1,1.1,2016-03-06,04:20,T,69,5.0       ,305,12.3
19.104,96.485,325.4,1.1,1.1,2016-03-06,04:20,T,79,5.0       ,304,23.1
19.308,94.944,321.5,1,1,2016-03-06,04:20,T,71,5.0       ,306.1,8.8
19.251,94.647,321,1,1,2016-03-06,04:20,T,73,5.0       ,305.2,12.7
18.734,97.606,314.9,1.3,1.1,2016-03-06,04:20,T,62,5.0       ,302.5,11.6
18.718,97.522,317.4,1.3,1.1,2016-03-06,04:20,T,68,5.0       ,303.5,10.8
18.716,97.534,316.1,1.3,1.1,2016-03-06,04:20,T,64,5.0       ,303.5,9.5
19.064,95.214,324.2,1,1,2016-03-06,04:20,T,76,5.0       ,309.1,9.2
18.69,97.567,330.9,1.3,1.1,2016-03-06,04:20,T,84,5.0       ,303.9,39.5
18.686,97.222,320.2,1.2,1.1,2016-03-06,04:20,T,71,5.0       ,302.6,21.7
18.684,97.234,314.1,1.3,1.1,2016-03-06,04:20,T,30,5.0       ,302.4,11.5
18.684,97.228,322.3,1.3,1.1,2016-03-06,04:20,T,75,5.0       ,302.7,24.6
18.585,97.392,319.5,1.3,1.1,2016-03-06,04:20,T,71,5.0       ,302.3,18.3
18.583,97.403,327.2,1.3,1.1,2016-03-06,04:20,T,80,5.0       ,304.8,32.9
18.539,97.427,314.2,1.3,1.1,2016-03-06,04:20,T,40,5.0       ,300.7,10.8
18.524,97.389,316.8,1.3,1.1,2016-03-06,04:20,T,51,5.0       ,304,12.9
18.522,97.401,316.6,1.3,1.1,2016-03-06,04:20,T,41,5.0       ,302.3,11.7
18.878,95.043,327.5,1,1,2016-03-06,04:20,T,81,5.0       ,308.7,13
18.79,95.258,322.9,1,1,2016-03-06,04:20,T,73,5.0       ,307.2,10.7
10.075,105.938,316.8,3.4,1.7,2016-03-06,05:50,A,67,5.0       ,294.7,53.6
10.071,105.932,316.5,3.4,1.7,2016-03-06,05:50,A,40,5.0       ,295.1,47.3
10.732,105.314,319.2,3.7,1.8,2016-03-06,05:50,A,58,5.0       ,295.2,90.4
10.725,105.309,322.9,3.7,1.8,2016-03-06,05:50,A,76,5.0       ,295.6,121.5
11.793,108.826,327.1,1.9,1.3,2016-03-06,05:50,A,69,5.0       ,309.1,30
11.836,108.831,325.9,1.9,1.3,2016-03-06,05:50,A,71,5.0       ,306.3,26.9
24.726,113.732,313.1,1.1,1.1,2016-03-06,05:50,A,25,5.0       ,296.2,7.6
24.725,113.721,338.1,1.1,1.1,2016-03-06,05:50,A,89,5.0       ,298.1,48.1
24.732,113.412,314.4,1.1,1,2016-03-06,05:50,A,57,5.0       ,297.4,10.3
24.738,113.404,310.9,1.1,1,2016-03-06,05:50,A,45,5.0       ,296.3,7.5
24.64,112.382,314.7,1,1,2016-03-06,05:50,A,59,5.0       ,297.2,9.5
24.493,111.152,319.3,1,1,2016-03-06,05:50,A,71,5.0       ,295.4,14.3
-3.805,143.777,314.2,1.8,1.3,2016-03-06,01:10,T,29,5.0       ,292.9,23.4
-7.167,139.768,310.3,1.1,1,2016-03-06,01:10,T,23,5.0       ,289.6,7.2
30.88,115.109,325.9,2,1.4,2016-03-06,02:40,T,79,5.0       ,290,80.4
30.878,115.127,310.4,2,1.4,2016-03-06,02:40,T,38,5.0       ,289.8,32.5
30.774,115.129,317.1,2,1.4,2016-03-06,02:40,T,67,5.0       ,289.9,50.7
23.715,121.47,316.8,1.1,1,2016-03-06,02:40,T,53,5.0       ,300.6,12.2
23.713,121.48,318.9,1.1,1,2016-03-06,02:40,T,58,5.0       ,300.8,15.1
11.464,106.282,318.9,3,1.6,2016-03-06,05:50,A,0,5.0       ,299.3,54.1
11.47,106.303,326.5,3,1.6,2016-03-06,05:50,A,75,5.0       ,298.5,103.2
11.518,105.796,321.7,3.3,1.7,2016-03-06,05:50,A,60,5.0       ,300.9,52.5
12.005,107.945,406.3,2.2,1.4,2016-03-06,05:50,A,100,5.0       ,310.1,888.5
12.002,107.925,369.2,2.2,1.4,2016-03-06,05:50,A,100,5.0       ,307.5,348
12.004,107.94,416.3,2.2,1.4,2016-03-06,05:50,A,100,5.0       ,311.5,1101.6
12,107.92,325.6,2.2,1.4,2016-03-06,05:50,A,79,5.0       ,306.2,47.5
12.048,107.81,324.4,2.2,1.4,2016-03-06,05:50,A,68,5.0       ,302.1,47.3
12.127,107.812,324.6,2.2,1.4,2016-03-06,05:50,A,46,5.0       ,307.6,42.7
12.207,108.212,318.6,2.1,1.4,2016-03-06,05:50,A,58,5.0       ,301.9,34.1
12.108,107.54,323.3,2.3,1.5,2016-03-06,05:50,A,68,5.0       ,306.8,34.3
12.204,107.647,329.7,2.3,1.5,2016-03-06,05:50,A,79,5.0       ,306.5,75.5
11.791,104.935,316.7,3.8,1.8,2016-03-06,05:50,A,50,5.0       ,298,46.6
12.326,107.66,322.6,2.3,1.5,2016-03-06,05:50,A,62,5.0       ,307.2,37.3
12.327,107.676,320.9,2.3,1.5,2016-03-06,05:50,A,55,5.0       ,306.9,28.8
12.56,108.748,314.1,1.8,1.3,2016-03-06,05:50,A,60,5.0       ,299.2,23.5
12.35,107.502,333.1,2.3,1.5,2016-03-06,05:50,A,84,5.0       ,306.3,100
12.363,107.5,320,2.3,1.5,2016-03-06,05:50,A,47,5.0       ,300.8,43.8
12.227,106.703,330.6,2.7,1.6,2016-03-06,05:50,A,83,5.0       ,306.2,51.7
12.333,107.238,338.6,2.4,1.5,2016-03-06,05:50,A,89,5.0       ,303.1,138.9
12.328,107.232,331.5,2.4,1.5,2016-03-06,05:50,A,79,5.0       ,301.8,91.2
12.154,106.266,327.2,2.9,1.6,2016-03-06,05:50,A,76,5.0       ,304.1,40.8
12.324,106.973,319.5,2.5,1.5,2016-03-06,05:50,A,71,5.0       ,302.5,45.7
11.729,103.608,310.7,4.7,2,2016-03-06,05:50,A,37,5.0       ,292,77.7
12.465,107.49,318.8,2.3,1.5,2016-03-06,05:50,A,34,5.0       ,304.1,28.2
12.227,105.825,320.4,3.1,1.7,2016-03-06,05:50,A,25,5.0       ,301.7,43.7
13.772,99.316,322.5,4.1,1.9,2016-03-06,07:30,A,54,5.0       ,297.9,87.6
21.19,94.126,328.2,1,1,2016-03-06,04:20,T,81,5.0       ,301.1,24
20.547,98.073,312.6,1.3,1.1,2016-03-06,04:20,T,55,5.0       ,299.9,12.5
21.128,94.175,311.8,1,1,2016-03-06,04:20,T,33,5.0       ,298.2,4.3
23.841,116.559,318.2,1.3,1.1,2016-03-06,02:40,T,64,5.0       ,289.8,22.4
23.839,116.572,355.4,1.3,1.1,2016-03-06,02:40,T,98,5.0       ,290.7,116.4
23.841,116.565,345.1,1.3,1.1,2016-03-06,02:40,T,93,5.0       ,290.9,81.6
23.839,116.578,331.1,1.3,1.1,2016-03-06,02:40,T,82,5.0       ,290.8,45.8
1.139,117.969,313.9,1.3,1.1,2016-03-06,02:50,T,45,5.0       ,291.7,14.2
0.791,117.019,317.2,1.1,1.1,2016-03-06,02:50,T,67,5.0       ,295.9,13
0.504,116.792,315.7,1.1,1,2016-03-06,02:50,T,64,5.0       ,296.8,8.9
-0.597,123.223,312,3.3,1.7,2016-03-06,02:50,T,45,5.0       ,293.2,47.4
-0.593,123.218,312.5,3.3,1.7,2016-03-06,02:50,T,38,5.0       ,293.4,50.5
0.219,116.722,319.4,1.1,1,2016-03-06,02:50,T,54,5.0       ,299.1,13.4
-3.328,105.001,312.5,3.6,1.8,2016-03-06,02:50,T,20,5.0       ,290.9,45.6
-7.565,112.603,315.7,1,1,2016-03-06,02:50,T,17,5.0       ,290.6,8.9
-7.566,112.612,316.9,1,1,2016-03-06,02:50,T,34,5.0       ,291,10
-8.455,118.729,313.2,2,1.4,2016-03-06,02:50,T,0,5.0       ,297.3,22.7
-8.804,120.57,312.2,2.8,1.6,2016-03-06,02:50,T,33,5.0       ,292.6,32.5
-8.807,120.564,311.8,2.8,1.6,2016-03-06,02:50,T,20,5.0       ,292.6,30.1
-8.863,120.659,310.5,2.8,1.6,2016-03-06,02:50,T,0,5.0       ,294.2,33.9
-8.866,120.685,310.6,2.8,1.6,2016-03-06,02:50,T,20,5.0       ,294.4,36.5
-8.876,120.761,311.6,2.9,1.6,2016-03-06,02:50,T,0,5.0       ,293.7,39.4
18.349,120.869,320.6,1.1,1.1,2016-03-06,02:45,T,49,5.0       ,295.2,19.9
17.788,120.75,318.6,1.1,1.1,2016-03-06,02:45,T,47,5.0       ,300.4,15.1
15.719,121.051,320.9,1.2,1.1,2016-03-06,02:45,T,40,5.0       ,303.8,19
15.274,120.055,324.8,1.1,1,2016-03-06,02:45,T,26,5.0       ,307.9,17.2
15.272,120.065,324.1,1.1,1,2016-03-06,02:45,T,17,5.0       ,307.3,15.6
14.792,107.904,321.2,4.1,1.9,2016-03-06,02:45,T,70,5.0       ,300.9,119.3
14.789,107.891,318,4.1,1.9,2016-03-06,02:45,T,45,5.0       ,301.1,92
12.882,120.906,320.8,1.3,1.1,2016-03-06,02:45,T,23,5.0       ,305.2,17.2
10.885,123.108,318.7,2,1.4,2016-03-06,02:45,T,70,5.0       ,298.2,30.3
10.883,123.101,315.4,2,1.4,2016-03-06,02:45,T,47,5.0       ,298.1,17.4
12.247,108.007,313,3.7,1.8,2016-03-06,02:45,T,40,5.0       ,299.3,56.3
9.763,118.699,314.6,1.1,1,2016-03-06,02:45,T,0,5.0       ,297.5,5.8
8.503,125.018,333.4,3.2,1.7,2016-03-06,02:45,T,85,5.0       ,297.7,188.1
8.506,125.011,328.4,3.2,1.7,2016-03-06,02:45,T,81,5.0       ,297.2,149.6
8.501,125.038,314.2,3.2,1.7,2016-03-06,02:45,T,42,5.0       ,297.2,65.2
5.976,125.011,325.3,3.6,1.8,2016-03-06,02:45,T,58,5.0       ,296.5,105.4
5.215,120.236,323.4,1.6,1.2,2016-03-06,02:45,T,72,5.0       ,293.2,38
5.486,115.748,318.5,1,1,2016-03-06,02:45,T,27,5.0       ,299.1,11.6
5.469,115.548,321.8,1,1,2016-03-06,02:45,T,73,5.0       ,299.7,13.4
5.318,116.511,319.2,1,1,2016-03-06,02:45,T,56,5.0       ,301.6,13.9
5.442,115.544,321.9,1,1,2016-03-06,02:45,T,71,5.0       ,299.5,14.5
15.89,95.585,327.2,2.3,1.5,2016-03-06,07:30,A,76,5.0       ,303.6,60.2
15.888,95.564,325.3,2.3,1.5,2016-03-06,07:30,A,78,5.0       ,303.1,53.7
15.886,95.581,327.6,2.3,1.5,2016-03-06,07:30,A,81,5.0       ,303.8,62.9
15.884,95.559,319.5,2.3,1.5,2016-03-06,07:30,A,44,5.0       ,303,29.4
15.954,95.013,324.8,2.1,1.4,2016-03-06,07:30,A,78,5.0       ,300.4,42.1
16.131,95.197,319.1,2.2,1.4,2016-03-06,07:30,A,63,5.0       ,302.4,28
16.81,95.237,327,2.2,1.4,2016-03-06,07:30,A,80,5.0       ,306,54.2
17.211,95.883,331.5,2.5,1.5,2016-03-06,07:30,A,84,5.0       ,301.6,94.4
17.219,95.901,322.7,2.5,1.5,2016-03-06,07:30,A,75,5.0       ,301.3,45.9
17.217,95.877,328.7,2.5,1.5,2016-03-06,07:30,A,82,5.0       ,301.7,78.6
18.056,95.105,329.8,2.3,1.5,2016-03-06,07:30,A,83,5.0       ,308.6,47.2
18.631,95.713,336.7,2.6,1.5,2016-03-06,07:30,A,88,5.0       ,302.8,130.7
18.636,95.708,340.4,2.6,1.5,2016-03-06,07:30,A,90,5.0       ,300.7,158.4
19.15,97.558,322.1,3.6,1.8,2016-03-06,07:30,A,75,5.0       ,305.6,79.2
19.055,94.85,321,2.2,1.4,2016-03-06,07:30,A,60,5.0       ,305.5,22.1
19.449,97.371,326.3,3.5,1.8,2016-03-06,07:30,A,79,5.0       ,301,114.6
19.296,95.028,329.5,2.3,1.5,2016-03-06,07:30,A,82,5.0       ,303.8,59.2
12.423,105.807,324.9,3.1,1.7,2016-03-06,05:50,A,78,5.0       ,303,44.4
12.707,107.277,332.6,2.4,1.5,2016-03-06,05:50,A,81,5.0       ,311.6,59.2
12.402,104.673,317.8,3.8,1.8,2016-03-06,05:50,A,66,5.0       ,295.9,40.8
12.676,105.592,321.4,3.2,1.7,2016-03-06,05:50,A,59,5.0       ,299.8,43.8
12.639,105.386,325.2,3.3,1.7,2016-03-06,05:50,A,73,5.0       ,299.2,82.2
12.635,105.382,326.7,3.3,1.7,2016-03-06,05:50,A,80,5.0       ,298.9,93.5
12.788,105.446,330.4,3.3,1.7,2016-03-06,05:50,A,83,5.0       ,298.2,138.5
12.785,105.439,324.6,3.3,1.7,2016-03-06,05:50,A,78,5.0       ,297.9,93.7
12.801,105.436,323,3.3,1.7,2016-03-06,05:50,A,53,5.0       ,299.8,80.6
12.794,105.313,329.1,3.4,1.7,2016-03-06,05:50,A,82,5.0       ,299.1,121.8
12.841,105.489,329.5,3.2,1.7,2016-03-06,05:50,A,82,5.0       ,298.4,119.2
12.836,105.46,321.5,3.3,1.7,2016-03-06,05:50,A,65,5.0       ,298.6,64.3
12.851,105.365,325.2,3.3,1.7,2016-03-06,05:50,A,76,5.0       ,301.6,89.5
12.838,105.485,329.4,3.2,1.7,2016-03-06,05:50,A,82,5.0       ,298.6,120.4
12.847,105.361,324.6,3.3,1.7,2016-03-06,05:50,A,62,5.0       ,301.2,81.8
13.047,105.965,319.2,3,1.6,2016-03-06,05:50,A,39,5.0       ,301.2,43.3
13.043,105.938,319.6,3,1.6,2016-03-06,05:50,A,68,5.0       ,299.9,52
13.049,105.958,322.4,3,1.6,2016-03-06,05:50,A,73,5.0       ,301.1,64.9
13.517,108.404,330.6,1.9,1.3,2016-03-06,05:50,A,42,5.0       ,308.4,42.4
13.529,108.402,331.4,1.9,1.3,2016-03-06,05:50,A,67,5.0       ,308,41
13.495,108.122,330.3,2,1.4,2016-03-06,05:50,A,83,5.0       ,309.6,42.4
13.501,108.135,325.4,2,1.4,2016-03-06,05:50,A,72,5.0       ,308.3,22.1
13.497,108.116,325.8,2,1.4,2016-03-06,05:50,A,79,5.0       ,310.1,25.5
13.673,109.003,312.7,1.7,1.3,2016-03-06,05:50,A,48,5.0       ,298.4,17.1
13.59,108.369,332.6,1.9,1.3,2016-03-06,05:50,A,85,5.0       ,311.5,36.9
13.667,108.348,326.4,1.9,1.3,2016-03-06,05:50,A,61,5.0       ,309.6,19.5
13.347,106.265,322.6,2.8,1.6,2016-03-06,05:50,A,59,5.0       ,302.8,44.4
13.342,106.24,326.4,2.8,1.6,2016-03-06,05:50,A,76,5.0       ,302.3,67.7
13.35,106.259,322.7,2.8,1.6,2016-03-06,05:50,A,51,5.0       ,302.7,40.2
13.345,106.234,325.1,2.8,1.6,2016-03-06,05:50,A,67,5.0       ,302.5,54.8
13.617,107.372,323.7,2.2,1.5,2016-03-06,05:50,A,76,5.0       ,305.3,39.8
13.806,108.298,327.4,1.9,1.3,2016-03-06,05:50,A,40,5.0       ,306.2,36.3
13.265,105.219,322.8,3.3,1.7,2016-03-06,05:50,A,51,5.0       ,299.6,71.6
13.242,105.098,325.2,3.4,1.7,2016-03-06,05:50,A,67,5.0       ,300.6,97.3
13.662,107.252,320.6,2.3,1.5,2016-03-06,05:50,A,45,5.0       ,304.7,24.7
13.283,105.058,333,3.4,1.7,2016-03-06,05:50,A,85,5.0       ,298.1,152.9
13.298,105.055,325.5,3.4,1.7,2016-03-06,05:50,A,56,5.0       ,299.8,79.6
13.68,107.119,321.4,2.3,1.5,2016-03-06,05:50,A,74,5.0       ,303.7,29.1
13.545,106.266,326.5,2.7,1.6,2016-03-06,05:50,A,75,5.0       ,303.8,47.1
13.642,106.739,325.1,2.5,1.5,2016-03-06,05:50,A,70,5.0       ,307,29.5
13.467,105.567,336.3,3.1,1.7,2016-03-06,05:50,A,87,5.0       ,297.5,191.8
13.462,105.539,329.8,3.1,1.7,2016-03-06,05:50,A,83,5.0       ,297.5,143
13.556,105.805,324.4,3,1.6,2016-03-06,05:50,A,66,5.0       ,303,48.6
13.58,105.856,332.9,2.9,1.6,2016-03-06,05:50,A,85,5.0       ,304.2,99.8
13.575,105.83,327.8,3,1.6,2016-03-06,05:50,A,74,5.0       ,303.4,65.5
13.561,105.749,325.2,3,1.6,2016-03-06,05:50,A,61,5.0       ,301.2,70
13.556,105.721,320.7,3,1.7,2016-03-06,05:50,A,48,5.0       ,300.7,49.6
13.77,106.872,324.9,2.4,1.5,2016-03-06,05:50,A,62,5.0       ,307.7,33.9
13.581,105.849,336.4,2.9,1.6,2016-03-06,05:50,A,88,5.0       ,304.4,126.8
13.562,105.742,328.1,3,1.6,2016-03-06,05:50,A,74,5.0       ,301.2,90.6
13.782,106.886,328,2.4,1.5,2016-03-06,05:50,A,73,5.0       ,306.1,52.3
13.778,106.864,326.5,2.4,1.5,2016-03-06,05:50,A,70,5.0       ,306.2,46
13.61,105.761,323.5,3,1.6,2016-03-06,05:50,A,60,5.0       ,301.5,58.4
14.094,108.255,323.9,1.9,1.3,2016-03-06,05:50,A,67,5.0       ,303.9,28.9
13.924,107.233,355.2,2.3,1.5,2016-03-06,05:50,A,97,5.0       ,306,221
14.099,108.248,321.8,1.9,1.3,2016-03-06,05:50,A,52,5.0       ,305.6,22.2
13.924,107.249,324.4,2.3,1.5,2016-03-06,05:50,A,64,5.0       ,305.2,32.6
13.921,107.228,351.6,2.3,1.5,2016-03-06,05:50,A,96,5.0       ,306.3,193.9
13.973,107.219,327.5,2.3,1.5,2016-03-06,05:50,A,62,5.0       ,303.3,56.5
13.712,105.736,325.8,3,1.6,2016-03-06,05:50,A,23,5.0       ,302.3,67.3
14.036,107.355,322,2.2,1.4,2016-03-06,05:50,A,56,5.0       ,304.3,44.1
14.035,107.349,321.9,2.2,1.4,2016-03-06,05:50,A,67,5.0       ,303.8,47.2
14.251,108.063,324,1.9,1.4,2016-03-06,05:50,A,65,5.0       ,307.1,22.6
14.26,108.044,361,1.9,1.4,2016-03-06,05:50,A,100,5.0       ,309.5,215.1
14.273,108.044,326.2,1.9,1.4,2016-03-06,05:50,A,75,5.0       ,305,32.6
14.425,108.464,314.5,1.8,1.3,2016-03-06,05:50,A,37,5.0       ,299.6,24.3
14.437,108.462,321.7,1.8,1.3,2016-03-06,05:50,A,74,5.0       ,298.8,45.3
14.367,107.832,324.6,2,1.4,2016-03-06,05:50,A,68,5.0       ,310.7,26.3
13.76,104.389,318.8,3.8,1.8,2016-03-06,05:50,A,70,5.0       ,295.5,56.9
14.436,108.095,414.2,1.9,1.3,2016-03-06,05:50,A,100,5.0       ,316.3,855.9
14.433,108.079,371.4,1.9,1.4,2016-03-06,05:50,A,100,5.0       ,308.2,294
13.751,104.387,319,3.8,1.8,2016-03-06,05:50,A,70,5.0       ,295,59.4
14.443,108.106,339.1,1.9,1.3,2016-03-06,05:50,A,89,5.0       ,309.3,85.6
14.441,108.091,419.5,1.9,1.3,2016-03-06,05:50,A,100,5.0       ,314.9,963.5
14.455,108.105,327.1,1.9,1.3,2016-03-06,05:50,A,57,5.0       ,308.4,43
14.482,108.045,329.8,1.9,1.4,2016-03-06,05:50,A,83,5.0       ,308,55.6
14.52,108.199,330.4,1.9,1.3,2016-03-06,05:50,A,81,5.0       ,305.1,58.5
14.577,108.465,314.5,1.8,1.3,2016-03-06,05:50,A,61,5.0       ,296.5,32.4
14.394,107.373,315.7,2.2,1.4,2016-03-06,05:50,A,64,5.0       ,299.4,40.3
14.576,108.475,313.2,1.8,1.3,2016-03-06,05:50,A,35,5.0       ,295.3,27.7
14.529,108.209,321.6,1.9,1.3,2016-03-06,05:50,A,51,5.0       ,305,35.2
14.526,108.191,322.1,1.9,1.3,2016-03-06,05:50,A,56,5.0       ,304.4,34.4
14.394,107.366,314.7,2.2,1.4,2016-03-06,05:50,A,62,5.0       ,299,36.7
14.748,108.74,313.5,1.7,1.3,2016-03-06,05:50,A,58,5.0       ,297.6,21.2
14.745,108.724,311.1,1.7,1.3,2016-03-06,05:50,A,43,5.0       ,298.7,15.7
14.599,107.792,324.6,2,1.4,2016-03-06,05:50,A,70,5.0       ,308.7,35.6
14.089,104.943,322.8,3.4,1.7,2016-03-06,05:50,A,66,5.0       ,299.4,57.7
14.689,108.248,325.1,1.8,1.3,2016-03-06,05:50,A,78,5.0       ,297.4,61.5
14.686,108.23,311.1,1.8,1.3,2016-03-06,05:50,A,26,5.0       ,298.3,22.3
14.701,108.246,316.5,1.8,1.3,2016-03-06,05:50,A,66,5.0       ,297.8,37.4
14.698,108.229,328.1,1.8,1.3,2016-03-06,05:50,A,81,5.0       ,299.3,73
14.668,107.982,321,1.9,1.4,2016-03-06,05:50,A,47,5.0       ,306.3,36.4
14.219,105.226,321.8,3.2,1.7,2016-03-06,05:50,A,68,5.0       ,296.9,64.3
14.232,105.217,325.7,3.2,1.7,2016-03-06,05:50,A,79,5.0       ,298,101.1
14.747,107.581,328.7,2.1,1.4,2016-03-06,05:50,A,76,5.0       ,301,71.2
14.933,108.601,313.1,1.7,1.3,2016-03-06,05:50,A,43,5.0       ,295.8,21.3
14.816,107.912,358,1.9,1.4,2016-03-06,05:50,A,99,5.0       ,301.6,208
14.812,107.89,355.1,1.9,1.4,2016-03-06,05:50,A,97,5.0       ,306.6,185.2
14.806,107.703,325.1,2,1.4,2016-03-06,05:50,A,43,5.0       ,305.4,50.3
14.756,107.256,321.6,2.2,1.4,2016-03-06,05:50,A,73,5.0       ,301.6,50.1
14.759,107.268,313.1,2.2,1.4,2016-03-06,05:50,A,54,5.0       ,301.4,21.7
14.755,107.25,316.6,2.2,1.4,2016-03-06,05:50,A,66,5.0       ,301,34.2
14.88,107.818,321.9,2,1.4,2016-03-06,05:50,A,46,5.0       ,301.5,44.3
14.923,107.923,319.2,1.9,1.4,2016-03-06,05:50,A,52,5.0       ,299.6,38.4
14.886,107.094,335.5,2.2,1.4,2016-03-06,05:50,A,75,5.0       ,303.5,95.2
15.001,107.695,322.3,2,1.4,2016-03-06,05:50,A,51,5.0       ,301.7,44.7
14.992,107.69,324.7,2,1.4,2016-03-06,05:50,A,55,5.0       ,304.5,53.3
14.879,106.831,330.9,2.3,1.5,2016-03-06,05:50,A,76,5.0       ,302.9,69.9
15.419,108.607,313.9,1.7,1.3,2016-03-06,05:50,A,56,5.0       ,294.1,20
15.175,107.092,324.8,2.2,1.4,2016-03-06,05:50,A,73,5.0       ,300.1,61.2
14.989,106.023,323.4,2.7,1.6,2016-03-06,05:50,A,76,5.0       ,295.3,78.6
15.195,107.129,333,2.2,1.4,2016-03-06,05:50,A,62,5.0       ,301.3,91.8
15.192,107.109,330.8,2.2,1.4,2016-03-06,05:50,A,55,5.0       ,299.8,79.3
15.174,107.087,330.1,2.2,1.4,2016-03-06,05:50,A,83,5.0       ,300.2,82.2
15.194,107.125,340.1,2.2,1.4,2016-03-06,05:50,A,90,5.0       ,301.7,132.8
15.19,107.105,320.6,2.2,1.4,2016-03-06,05:50,A,44,5.0       ,298.4,40.8
14.994,106.017,317.2,2.7,1.6,2016-03-06,05:50,A,46,5.0       ,294.7,45.8
15.123,106.574,315.9,2.4,1.5,2016-03-06,05:50,A,27,5.0       ,296,34.6
15.197,106.396,320.2,2.5,1.5,2016-03-06,05:50,A,54,5.0       ,297.4,56.3
15.324,106.436,328.3,2.5,1.5,2016-03-06,05:50,A,70,5.0       ,297.6,97.4
15.337,106.434,323.5,2.5,1.5,2016-03-06,05:50,A,69,5.0       ,297,71.1
15.333,106.411,317.6,2.5,1.5,2016-03-06,05:50,A,22,5.0       ,297.4,42
15.276,106.002,320.3,2.7,1.6,2016-03-06,05:50,A,58,5.0       ,298.4,58.2
15.332,106.428,330.1,2.5,1.5,2016-03-06,05:50,A,83,5.0       ,297.5,101.5
15.345,106.424,329.5,2.5,1.5,2016-03-06,05:50,A,82,5.0       ,299,97.4
15.281,105.994,316.7,2.7,1.6,2016-03-06,05:50,A,38,5.0       ,298.8,40.1
15.372,106.419,326.6,2.5,1.5,2016-03-06,05:50,A,80,5.0       ,300.1,78.5
15.305,105.887,331,2.7,1.6,2016-03-06,05:50,A,84,5.0       ,302.2,92.5
15.3,105.862,323.4,2.7,1.6,2016-03-06,05:50,A,76,5.0       ,302.2,47.5
15.319,105.884,333.6,2.7,1.6,2016-03-06,05:50,A,86,5.0       ,301.9,104.4
15.314,105.859,334.3,2.7,1.6,2016-03-06,05:50,A,86,5.0       ,301.2,111.3
15.308,105.881,334.4,2.7,1.6,2016-03-06,05:50,A,86,5.0       ,302.3,111.1
15.304,105.856,327.5,2.7,1.6,2016-03-06,05:50,A,81,5.0       ,302.4,67.6
15.62,107.375,318.9,2.1,1.4,2016-03-06,05:50,A,70,5.0       ,296.2,55.5
15.48,106.435,322.9,2.4,1.5,2016-03-06,05:50,A,76,5.0       ,301.7,55.4
15.5,106.312,327.4,2.5,1.5,2016-03-06,05:50,A,71,5.0       ,303.5,70.5
15.508,106.303,332.1,2.5,1.5,2016-03-06,05:50,A,79,5.0       ,304.9,89.6
15.67,106.828,312.4,2.3,1.5,2016-03-06,05:50,A,54,5.0       ,299.6,24
15.529,106.033,320.1,2.6,1.6,2016-03-06,05:50,A,66,5.0       ,299.1,35.4
15.726,107.077,321.7,2.2,1.4,2016-03-06,05:50,A,70,5.0       ,292.7,62.8
15.722,107.057,317.7,2.2,1.4,2016-03-06,05:50,A,58,5.0       ,296.7,48.3
15.657,106.68,320.4,2.3,1.5,2016-03-06,05:50,A,56,5.0       ,299.6,47.4
15.653,106.659,331.8,2.3,1.5,2016-03-06,05:50,A,84,5.0       ,302.4,98.3
15.667,106.824,312.1,2.3,1.5,2016-03-06,05:50,A,53,5.0       ,299.7,21.4
15.725,107.071,327.7,2.2,1.4,2016-03-06,05:50,A,76,5.0       ,294.5,87.6
15.654,106.675,328.6,2.3,1.5,2016-03-06,05:50,A,80,5.0       ,300.8,84
15.65,106.654,325.8,2.3,1.5,2016-03-06,05:50,A,79,5.0       ,302.3,67.8
15.535,106.027,320.2,2.6,1.6,2016-03-06,05:50,A,70,5.0       ,298.2,34.5
15.863,107.492,310.8,2,1.4,2016-03-06,05:50,A,44,5.0       ,296,25
15.581,105.891,330.2,2.7,1.6,2016-03-06,05:50,A,83,5.0       ,302.2,81.8
15.909,107.615,319.8,1.9,1.4,2016-03-06,05:50,A,72,5.0       ,295.7,48.5
15.655,106.148,319.2,2.5,1.5,2016-03-06,05:50,A,47,5.0       ,301.9,25.8
15.894,107.45,310.7,2,1.4,2016-03-06,05:50,A,29,5.0       ,294.9,26.3
15.591,105.908,321.8,2.7,1.6,2016-03-06,05:50,A,74,5.0       ,301.3,36.2
15.586,105.884,326.6,2.7,1.6,2016-03-06,05:50,A,80,5.0       ,301.6,59.5
15.916,107.622,311.2,1.9,1.4,2016-03-06,05:50,A,47,5.0       ,296.9,24.9
15.914,107.606,314.1,1.9,1.4,2016-03-06,05:50,A,60,5.0       ,295.6,32.2
15.662,106.14,322.9,2.5,1.5,2016-03-06,05:50,A,76,5.0       ,302.6,43.1
15.94,107.544,323.8,2,1.4,2016-03-06,05:50,A,77,5.0       ,296.6,60.6
15.937,107.526,327,2,1.4,2016-03-06,05:50,A,80,5.0       ,297.2,72.2
15.38,103.42,328.3,4.1,1.9,2016-03-06,05:50,A,81,5.0       ,297.6,136.2
15.515,103.769,324.2,3.9,1.8,2016-03-06,05:50,A,77,5.0       ,296.6,82.9
15.384,103.414,326.4,4.1,1.9,2016-03-06,05:50,A,79,5.0       ,296.9,112.3
15.505,103.767,321.2,3.9,1.8,2016-03-06,05:50,A,61,5.0       ,295.8,55.4
16.218,107.187,317.1,2.1,1.4,2016-03-06,05:50,A,65,5.0       ,296.7,44.1
16.22,107.18,311.4,2.1,1.4,2016-03-06,05:50,A,43,5.0       ,296.2,28.2
16.308,107.61,316.8,1.9,1.3,2016-03-06,05:50,A,64,5.0       ,295.4,37.3
15.677,104.01,321.5,3.7,1.8,2016-03-06,05:50,A,72,5.0       ,299.8,60.5
16.376,107.017,311.5,2.1,1.4,2016-03-06,05:50,A,45,5.0       ,297.3,21.2
16.381,106.605,311,2.3,1.5,2016-03-06,05:50,A,37,5.0       ,297.7,25.9
16.379,106.6,310,2.3,1.5,2016-03-06,05:50,A,8,5.0       ,297.9,23
16.422,105.795,320.6,2.6,1.6,2016-03-06,05:50,A,72,5.0       ,301.9,33.9
16.607,106.106,321,2.4,1.5,2016-03-06,05:50,A,73,5.0       ,298.4,55
16.636,106.192,314,2.4,1.5,2016-03-06,05:50,A,45,5.0       ,299.1,26
16.583,105.897,317.8,2.5,1.5,2016-03-06,05:50,A,56,5.0       ,299.9,24.4
16.736,106.237,319.9,2.4,1.5,2016-03-06,05:50,A,72,5.0       ,297.8,50.3
17.113,105.271,311.6,2.8,1.6,2016-03-06,05:50,A,33,5.0       ,297.1,26
18.897,103.654,311.1,3.4,1.7,2016-03-06,05:50,A,46,5.0       ,293.4,50.6
19.174,103.588,310.9,3.4,1.7,2016-03-06,05:50,A,38,5.0       ,294.2,58.3
19.519,103.928,342.6,3.1,1.7,2016-03-06,05:50,A,91,5.0       ,294.3,275.2
21.127,110.084,312.2,1.1,1.1,2016-03-06,05:50,A,43,5.0       ,295.2,6.8
21.126,110.073,321.2,1.1,1.1,2016-03-06,05:50,A,74,5.0       ,296.3,18.8
20.486,103.526,323.5,3.2,1.7,2016-03-06,05:50,A,67,5.0       ,289.2,137.3
20.485,103.518,324.6,3.2,1.7,2016-03-06,05:50,A,78,5.0       ,290.4,137.2
20.75,103.535,318.2,3.1,1.7,2016-03-06,05:50,A,69,5.0       ,292.9,91.6
23.319,114.766,316.4,1.2,1.1,2016-03-06,05:50,A,0,5.0       ,288.6,19.6
24.305,114.099,312.4,1.2,1.1,2016-03-06,05:50,A,54,5.0       ,296.1,10.3
18.814,94.734,315.6,1,1,2016-03-06,04:20,T,39,5.0       ,302.7,10.5
18.794,94.744,314,1,1,2016-03-06,04:20,T,49,5.0       ,299.6,8.3
18.792,94.754,315.6,1,1,2016-03-06,04:20,T,61,5.0       ,300.4,9.2
18.29,97.687,314.9,1.3,1.2,2016-03-06,04:20,T,62,5.0       ,300,14.2
18.288,97.699,312.3,1.4,1.2,2016-03-06,04:20,T,53,5.0       ,299.7,10.3
18.516,95.234,327.5,1,1,2016-03-06,04:20,T,81,5.0       ,308.3,12
18.333,95.578,330,1.1,1,2016-03-06,04:20,T,83,5.0       ,310.8,15.1
18.114,96.764,324.4,1.2,1.1,2016-03-06,04:20,T,63,5.0       ,308,12.9
18.112,96.775,342.7,1.2,1.1,2016-03-06,04:20,T,91,5.0       ,310.4,51.1
24.369,111.766,314.7,1,1,2016-03-06,05:50,A,62,5.0       ,297.7,12.6
24.717,113.734,317.1,1.1,1.1,2016-03-06,05:50,A,66,5.0       ,296.9,13.6
24.715,113.723,337.2,1.1,1.1,2016-03-06,05:50,A,88,5.0       ,298.8,47
24.491,111.143,321.6,1,1,2016-03-06,05:50,A,74,5.0       ,297.9,17.6
24.701,112.366,314.6,1,1,2016-03-06,05:50,A,52,5.0       ,298.9,9.2
25.049,113.612,318.2,1.1,1.1,2016-03-06,05:50,A,69,5.0       ,295,15.5
24.472,106.244,310.4,1.7,1.3,2016-03-06,05:50,A,22,5.0       ,289.7,22.3
-8.311,123.593,317,1.7,1.3,2016-03-06,05:45,A,0,5.0       ,300.5,23.8
-8.234,123.652,317.6,1.7,1.3,2016-03-06,05:45,A,0,5.0       ,300.8,20.4
-8.455,118.731,319.8,1,1,2016-03-06,05:45,A,44,5.0       ,303.2,11.1
-2.295,113.855,315.8,1.4,1.2,2016-03-06,05:45,A,52,5.0       ,298.1,16.6
-0.569,115.971,321.4,1,1,2016-03-06,05:45,A,61,5.0       ,302.5,13.7
-0.167,117.421,329.7,1,1,2016-03-06,05:45,A,83,5.0       ,302.2,19.4
-0.065,117.427,328.6,1,1,2016-03-06,05:45,A,76,5.0       ,305.8,11
-0.026,117.376,333.7,1,1,2016-03-06,05:45,A,61,5.0       ,305.1,18.3
0.01,117.438,334.2,1,1,2016-03-06,05:45,A,86,5.0       ,307.7,18.8
0.009,117.429,336,1,1,2016-03-06,05:45,A,87,5.0       ,307.9,21.1
0.016,117.419,346.9,1,1,2016-03-06,05:45,A,94,5.0       ,307.7,41.6
0.015,117.41,364.5,1,1,2016-03-06,05:45,A,100,5.0       ,308,85.9
0.014,117.401,331.2,1,1,2016-03-06,05:45,A,83,5.0       ,306.3,13.5
0.07,117.411,328.6,1,1,2016-03-06,05:45,A,66,5.0       ,303.4,9.5
0.078,117.401,335.6,1,1,2016-03-06,05:45,A,87,5.0       ,302.6,22.5
0.077,117.392,333.6,1,1,2016-03-06,05:45,A,83,5.0       ,303.5,20
0.173,117.417,376.5,1,1,2016-03-06,05:45,A,100,5.0       ,303.5,133.5
0.172,117.408,327.6,1,1,2016-03-06,05:45,A,65,5.0       ,301.2,16.4
0.111,116.729,344.8,1,1,2016-03-06,05:45,A,93,5.0       ,306.4,43.1
24.661,106.203,311.4,1.7,1.3,2016-03-06,05:55,A,40,5.0       ,294.6,19
28.12,114.095,315.1,1.3,1.1,2016-03-06,05:55,A,63,5.0       ,296,16.7
28.121,114.101,311,1.3,1.1,2016-03-06,05:55,A,38,5.0       ,295.4,11.4
28.081,113.04,312.8,1.1,1.1,2016-03-06,05:55,A,53,5.0       ,299,9.9
29.435,113.11,329.8,1.2,1.1,2016-03-06,05:55,A,72,5.0       ,295.8,40.3
29.863,114.897,310.3,1.5,1.2,2016-03-06,05:55,A,35,5.0       ,292.5,16.4
30.659,118.734,311.5,2.8,1.6,2016-03-06,05:55,A,49,5.0       ,287.4,62.9
30.658,114.172,317.5,1.4,1.2,2016-03-06,05:55,A,63,5.0       ,294.4,22
30.67,114.185,310.9,1.4,1.2,2016-03-06,05:55,A,19,5.0       ,294.6,12
30.668,114.171,321.8,1.4,1.2,2016-03-06,05:55,A,74,5.0       ,294.5,30.6
30.674,114.127,312.5,1.4,1.2,2016-03-06,05:55,A,55,5.0       ,295.8,15.4
29.191,102.655,317.3,2.3,1.5,2016-03-06,05:55,A,68,5.0       ,298.6,53
30.913,112.971,332.9,1.2,1.1,2016-03-06,05:55,A,85,5.0       ,296.6,45.6
30.917,112.976,319.8,1.2,1.1,2016-03-06,05:55,A,72,5.0       ,294.8,22.6
30.915,112.964,327.3,1.2,1.1,2016-03-06,05:55,A,80,5.0       ,296.7,35.1
30.804,107.027,311.2,1.2,1.1,2016-03-06,05:55,A,25,5.0       ,297.7,10.2
19.932,93.517,324.1,1.8,1.3,2016-03-06,07:30,A,0,5.0       ,304.2,41.2
20.152,93.636,315.4,1.9,1.3,2016-03-06,07:30,A,54,5.0       ,303.2,17.5
19.549,97.731,319.3,3.8,1.8,2016-03-06,07:30,A,54,5.0       ,303.2,85.2
19.305,95.021,323.2,2.3,1.5,2016-03-06,07:30,A,56,5.0       ,304.1,30.5
19.309,94.932,330.1,2.3,1.5,2016-03-06,07:30,A,81,5.0       ,303,75.1
19.381,95.102,324.4,2.4,1.5,2016-03-06,07:30,A,77,5.0       ,304.5,33
19.38,95.117,322.9,2.4,1.5,2016-03-06,07:30,A,45,5.0       ,304.7,23.9
19.721,96.477,311.9,3,1.7,2016-03-06,07:30,A,52,5.0       ,298.3,37.8
19.586,94.598,322.2,2.2,1.4,2016-03-06,07:30,A,73,5.0       ,304,31.5
20.102,98.974,314.7,4.7,2,2016-03-06,07:30,A,35,5.0       ,293.9,93
19.675,94.584,323,2.2,1.4,2016-03-06,07:30,A,76,5.0       ,308.1,29.3
20.204,98.696,317.9,4.5,2,2016-03-06,07:30,A,53,5.0       ,301.2,116.4
19.799,94.535,322.2,2.2,1.4,2016-03-06,07:30,A,58,5.0       ,305.8,24.8
20.204,98.692,316,4.5,2,2016-03-06,07:30,A,25,5.0       ,301.2,97.7
21.426,97.13,317.8,3.6,1.8,2016-03-06,07:30,A,62,5.0       ,298.4,77.5
21.439,97.155,311.2,3.6,1.8,2016-03-06,07:30,A,47,5.0       ,296.1,35.2
21.436,97.122,315,3.6,1.8,2016-03-06,07:30,A,52,5.0       ,298.7,60.1
21.415,96.715,311.4,3.3,1.7,2016-03-06,07:30,A,27,5.0       ,297.5,33.2
21.651,97.159,311,3.6,1.8,2016-03-06,07:30,A,45,5.0       ,292.5,46.8
21.837,96.754,315.2,3.4,1.7,2016-03-06,07:30,A,20,5.0       ,301.1,45.1
22.124,97.63,313.7,4,1.9,2016-03-06,07:30,A,59,5.0       ,293.9,70.9
22.298,96.869,316.4,3.5,1.8,2016-03-06,07:30,A,36,5.0       ,296.8,47.3
22.162,93.925,323.2,2.1,1.4,2016-03-06,07:30,A,73,5.0       ,305.1,28.6
22.16,93.905,321.6,2.1,1.4,2016-03-06,07:30,A,38,5.0       ,304.8,22.8
22.227,94.035,325.3,2.2,1.4,2016-03-06,07:30,A,78,5.0       ,309.3,33.3
22.285,94.218,316.9,2.2,1.4,2016-03-06,07:30,A,52,5.0       ,304.3,25
22.262,92.361,319.8,1.6,1.3,2016-03-06,07:30,A,72,5.0       ,303.9,20.2
23.589,96.669,315.8,3.5,1.8,2016-03-06,07:30,A,46,5.0       ,298,51.9
24.065,94.275,317.1,2.4,1.5,2016-03-06,07:30,A,64,5.0       ,302,29.3
24.164,93.841,319.6,2.2,1.4,2016-03-06,07:30,A,71,5.0       ,301,42.9
24.164,93.833,316.5,2.2,1.4,2016-03-06,07:30,A,66,5.0       ,300.5,31.6
24.095,93.01,310.7,1.9,1.4,2016-03-06,07:30,A,40,5.0       ,298,15.6
24.442,93.88,317.7,2.3,1.5,2016-03-06,07:30,A,61,5.0       ,297,39.6
24.439,93.858,316.7,2.2,1.5,2016-03-06,07:30,A,57,5.0       ,296.5,36.7
24.438,93.874,323.6,2.3,1.5,2016-03-06,07:30,A,77,5.0       ,296.8,64.2
24.477,94.14,310.9,2.4,1.5,2016-03-06,07:30,A,27,5.0       ,297.6,21.9
24.508,94.046,317.1,2.3,1.5,2016-03-06,07:30,A,65,5.0       ,301,30.4
24.563,93.677,319.8,2.2,1.4,2016-03-06,07:30,A,72,5.0       ,298.1,47.6
25.411,92.605,313.4,1.9,1.3,2016-03-06,07:30,A,54,5.0       ,296.7,19.3
25.368,91.175,314.9,1.5,1.2,2016-03-06,07:30,A,53,5.0       ,298.5,17.7
25.748,92.694,321.5,1.9,1.4,2016-03-06,07:30,A,74,5.0       ,297.7,46.4
25.746,92.675,312.1,1.9,1.4,2016-03-06,07:30,A,52,5.0       ,296.9,19.9
0.11,116.72,352.3,1,1,2016-03-06,05:45,A,91,5.0       ,305.4,58.9
0.173,116.641,320,1,1,2016-03-06,05:45,A,33,5.0       ,298.7,12.1
0.372,117.523,344,1,1,2016-03-06,05:45,A,92,5.0       ,305.7,38
23.581,96.664,315.8,3.5,1.8,2016-03-06,07:30,A,34,5.0       ,297.6,51
23.402,93.623,334.3,2.1,1.4,2016-03-06,07:30,A,81,5.0       ,300.9,95.7
23.4,93.602,320.5,2.1,1.4,2016-03-06,07:30,A,50,5.0       ,299.3,40.8
23.375,93.361,316.2,2,1.4,2016-03-06,07:30,A,65,5.0       ,300.3,25.3
23.092,89.58,323.1,1.1,1.1,2016-03-06,07:30,A,62,5.0       ,303.3,17.7
23.667,94.168,316.2,2.3,1.5,2016-03-06,07:30,A,28,5.0       ,300.7,23.2
23.665,94.161,321.4,2.3,1.5,2016-03-06,07:30,A,74,5.0       ,301.3,46.4
23.457,91.835,315.5,1.6,1.2,2016-03-06,07:30,A,47,5.0       ,297.6,15.9
23.455,91.819,323.2,1.6,1.2,2016-03-06,07:30,A,76,5.0       ,299,32.6
24.067,94.299,319.4,2.4,1.5,2016-03-06,07:30,A,71,5.0       ,302.5,37.6
0.316,116.814,332.1,1,1,2016-03-06,05:45,A,0,5.0       ,307.5,23
1.037,120.818,320.9,1.5,1.2,2016-03-06,05:45,A,0,5.0       ,300,21.3
0.62,117.653,340.9,1,1,2016-03-06,05:45,A,90,5.0       ,300.6,34.2
0.635,117.624,329.3,1,1,2016-03-06,05:45,A,80,5.0       ,302.5,17.5
0.685,117.069,322.8,1,1,2016-03-06,05:45,A,64,5.0       ,301.2,14.8
0.33,111.512,313.4,1.8,1.3,2016-03-06,05:45,A,43,5.0       ,294.7,21.2
1.515,117.151,327.8,1,1,2016-03-06,05:45,A,60,5.0       ,298.7,21.1
2.145,114.046,313.2,1.2,1.1,2016-03-06,05:45,A,40,5.0       ,297.1,10.1
2.521,114.238,311.9,1.1,1.1,2016-03-06,05:45,A,35,5.0       ,296.5,8.8
2.607,114.5,318,1.1,1,2016-03-06,05:45,A,47,5.0       ,295.8,15.1
2.241,111.964,311.2,1.6,1.2,2016-03-06,05:45,A,35,5.0       ,293,19.3
2.541,113.946,311,1.2,1.1,2016-03-06,05:45,A,29,5.0       ,295.1,9.3
4.169,117.175,342.7,1,1,2016-03-06,05:45,A,79,5.0       ,299,47.3
5.309,116.515,347,1,1,2016-03-06,05:45,A,94,5.0       ,307.4,53.5
5.307,116.506,322.1,1,1,2016-03-06,05:45,A,51,5.0       ,303,11.4
5.381,115.477,333.4,1,1,2016-03-06,05:45,A,85,5.0       ,297.1,31.4
5.38,115.468,335.1,1,1,2016-03-06,05:45,A,87,5.0       ,298.9,35.1
5.389,115.467,322.1,1,1,2016-03-06,05:45,A,75,5.0       ,296.8,16.5
5.419,115.554,336.9,1,1,2016-03-06,05:45,A,88,5.0       ,296.4,35.5
5.418,115.545,339.4,1,1,2016-03-06,05:45,A,89,5.0       ,297.6,38.9
5.809,118.064,318.1,1.2,1.1,2016-03-06,05:45,A,0,5.0       ,301.7,12.3
5.476,115.695,328.4,1,1,2016-03-06,05:45,A,78,5.0       ,298.7,22.7
5.487,115.703,324.9,1,1,2016-03-06,05:45,A,76,5.0       ,298.2,18.8
5.474,115.55,324.3,1,1,2016-03-06,05:45,A,77,5.0       ,301.8,14
5.531,115.632,326.4,1,1,2016-03-06,05:45,A,80,5.0       ,297.7,18.3
5.53,115.624,335.9,1,1,2016-03-06,05:45,A,87,5.0       ,300,33.4
7.374,124.912,329.4,3.9,1.8,2016-03-06,05:45,A,76,5.0       ,307.5,100.5
7.382,124.903,326.5,3.9,1.8,2016-03-06,05:45,A,63,5.0       ,306.1,66.9
7.835,124.577,328.6,3.8,1.8,2016-03-06,05:45,A,49,5.0       ,302.2,145.2
25.838,91.938,313.2,1.7,1.3,2016-03-06,07:30,A,57,5.0       ,299.8,16.8
25.735,90.723,333.5,1.4,1.2,2016-03-06,07:30,A,85,5.0       ,303.7,49.1
25.734,90.708,327.3,1.4,1.2,2016-03-06,07:30,A,80,5.0       ,303.9,33.1
20.577,93.093,325.4,1.7,1.3,2016-03-06,07:30,A,79,5.0       ,312.5,26.4
25.739,90.716,328.2,1.4,1.2,2016-03-06,07:30,A,81,5.0       ,304.5,36.1
14.817,107.91,306.6,1.1,1,2016-03-06,15:15,T,47,5.0       ,290.4,13.2
13.927,101.922,305.7,1.5,1.2,2016-03-06,15:15,T,35,5.0       ,293,12.4
14.86,107.885,311,1.1,1,2016-03-06,15:15,T,73,5.0       ,290.6,17.5
14.345,103.794,309.2,1.2,1.1,2016-03-06,15:15,T,65,5.0       ,288.1,14.1
14.891,107.111,325.9,1,1,2016-03-06,15:15,T,100,5.0       ,297.2,28.8
14.89,107.102,315.5,1,1,2016-03-06,15:15,T,88,5.0       ,296.7,15.7
15.178,102.176,310.1,1.4,1.2,2016-03-06,15:15,T,69,5.0       ,293.9,16.6
15.176,102.163,315.2,1.4,1.2,2016-03-06,15:15,T,87,5.0       ,294,25
16.114,104.967,309.7,1,1,2016-03-06,15:15,T,68,5.0       ,295.4,12.3
16.753,106.206,315.2,1,1,2016-03-06,15:15,T,87,5.0       ,293.8,17.9
16.762,106.204,323.3,1,1,2016-03-06,15:15,T,100,5.0       ,293.9,28.1
17.177,103.459,308.5,1.1,1.1,2016-03-06,15:15,T,28,5.0       ,291.6,19.2
17.464,105.001,308.1,1,1,2016-03-06,15:15,T,58,5.0       ,295.9,8.8
17.251,102.251,309.2,1.3,1.1,2016-03-06,15:15,T,65,5.0       ,293.1,15.2
17.484,101.531,305.1,1.4,1.2,2016-03-06,15:15,T,16,5.0       ,292.8,11.8
17.969,104.294,311.1,1,1,2016-03-06,15:15,T,74,5.0       ,292.9,13.9
13.56,107.458,308,1,1,2016-03-06,15:15,T,58,5.0       ,295.5,9.3
13.211,104.962,312.7,1.1,1,2016-03-06,15:15,T,79,5.0       ,296.2,14.6
13.242,105.105,308.2,1.1,1,2016-03-06,15:15,T,60,5.0       ,295.4,9.2
13.251,105.104,308.3,1.1,1,2016-03-06,15:15,T,56,5.0       ,294.9,9.1
13.622,107.376,307.7,1,1,2016-03-06,15:15,T,24,5.0       ,296,8.1
13.632,107.384,309.2,1,1,2016-03-06,15:15,T,65,5.0       ,295.9,10.1
13.631,107.374,307.7,1,1,2016-03-06,15:15,T,56,5.0       ,295.8,8.7
13.742,107.651,305.8,1,1,2016-03-06,15:15,T,38,5.0       ,294.6,8.8
13.679,107.123,309.4,1,1,2016-03-06,15:15,T,66,5.0       ,295.3,11.1
13.428,105.181,305.9,1,1,2016-03-06,15:15,T,39,5.0       ,294.4,6.5
13.78,107.452,306.5,1,1,2016-03-06,15:15,T,46,5.0       ,295.7,8
13.64,106.326,319.9,1,1,2016-03-06,15:15,T,43,5.0       ,295.2,21.9
13.811,107.345,325.8,1,1,2016-03-06,15:15,T,100,5.0       ,297.1,29.5
13.81,107.336,309.5,1,1,2016-03-06,15:15,T,67,5.0       ,295.9,10.4
13.886,107.356,313.3,1,1,2016-03-06,15:15,T,82,5.0       ,295.1,15.7
13.922,107.15,306.8,1,1,2016-03-06,15:15,T,49,5.0       ,296.3,7.4
13.742,105.249,309,1,1,2016-03-06,15:15,T,64,5.0       ,286.6,11.1
13.765,105.22,307.2,1,1,2016-03-06,15:15,T,53,5.0       ,284.1,9.8
13.764,105.21,345.1,1,1,2016-03-06,15:15,T,100,5.0       ,285.8,65.6
14.095,104.899,320,1.1,1,2016-03-06,15:15,T,99,5.0       ,296.9,21.9
14.293,105.174,309.2,1,1,2016-03-06,15:15,T,65,5.0       ,297.4,9.4
17.967,104.284,315.2,1,1,2016-03-06,15:15,T,87,5.0       ,292.4,18.7
18.051,103.18,312.1,1.1,1.1,2016-03-06,15:15,T,78,5.0       ,292.6,17.2
19.355,108.888,317.4,1.4,1.2,2016-03-06,15:15,T,93,5.0       ,289.3,36.6
18.17,100.316,310.4,1.7,1.3,2016-03-06,15:15,T,54,5.0       ,293.4,29.6
19.217,103.702,314.1,1.1,1,2016-03-06,15:15,T,84,5.0       ,287.6,22
19.226,103.701,319.2,1.1,1,2016-03-06,15:15,T,98,5.0       ,287.7,28.1
19.937,103.58,315,1,1,2016-03-06,15:15,T,87,5.0       ,289.1,22.2
20.182,103.499,308.4,1.1,1,2016-03-06,15:15,T,61,5.0       ,288.1,14.5
20.306,103.893,308.4,1,1,2016-03-06,15:15,T,43,5.0       ,288.3,14
20.313,103.882,307.6,1,1,2016-03-06,15:15,T,24,5.0       ,288.7,12.8
20.362,103.22,309.2,1.1,1,2016-03-06,15:15,T,65,5.0       ,289,15.4
20.367,103.203,309.8,1.1,1,2016-03-06,15:15,T,68,5.0       ,289.5,16.6
20.476,103.551,332.9,1,1,2016-03-06,15:15,T,100,5.0       ,289.8,45
20.475,103.541,307.2,1,1,2016-03-06,15:15,T,31,5.0       ,288.6,12.4
20.484,103.54,305.8,1,1,2016-03-06,15:15,T,25,5.0       ,287.7,11.1
19.078,95.543,305.1,3.6,1.8,2016-03-06,15:15,T,6,5.0       ,294.1,48.7
20.752,103.545,306.6,1,1,2016-03-06,15:15,T,47,5.0       ,288.9,13
21.34,100.83,305.9,1.4,1.2,2016-03-06,15:15,T,39,5.0       ,289.4,17.9
23.633,115.053,305.3,4.3,1.9,2016-03-06,15:15,T,19,5.0       ,284.6,108.1
23.635,115.044,317.6,4.3,1.9,2016-03-06,15:15,T,94,5.0       ,285,214.8
0.715,102.486,305.4,2.3,1.5,2016-03-06,15:10,T,26,5.0       ,289.3,25.7
0.728,102.484,314.7,2.3,1.5,2016-03-06,15:10,T,86,5.0       ,289.5,55.5
0.724,102.479,316.6,2.3,1.5,2016-03-06,15:10,T,91,5.0       ,289.4,60.8
1.614,101.461,309.3,2.7,1.6,2016-03-06,15:10,T,64,5.0       ,286.3,46
1.604,101.456,309.1,2.7,1.6,2016-03-06,15:10,T,54,5.0       ,287.1,46.2
1.618,101.454,305.1,2.7,1.6,2016-03-06,15:10,T,13,5.0       ,285.9,33
11.087,106.054,305.1,1,1,2016-03-06,15:15,T,21,5.0       ,294.9,7.9
11.242,106.427,306,1,1,2016-03-06,15:15,T,39,5.0       ,295.5,7.2
11.241,106.418,317.3,1,1,2016-03-06,15:15,T,93,5.0       ,295.9,18.6
11.25,106.416,306.5,1,1,2016-03-06,15:15,T,46,5.0       ,295,7.7
10.965,104.124,306.4,1.2,1.1,2016-03-06,15:15,T,45,5.0       ,294,10.9
11.846,106.209,320.1,1,1,2016-03-06,15:15,T,100,5.0       ,294.3,22.4
11.621,103.931,318.6,1.2,1.1,2016-03-06,15:15,T,96,5.0       ,294.9,25.6
11.62,103.92,311.4,1.2,1.1,2016-03-06,15:15,T,75,5.0       ,294.7,15.2
11.622,103.925,321.4,1.2,1.1,2016-03-06,15:15,T,100,5.0       ,294.9,30.8
12.103,107.106,305.7,1,1,2016-03-06,15:15,T,36,5.0       ,281.2,11.4
12.072,106.693,319.6,1,1,2016-03-06,15:15,T,99,5.0       ,291.6,21.4
12.052,105.914,308.3,1,1,2016-03-06,15:15,T,60,5.0       ,296,8.9
12.219,106.822,308.6,1,1,2016-03-06,15:15,T,35,5.0       ,292.7,8.8
12.204,106.713,306.6,1,1,2016-03-06,15:15,T,47,5.0       ,294.9,6.6
12.243,106.729,309.1,1,1,2016-03-06,15:15,T,62,5.0       ,294.9,7.7
12.162,106.099,316.3,1,1,2016-03-06,15:15,T,90,5.0       ,296.5,16.5
12.283,106.686,310.3,1,1,2016-03-06,15:15,T,70,5.0       ,294,9.7
12.281,106.677,309.6,1,1,2016-03-06,15:15,T,67,5.0       ,294,9.2
12.304,106.775,309.9,1,1,2016-03-06,15:15,T,68,5.0       ,294.6,9.5
12.334,106.783,305.2,1,1,2016-03-06,15:15,T,23,5.0       ,294.6,5.4
12.335,106.662,327.7,1,1,2016-03-06,15:15,T,100,5.0       ,294.5,30.4
12.672,107.554,308.8,1,1,2016-03-06,15:15,T,63,5.0       ,294,10.8
12.457,105.912,307.6,1,1,2016-03-06,15:15,T,55,5.0       ,296.7,6.7
12.581,105.692,313.2,1,1,2016-03-06,15:15,T,81,5.0       ,297.3,12
12.667,105.834,337.8,1,1,2016-03-06,15:15,T,100,5.0       ,296.5,46.6
12.665,105.825,309,1,1,2016-03-06,15:15,T,64,5.0       ,294.8,8.2
12.676,105.832,308.2,1,1,2016-03-06,15:15,T,59,5.0       ,295.4,7.1
12.663,105.749,308.5,1,1,2016-03-06,15:15,T,61,5.0       ,296.9,7.8
12.649,105.589,310.5,1,1,2016-03-06,15:15,T,71,5.0       ,295.2,11.2
12.854,106.823,308.7,1,1,2016-03-06,15:15,T,62,5.0       ,288.8,10
12.698,105.734,312.2,1,1,2016-03-06,15:15,T,78,5.0       ,297.2,11.2
12.697,105.725,321.6,1,1,2016-03-06,15:15,T,100,5.0       ,297.6,22
12.991,106.94,310.3,1,1,2016-03-06,15:15,T,70,5.0       ,292.9,10.9
13.095,107.357,307.5,1,1,2016-03-06,15:15,T,54,5.0       ,296,8.6
12.804,105.322,307.5,1,1,2016-03-06,15:15,T,55,5.0       ,294,8.3
11.851,99.264,305.2,2.7,1.6,2016-03-06,15:15,T,23,5.0       ,292.5,31.8
12.847,105.489,310.5,1,1,2016-03-06,15:15,T,71,5.0       ,297.3,10.4
12.845,105.48,308.4,1,1,2016-03-06,15:15,T,61,5.0       ,296.6,8.3
12.9,105.541,314.3,1,1,2016-03-06,15:15,T,85,5.0       ,296.3,16
12.899,105.532,306.5,1,1,2016-03-06,15:15,T,46,5.0       ,295.4,8
12.978,105.946,311.6,1,1,2016-03-06,15:15,T,75,5.0       ,294,12.9
12.968,105.882,308.3,1,1,2016-03-06,15:15,T,60,5.0       ,296,9.4
13.169,105.045,317.1,1.1,1,2016-03-06,15:15,T,93,5.0       ,296.4,19.4
13.167,105.035,314.8,1.1,1,2016-03-06,15:15,T,86,5.0       ,296.6,16.6
13.506,107.266,315,1,1,2016-03-06,15:15,T,87,5.0       ,296.4,15.8
13.504,107.256,307.7,1,1,2016-03-06,15:15,T,56,5.0       ,296.3,8
1.063,117.084,307.9,1.8,1.3,2016-03-06,18:05,A,57,5.0       ,293.4,24.5
-0.211,117.378,305.4,2,1.4,2016-03-06,18:05,A,17,5.0       ,289.2,28.7
1.805,101.711,306.6,2.6,1.5,2016-03-06,15:10,T,36,5.0       ,288.5,36.2
26.575,101.665,337.6,1.1,1,2016-03-06,15:20,T,100,5.0       ,291.7,55.2
26.618,101.596,315.7,1.1,1,2016-03-06,15:20,T,89,5.0       ,289.6,23.7
27.727,102.208,305.7,1,1,2016-03-06,15:20,T,35,5.0       ,288.9,12.4
27.669,91.216,306.6,1.1,1,2016-03-06,19:40,A,47,5.0       ,284.4,20.7
21.936,94.039,309.1,1.1,1.1,2016-03-06,19:40,A,64,5.0       ,292.2,15
19.028,95.587,307.5,1.5,1.2,2016-03-06,19:40,A,54,5.0       ,294.8,19.5
18.879,95.117,308.9,1.4,1.2,2016-03-06,19:40,A,63,5.0       ,293.8,21