latitude,longitude,brightness,scan,track,acq_date,acq_time,satellite,confidence,version,bright_t31,frp
-9.974,147.749,320,1.8,1.3,2016-02-25,03:25,A,63,5.0       ,296,24.5
-7.11,147.008,315,1.9,1.3,2016-02-25,03:30,A,63,5.0       ,280.5,37.4
15.925,119.98,315,1.2,1.1,2016-02-25,05:15,A,0,5.0       ,293.5,12.9
17.495,120.465,318.6,1.1,1,2016-02-25,05:15,A,56,5.0       ,300.5,9.2
17.6,120.803,316.5,1.1,1,2016-02-25,05:15,A,49,5.0       ,298.5,9.5
17.741,120.583,316.9,1.1,1,2016-02-25,05:15,A,51,5.0       ,294.1,18
18.275,120.809,314,1.1,1,2016-02-25,05:15,A,54,5.0       ,297.7,9.9
18.274,120.799,310.9,1.1,1,2016-02-25,05:15,A,35,5.0       ,297.1,6.8
18.353,120.78,328.5,1.1,1,2016-02-25,05:15,A,81,5.0       ,291.9,29.8
-2.186,125.939,315.7,1,1,2016-02-25,05:10,A,64,5.0       ,292.4,11.2
0.77,127.369,322.3,1,1,2016-02-25,05:10,A,0,5.0       ,301.4,15.8
0.81,122.545,313.7,1.4,1.2,2016-02-25,05:10,A,49,5.0       ,290.6,17
5.729,125.423,320.4,1,1,2016-02-25,05:10,A,72,5.0       ,300.8,11.8
6.004,125.347,328.5,1,1,2016-02-25,05:10,A,74,5.0       ,308.5,12.6
6.003,125.338,328.5,1,1,2016-02-25,05:10,A,78,5.0       ,307.7,11.6
2.213,98.084,337.3,1.2,1.1,2016-02-25,06:50,A,67,5.0       ,298.4,51.3
2.778,97.751,322.4,1.3,1.1,2016-02-25,06:50,A,75,5.0       ,299.1,23
2.81,97.758,315.6,1.3,1.1,2016-02-25,06:50,A,58,5.0       ,298.4,10.1
3.369,101.58,323.5,1,1,2016-02-25,06:50,A,35,5.0       ,303.6,11.6
2.811,97.634,319.3,1.3,1.1,2016-02-25,06:50,A,0,5.0       ,297.1,18.6
2.827,97.668,339.1,1.3,1.1,2016-02-25,06:50,A,89,5.0       ,297.1,62.1
2.825,97.656,319.4,1.3,1.1,2016-02-25,06:50,A,66,5.0       ,297.1,18.8
3.015,97.969,316.9,1.2,1.1,2016-02-25,06:50,A,40,5.0       ,296.8,14.8
2.943,97.477,317.4,1.3,1.1,2016-02-25,06:50,A,64,5.0       ,298.3,14.8
3.026,97.978,319.1,1.2,1.1,2016-02-25,06:50,A,59,5.0       ,297.3,18.9
3.024,97.967,381.9,1.2,1.1,2016-02-25,06:50,A,100,5.0       ,300.9,224.2
3.023,97.956,321.8,1.2,1.1,2016-02-25,06:50,A,74,5.0       ,297.8,22.9
3.087,97.907,318.6,1.2,1.1,2016-02-25,06:50,A,57,5.0       ,298.6,17.2
3.175,98.011,320.4,1.2,1.1,2016-02-25,06:50,A,27,5.0       ,299.8,13.6
4.071,101.148,321.2,1,1,2016-02-25,06:50,A,74,5.0       ,305.5,13
5.236,101.651,338,1,1,2016-02-25,06:50,A,89,5.0       ,299.2,44.2
4.531,96.617,318.4,1.4,1.2,2016-02-25,06:50,A,69,5.0       ,294.5,31.7
4.529,96.604,337,1.4,1.2,2016-02-25,06:50,A,88,5.0       ,295,78.1
4.989,97.564,315.9,1.2,1.1,2016-02-25,06:50,A,65,5.0       ,298,13.7
5.003,96.959,311,1.3,1.1,2016-02-25,06:50,A,37,5.0       ,293.8,10.8
5.045,97.114,322.6,1.3,1.1,2016-02-25,06:50,A,75,5.0       ,297.7,29.3
5.093,95.397,315.3,1.7,1.3,2016-02-25,06:50,A,63,5.0       ,299.8,21.1
6.984,100.734,317.2,1,1,2016-02-25,06:50,A,62,5.0       ,301.8,8.6
7.894,98.301,317.9,1.1,1,2016-02-25,06:50,A,0,5.0       ,305.7,12.1
10.971,104.147,323.5,1.7,1.3,2016-02-25,06:50,A,44,5.0       ,298.7,28.7
10.96,103.705,328.1,1.6,1.2,2016-02-25,06:50,A,0,5.0       ,303.1,29.5
10.934,103.134,321.4,1.4,1.2,2016-02-25,06:50,A,45,5.0       ,305.5,20
11.151,103.145,323.8,1.4,1.2,2016-02-25,06:50,A,20,5.0       ,308.1,22.9
11.192,103.127,324.9,1.4,1.2,2016-02-25,06:50,A,35,5.0       ,304.4,20.1
11.283,103.732,327.6,1.6,1.2,2016-02-25,06:50,A,67,5.0       ,305.4,34
11.286,103.74,326.4,1.6,1.2,2016-02-25,06:50,A,16,5.0       ,305.5,30.4
11.372,103.184,322.3,1.5,1.2,2016-02-25,06:50,A,35,5.0       ,300.4,26.7
11.478,103.123,314.6,1.5,1.2,2016-02-25,06:50,A,61,5.0       ,295.9,17.4
11.705,104.16,326.8,1.7,1.3,2016-02-25,06:50,A,50,5.0       ,302.7,30.8
11.723,103.944,337.8,1.7,1.3,2016-02-25,06:50,A,88,5.0       ,303,61.4
11.736,103.958,328.8,1.7,1.3,2016-02-25,06:50,A,63,5.0       ,304.4,31
11.734,103.943,380.3,1.7,1.3,2016-02-25,06:50,A,100,5.0       ,308.4,313.7
11.268,98.945,315.4,1,1,2016-02-25,06:50,A,30,5.0       ,296.4,10.3
11.987,104.119,330.4,1.8,1.3,2016-02-25,06:50,A,83,5.0       ,297.9,55.2
11.984,104.13,321.9,1.8,1.3,2016-02-25,06:50,A,47,5.0       ,296.7,37.2
11.982,104.114,322,1.8,1.3,2016-02-25,06:50,A,32,5.0       ,299.5,33.1
12.035,103.884,326.9,1.7,1.3,2016-02-25,06:50,A,50,5.0       ,303.1,42.8
12.047,103.883,334.5,1.7,1.3,2016-02-25,06:50,A,79,5.0       ,299.5,66.9
12.045,103.868,327,1.7,1.3,2016-02-25,06:50,A,48,5.0       ,299.1,42.6
12.045,103.876,340.5,1.7,1.3,2016-02-25,06:50,A,82,5.0       ,300.6,91
12.06,103.176,347.8,1.5,1.2,2016-02-25,06:50,A,94,5.0       ,300.2,107.9
12.252,103.518,323,1.6,1.2,2016-02-25,06:50,A,76,5.0       ,295.8,38.3
12.227,103.143,323.2,1.5,1.2,2016-02-25,06:50,A,48,5.0       ,302.7,20.4
12.235,103.031,341.6,1.5,1.2,2016-02-25,06:50,A,91,5.0       ,304.9,71.6
12.233,103.018,331.2,1.5,1.2,2016-02-25,06:50,A,84,5.0       ,303.7,42.3
12.234,102.936,334.3,1.5,1.2,2016-02-25,06:50,A,73,5.0       ,303.4,48.6
12.232,102.922,349.2,1.4,1.2,2016-02-25,06:50,A,95,5.0       ,302.6,100.7
12.21,102.754,325.2,1.4,1.2,2016-02-25,06:50,A,53,5.0       ,303.5,27.6
12.517,104.692,328.8,2,1.4,2016-02-25,06:50,A,74,5.0       ,287.2,68.1
12.515,104.674,322.8,2,1.4,2016-02-25,06:50,A,42,5.0       ,289.6,40.9
12.509,104.686,333.3,2,1.4,2016-02-25,06:50,A,85,5.0       ,289,86.2
12.402,103.268,338.4,1.5,1.2,2016-02-25,06:50,A,89,5.0       ,298.6,66.8
12.404,103.197,330.2,1.5,1.2,2016-02-25,06:50,A,79,5.0       ,303.7,36.7
12.407,103.205,329.1,1.5,1.2,2016-02-25,06:50,A,45,5.0       ,303.8,29.7
12.452,103.299,329.7,1.6,1.2,2016-02-25,06:50,A,67,5.0       ,302.5,34
12.443,103.229,331.3,1.5,1.2,2016-02-25,06:50,A,84,5.0       ,305,31.2
12.442,103.215,328.5,1.5,1.2,2016-02-25,06:50,A,79,5.0       ,306.1,24.5
12.909,106.872,321.7,3,1.6,2016-02-25,06:50,A,74,5.0       ,295.4,58.9
12.652,104.717,326,2,1.4,2016-02-25,06:50,A,74,5.0       ,289.3,57.8
12.462,103.198,329.7,1.5,1.2,2016-02-25,06:50,A,73,5.0       ,304.2,29.4
12.471,103.182,344.5,1.5,1.2,2016-02-25,06:50,A,92,5.0       ,304.1,80.5
12.469,103.169,340.6,1.5,1.2,2016-02-25,06:50,A,87,5.0       ,300.3,71.9
12.482,103.181,349.5,1.5,1.2,2016-02-25,06:50,A,95,5.0       ,299,105.7
12.48,103.167,339.9,1.5,1.2,2016-02-25,06:50,A,84,5.0       ,301,73.1
12.431,102.713,314.8,1.4,1.2,2016-02-25,06:50,A,62,5.0       ,302.8,13.3
12.54,103.441,326.5,1.6,1.2,2016-02-25,06:50,A,78,5.0       ,298.1,27.1
12.491,103.046,316.1,1.5,1.2,2016-02-25,06:50,A,30,5.0       ,300.7,19
12.549,103.338,331.3,1.6,1.2,2016-02-25,06:50,A,84,5.0       ,308.5,30.9
12.748,104.511,327.7,1.9,1.4,2016-02-25,06:50,A,81,5.0       ,279.5,74.1
12.705,104.053,319.3,1.8,1.3,2016-02-25,06:50,A,58,5.0       ,300.5,25.4
12.78,104.471,328.7,1.9,1.4,2016-02-25,06:50,A,38,5.0       ,289.7,60.5
12.792,104.47,336.1,1.9,1.4,2016-02-25,06:50,A,68,5.0       ,292.1,85.7
12.628,102.982,335.1,1.5,1.2,2016-02-25,06:50,A,87,5.0       ,307.7,37.2
12.791,103.905,326,1.7,1.3,2016-02-25,06:50,A,63,5.0       ,302,35
12.795,103.841,324.9,1.7,1.3,2016-02-25,06:50,A,78,5.0       ,301.1,34
12.882,104.451,325.7,1.9,1.4,2016-02-25,06:50,A,66,5.0       ,302.8,41.3
12.88,104.434,323.7,1.9,1.3,2016-02-25,06:50,A,68,5.0       ,303.7,34
12.878,104.416,329.3,1.9,1.3,2016-02-25,06:50,A,82,5.0       ,301.2,54.9
12.812,103.886,321,1.7,1.3,2016-02-25,06:50,A,64,5.0       ,301.8,23.4
12.712,103.09,328.2,1.5,1.2,2016-02-25,06:50,A,61,5.0       ,307.6,19.2
12.814,103.619,318.7,1.7,1.3,2016-02-25,06:50,A,36,5.0       ,302.5,15.7
12.752,103.141,336.9,1.5,1.2,2016-02-25,06:50,A,88,5.0       ,308.8,40.5
12.908,103.647,329.9,1.7,1.3,2016-02-25,06:50,A,83,5.0       ,293.4,65.9
12.984,104.182,331.7,1.8,1.3,2016-02-25,06:50,A,72,5.0       ,297.8,61
12.947,103.589,336.8,1.7,1.3,2016-02-25,06:50,A,88,5.0       ,278.4,95.4
13.092,104.574,323.3,2,1.4,2016-02-25,06:50,A,38,5.0       ,303.8,28.5
13.076,104.153,323.4,1.8,1.3,2016-02-25,06:50,A,76,5.0       ,300.6,34.4
13.082,104.147,324.5,1.8,1.3,2016-02-25,06:50,A,59,5.0       ,299.6,36.7
13.131,104.158,323.5,1.8,1.3,2016-02-25,06:50,A,71,5.0       ,300.2,33.3
13.055,103.284,329.4,1.6,1.2,2016-02-25,06:50,A,68,5.0       ,310.2,22.7
13.054,103.27,328.2,1.6,1.2,2016-02-25,06:50,A,54,5.0       ,309.2,19.2
13.01,102.723,329.8,1.4,1.2,2016-02-25,06:50,A,83,5.0       ,310,18.4
13.187,103.499,328.5,1.6,1.3,2016-02-25,06:50,A,33,5.0       ,286.1,60.7
13.187,103.509,335.7,1.6,1.3,2016-02-25,06:50,A,80,5.0       ,287.3,86.3
13.243,103.41,387.6,1.6,1.3,2016-02-25,06:50,A,100,5.0       ,302.4,379.3
13.242,103.395,421.8,1.6,1.3,2016-02-25,06:50,A,100,5.0       ,304.1,811.5
13.454,104.987,325.8,2.1,1.4,2016-02-25,06:50,A,52,5.0       ,305.8,31.1
13.253,103.394,345.3,1.6,1.3,2016-02-25,06:50,A,93,5.0       ,301.2,109
13.253,103.387,315.3,1.6,1.3,2016-02-25,06:50,A,58,5.0       ,299.7,16.9
13.633,106.307,318.2,2.7,1.6,2016-02-25,06:50,A,46,5.0       ,281,63.3
13.486,104.917,329.6,2.1,1.4,2016-02-25,06:50,A,82,5.0       ,308.7,35.9
13.394,104.156,324.8,1.9,1.3,2016-02-25,06:50,A,61,5.0       ,307.3,24.5
13.326,103.607,356.4,1.7,1.3,2016-02-25,06:50,A,98,5.0       ,299,163.8
13.453,104.34,325.6,1.9,1.4,2016-02-25,06:50,A,64,5.0       ,307.1,20.6
13.372,103.247,320.4,1.6,1.2,2016-02-25,06:50,A,48,5.0       ,302,24.3
13.386,103.274,326,1.6,1.2,2016-02-25,06:50,A,72,5.0       ,300.9,29.7
12.896,99.064,310.9,1,1,2016-02-25,06:50,A,44,5.0       ,295,7.7
13.759,105.699,320.4,2.5,1.5,2016-02-25,06:50,A,55,5.0       ,276,76.5
13.293,101.913,326.3,1.3,1.1,2016-02-25,06:50,A,79,5.0       ,302.2,33.2
13.478,103.27,330.1,1.6,1.2,2016-02-25,06:50,A,74,5.0       ,304.3,34.9
13.489,103.269,336.1,1.6,1.2,2016-02-25,06:50,A,87,5.0       ,306.9,52.7
6.062,124.985,323.3,1,1,2016-02-25,05:10,A,58,5.0       ,304.3,13.2
6.167,125.009,327.3,1,1,2016-02-25,05:10,A,69,5.0       ,306.6,10.7
6.185,125.006,331.4,1,1,2016-02-25,05:10,A,75,5.0       ,306.1,18.1
4.994,115.479,310.7,4,1.9,2016-02-25,05:10,A,32,5.0       ,291.3,48.8
4.983,115.474,314.2,4,1.9,2016-02-25,05:10,A,0,5.0       ,291.8,74.3
6.629,125.149,324.1,1,1,2016-02-25,05:10,A,65,5.0       ,304.5,10.1
6.584,124.253,318.2,1,1,2016-02-25,05:10,A,40,5.0       ,296,12.9
6.712,125.021,327.9,1,1,2016-02-25,05:10,A,63,5.0       ,303.5,16.6
6.834,124.397,331.4,1,1,2016-02-25,05:10,A,73,5.0       ,302.9,25.1
6.917,124.717,328.4,1,1,2016-02-25,05:10,A,65,5.0       ,301,19.6
6.895,124.373,329.7,1,1,2016-02-25,05:10,A,44,5.0       ,304.9,18.1
7.014,124.242,321.9,1,1,2016-02-25,05:10,A,56,5.0       ,300.7,10
7.436,125.059,322.3,1,1,2016-02-25,05:10,A,57,5.0       ,300.1,12.4
7.088,122.125,322.5,1.2,1.1,2016-02-25,05:10,A,75,5.0       ,298.7,23.6
7.586,125.475,319.8,1,1,2016-02-25,05:10,A,70,5.0       ,302.7,10.4
7.471,124.599,330.1,1,1,2016-02-25,05:10,A,83,5.0       ,309.2,17.6
7.469,124.59,324.5,1,1,2016-02-25,05:10,A,58,5.0       ,308.2,11.4
7.461,124.28,317.8,1,1,2016-02-25,05:10,A,27,5.0       ,298.1,7.4
7.178,122.106,329.9,1.2,1.1,2016-02-25,05:10,A,83,5.0       ,297.3,37.2
7.187,122.104,313.9,1.2,1.1,2016-02-25,05:10,A,55,5.0       ,297.6,10.3
7.203,122.145,333.4,1.2,1.1,2016-02-25,05:10,A,85,5.0       ,299.3,42
7.202,122.134,318.7,1.2,1.1,2016-02-25,05:10,A,70,5.0       ,298.7,15.7
7.61,124.475,352.5,1,1,2016-02-25,05:10,A,96,5.0       ,300.8,71.8
7.762,125.095,328.7,1,1,2016-02-25,05:10,A,68,5.0       ,310.6,10
7.356,122.223,331.6,1.2,1.1,2016-02-25,05:10,A,84,5.0       ,298.8,35
7.36,122.226,322.5,1.2,1.1,2016-02-25,05:10,A,75,5.0       ,298.5,21.2
17.556,96.715,332.1,1,1,2016-02-25,06:50,A,84,5.0       ,304,21.1
17.916,97.988,315.9,1,1,2016-02-25,06:50,A,65,5.0       ,300.8,8.7
18.236,99.883,320.8,1.1,1.1,2016-02-25,06:50,A,73,5.0       ,299,18.1
18.05,98.162,319.5,1,1,2016-02-25,06:50,A,61,5.0       ,300.7,10.8
18.049,98.153,332.2,1,1,2016-02-25,06:50,A,85,5.0       ,300.2,29.5
17.659,95.033,325.1,1.2,1.1,2016-02-25,06:50,A,78,5.0       ,305.8,14.4
17.809,95.654,322.3,1.1,1,2016-02-25,06:50,A,66,5.0       ,304.9,11.9
17.85,95.423,321.6,1.1,1.1,2016-02-25,06:50,A,58,5.0       ,304.8,8.6
18.092,96.785,335.5,1,1,2016-02-25,06:50,A,87,5.0       ,305.6,25.5
18.101,96.784,357.6,1,1,2016-02-25,06:50,A,99,5.0       ,306.5,73.1
18.1,96.774,327.2,1,1,2016-02-25,06:50,A,72,5.0       ,307.2,12.3
18.322,97.932,325.4,1,1,2016-02-25,06:50,A,67,5.0       ,304.7,14.3
17.893,94.954,315.8,1.2,1.1,2016-02-25,06:50,A,47,5.0       ,302.7,7.1
18.378,97.677,314.4,1,1,2016-02-25,06:50,A,42,5.0       ,299.1,6.6
18.402,97.463,332.1,1,1,2016-02-25,06:50,A,84,5.0       ,304.5,23.6
18.411,97.462,322.8,1,1,2016-02-25,06:50,A,33,5.0       ,299.9,10.9
18.042,94.932,320.5,1.2,1.1,2016-02-25,06:50,A,70,5.0       ,304.8,16
18.07,94.967,321.6,1.2,1.1,2016-02-25,06:50,A,74,5.0       ,304.8,16.5
18.068,94.956,320,1.2,1.1,2016-02-25,06:50,A,72,5.0       ,305.4,14.8
18.487,97.673,315.6,1,1,2016-02-25,06:50,A,55,5.0       ,298.4,8.7
18.475,97.398,326.9,1,1,2016-02-25,06:50,A,53,5.0       ,300.9,18.2
18.384,96.583,326.1,1,1,2016-02-25,06:50,A,46,5.0       ,302.6,13.1
18.175,95.041,325.8,1.2,1.1,2016-02-25,06:50,A,67,5.0       ,308.7,14.2
18.614,97.915,317.9,1,1,2016-02-25,06:50,A,31,5.0       ,300.9,10.5
18.595,97.458,331.7,1,1,2016-02-25,06:50,A,76,5.0       ,304.9,20.3
18.667,97.898,319.2,1,1,2016-02-25,06:50,A,53,5.0       ,302.3,9.7
18.51,96.686,324.2,1,1,2016-02-25,06:50,A,66,5.0       ,305,13.3
18.391,95.84,327,1.1,1,2016-02-25,06:50,A,80,5.0       ,306.6,16.9
18.701,97.627,322,1,1,2016-02-25,06:50,A,56,5.0       ,299.5,15.6
18.712,97.37,326.3,1,1,2016-02-25,06:50,A,75,5.0       ,305.3,13.7
18.385,95.081,329.6,1.1,1.1,2016-02-25,06:50,A,82,5.0       ,309.6,19.2
18.739,97.365,336.9,1,1,2016-02-25,06:50,A,88,5.0       ,306.6,27.9
18.643,96.707,318.1,1,1,2016-02-25,06:50,A,45,5.0       ,303,9
18.395,95.079,323.1,1.1,1.1,2016-02-25,06:50,A,60,5.0       ,308.8,8.5
18.761,97.458,324.1,1,1,2016-02-25,06:50,A,51,5.0       ,306.4,12.1
18.745,97.345,323,1,1,2016-02-25,06:50,A,38,5.0       ,305.6,8.6
18.443,95.137,331.1,1.1,1.1,2016-02-25,06:50,A,84,5.0       ,310.6,21.5
18.864,97.474,327.6,1,1,2016-02-25,06:50,A,76,5.0       ,301.6,19.6
19.068,98.87,318.7,1.1,1,2016-02-25,06:50,A,58,5.0       ,301.7,9.2
18.608,95.677,360.5,1.1,1,2016-02-25,06:50,A,100,5.0       ,307.3,88.4
18.606,95.667,332.3,1.1,1,2016-02-25,06:50,A,69,5.0       ,307.2,23.3
18.603,95.647,336.5,1.1,1,2016-02-25,06:50,A,76,5.0       ,309.2,30.7
19.052,98.62,358.9,1,1,2016-02-25,06:50,A,99,5.0       ,299.5,92.7
19.051,98.61,330.1,1,1,2016-02-25,06:50,A,83,5.0       ,299.9,29.9
18.769,96.566,327.9,1,1,2016-02-25,06:50,A,77,5.0       ,307.2,16.3
18.778,96.565,324.6,1,1,2016-02-25,06:50,A,71,5.0       ,305.8,11.7
18.556,94.872,326.1,1.2,1.1,2016-02-25,06:50,A,79,5.0       ,309.3,16.1
18.555,94.861,323.6,1.2,1.1,2016-02-25,06:50,A,74,5.0       ,308.8,12.8
18.543,94.786,315.9,1.2,1.1,2016-02-25,06:50,A,58,5.0       ,303.8,12
18.62,95.027,330.5,1.1,1.1,2016-02-25,06:50,A,83,5.0       ,311.2,18.4
18.624,95.032,326.6,1.1,1.1,2016-02-25,06:50,A,80,5.0       ,311.1,13.7
18.875,96.601,319.5,1,1,2016-02-25,06:50,A,66,5.0       ,301.9,10.9
18.61,94.88,322.7,1.2,1.1,2016-02-25,06:50,A,76,5.0       ,307.4,12.3
18.615,94.79,315.7,1.2,1.1,2016-02-25,06:50,A,39,5.0       ,303.2,9.1
19.132,98.201,354.2,1,1,2016-02-25,06:50,A,97,5.0       ,298.8,79.4
18.724,95.074,326.7,1.1,1.1,2016-02-25,06:50,A,72,5.0       ,311.3,12.2
18.851,95.761,328.8,1.1,1,2016-02-25,06:50,A,75,5.0       ,305.4,18.8
18.847,95.741,325,1.1,1,2016-02-25,06:50,A,78,5.0       ,306.7,11.8
18.71,94.8,319.4,1.2,1.1,2016-02-25,06:50,A,64,5.0       ,304.6,12
19.17,97.743,319.9,1,1,2016-02-25,06:50,A,60,5.0       ,296.8,12.8
7.534,122.154,323.4,1.2,1.1,2016-02-25,05:10,A,76,5.0       ,296.8,26.3
7.923,124.667,328.6,1,1,2016-02-25,05:10,A,80,5.0       ,301.9,25.9
7.707,122.987,317.5,1.1,1,2016-02-25,05:10,A,64,5.0       ,300.4,9.9
7.694,122.284,315.7,1.1,1.1,2016-02-25,05:10,A,51,5.0       ,299.8,10.8
7.692,122.274,332,1.1,1.1,2016-02-25,05:10,A,84,5.0       ,299.8,37.7
7.899,123.171,321.3,1.1,1,2016-02-25,05:10,A,55,5.0       ,297,18
7.879,122.969,326.3,1.1,1,2016-02-25,05:10,A,79,5.0       ,296.9,26.1
7.892,122.869,337,1.1,1,2016-02-25,05:10,A,88,5.0       ,298.7,46.1
7.795,122.209,316.8,1.2,1.1,2016-02-25,05:10,A,60,5.0       ,299.5,13.7
7.957,122.942,318.5,1.1,1,2016-02-25,05:10,A,56,5.0       ,297.8,15.5
7.987,122.958,321.5,1.1,1,2016-02-25,05:10,A,72,5.0       ,297.6,19.1
8.004,123.004,312.8,1.1,1,2016-02-25,05:10,A,50,5.0       ,298.1,8.1
8.051,123.266,321,1,1,2016-02-25,05:10,A,59,5.0       ,304.1,12.5
7.923,122.394,315.4,1.1,1.1,2016-02-25,05:10,A,63,5.0       ,295.3,12.4
8.048,123.181,316.7,1,1,2016-02-25,05:10,A,43,5.0       ,296,11.4
8.047,122.922,319.5,1.1,1,2016-02-25,05:10,A,59,5.0       ,292.7,15.2
8.133,123.19,327,1,1,2016-02-25,05:10,A,73,5.0       ,301.2,18.4
8.102,122.982,324.9,1.1,1,2016-02-25,05:10,A,74,5.0       ,299.5,22.1
8.226,123.333,320.6,1,1,2016-02-25,05:10,A,55,5.0       ,303.7,14.3
8.46,124.889,340.8,1,1,2016-02-25,05:10,A,90,5.0       ,314.1,27.8
8.459,124.88,330.8,1,1,2016-02-25,05:10,A,46,5.0       ,311.1,11.2
8.488,125.023,319.7,1,1,2016-02-25,05:10,A,36,5.0       ,296.7,13.7
8.469,124.887,334,1,1,2016-02-25,05:10,A,38,5.0       ,312.7,15.6
9.637,122.59,316.6,1.1,1,2016-02-25,05:10,A,51,5.0       ,300.6,9.3
9.635,122.58,338.6,1.1,1,2016-02-25,05:10,A,89,5.0       ,301.6,44.1
9.646,122.588,315.1,1.1,1,2016-02-25,05:10,A,56,5.0       ,300.3,8.3
9.645,122.579,327.1,1.1,1,2016-02-25,05:10,A,80,5.0       ,301.2,25.2
9.473,118.478,315.2,1.9,1.4,2016-02-25,05:10,A,38,5.0       ,297,22.4
9.48,118.444,333.1,2,1.4,2016-02-25,05:10,A,85,5.0       ,295.8,92.9
9.477,118.427,319.5,2,1.4,2016-02-25,05:10,A,71,5.0       ,294.9,46.9
10.945,123.975,319.1,1,1,2016-02-25,05:10,A,71,5.0       ,300.6,9.8
10.958,122.737,316.6,1,1,2016-02-25,05:10,A,29,5.0       ,299.3,9.7
11.002,122.845,325.8,1,1,2016-02-25,05:10,A,60,5.0       ,296.8,20.3
12.1,120.227,317.5,1.3,1.1,2016-02-25,05:10,A,58,5.0       ,296.8,16
-8.751,125.151,317.3,1.2,1.1,2016-02-25,05:05,A,45,5.0       ,297.4,12.9
-2.921,101.55,316.9,1,1,2016-02-25,06:45,A,47,5.0       ,293.5,9.9
0.305,103,334.8,1.1,1,2016-02-25,06:45,A,48,5.0       ,302.5,29.7
0.06,100.2,311.4,1,1,2016-02-25,06:45,A,49,5.0       ,296.2,7.9
1.396,101.943,318.4,1,1,2016-02-25,06:50,A,35,5.0       ,301,12.8
1.421,101.604,331.2,1,1,2016-02-25,06:50,A,52,5.0       ,301.1,15.2
1.431,101.611,335.7,1,1,2016-02-25,06:50,A,76,5.0       ,299.9,19.8
1.43,101.602,339.2,1,1,2016-02-25,06:50,A,89,5.0       ,300.7,27
1.439,101.601,394.2,1,1,2016-02-25,06:50,A,100,5.0       ,302.1,204.9
1.449,101.602,427.2,1,1,2016-02-25,06:50,A,100,5.0       ,311.4,443.1
1.458,101.601,348.6,1,1,2016-02-25,06:50,A,80,5.0       ,298.4,51.8
1.239,99.25,320,1.1,1.1,2016-02-25,06:50,A,72,5.0       ,295.8,19.1
1.237,99.169,323.9,1.1,1.1,2016-02-25,06:50,A,61,5.0       ,295.4,21.7
1.234,99.15,327,1.1,1.1,2016-02-25,06:50,A,59,5.0       ,297.1,26.9
1.233,99.077,322.9,1.1,1.1,2016-02-25,06:50,A,76,5.0       ,296,20.8
1.231,99.067,317.7,1.1,1.1,2016-02-25,06:50,A,68,5.0       ,296,13.6
1.276,98.94,320,1.1,1.1,2016-02-25,06:50,A,72,5.0       ,299.4,16.8
1.322,99.119,312.6,1.1,1.1,2016-02-25,06:50,A,55,5.0       ,295.1,9.5
2.205,98.096,317.9,1.2,1.1,2016-02-25,06:50,A,49,5.0       ,299.3,14.1
2.215,98.095,314.5,1.2,1.1,2016-02-25,06:50,A,40,5.0       ,296.7,8.7
13.214,101.161,324.2,1.2,1.1,2016-02-25,06:50,A,45,5.0       ,308.2,11.5
13.667,104.26,332.6,1.9,1.3,2016-02-25,06:50,A,85,5.0       ,307.3,53.5
4.602,96.811,314.9,1.4,1.2,2016-02-25,06:50,A,37,5.0       ,300.1,15.7
4.742,96.435,311.9,1.5,1.2,2016-02-25,06:50,A,36,5.0       ,299.3,13.5
4.74,96.422,311.9,1.5,1.2,2016-02-25,06:50,A,34,5.0       ,298.6,13.8
4.735,96.43,315.6,1.5,1.2,2016-02-25,06:50,A,64,5.0       ,298.4,20.3
13.665,104.242,337.4,1.9,1.3,2016-02-25,06:50,A,88,5.0       ,306.1,73.2
13.554,103.24,328.8,1.6,1.2,2016-02-25,06:50,A,54,5.0       ,307.6,30.6
13.523,102.997,322.9,1.5,1.2,2016-02-25,06:50,A,76,5.0       ,304.6,24.3
13.389,101.717,333.3,1.3,1.1,2016-02-25,06:50,A,85,5.0       ,308.9,31.7
13.349,101.268,327.9,1.2,1.1,2016-02-25,06:50,A,81,5.0       ,308.1,17.8
13.53,102.576,330,1.4,1.2,2016-02-25,06:50,A,54,5.0       ,307.3,26.3
13.775,104.186,322.2,1.9,1.3,2016-02-25,06:50,A,61,5.0       ,300.4,17.1
13.213,99.683,327.1,1,1,2016-02-25,06:50,A,80,5.0       ,306.7,16.9
13.876,104.382,325.8,2,1.4,2016-02-25,06:50,A,79,5.0       ,307.2,23
13.995,104.936,324.3,2.2,1.4,2016-02-25,06:50,A,52,5.0       ,305.5,26
13.695,102.267,340.7,1.4,1.2,2016-02-25,06:50,A,90,5.0       ,307.2,53.6
14.027,104.656,327.9,2.1,1.4,2016-02-25,06:50,A,52,5.0       ,304.8,45.8
13.978,104.253,353,1.9,1.4,2016-02-25,06:50,A,97,5.0       ,306.3,166.9
14.07,104.906,328.4,2.2,1.4,2016-02-25,06:50,A,65,5.0       ,302.1,46.5
13.913,103.636,322.1,1.7,1.3,2016-02-25,06:50,A,74,5.0       ,304.9,18.8
13.979,103.817,323.1,1.8,1.3,2016-02-25,06:50,A,75,5.0       ,303.5,21
13.804,102.157,330.9,1.4,1.2,2016-02-25,06:50,A,83,5.0       ,308.8,28.6
14.15,104.616,332.7,2.1,1.4,2016-02-25,06:50,A,63,5.0       ,301.4,70.1
13.816,101.545,335.2,1.2,1.1,2016-02-25,06:50,A,87,5.0       ,309.3,31.6
14.131,103.824,326.9,1.8,1.3,2016-02-25,06:50,A,73,5.0       ,301.8,31.2
14.128,103.836,325.6,1.8,1.3,2016-02-25,06:50,A,66,5.0       ,300.8,27.1
14.146,103.028,323.7,1.6,1.2,2016-02-25,06:50,A,77,5.0       ,306.4,14.8
13.962,101.194,321.6,1.2,1.1,2016-02-25,06:50,A,74,5.0       ,305.5,12.1
14.012,101.413,329.7,1.2,1.1,2016-02-25,06:50,A,70,5.0       ,309.1,22.1
18.893,95.795,322.7,1.1,1,2016-02-25,06:50,A,75,5.0       ,304.5,13.1
18.912,95.73,324.4,1.1,1,2016-02-25,06:50,A,77,5.0       ,307,11.2
18.91,95.72,324.7,1.1,1,2016-02-25,06:50,A,78,5.0       ,307.3,11.3
19.07,96.607,315.3,1,1,2016-02-25,06:50,A,63,5.0       ,295.7,12.3
18.831,95.05,327.2,1.1,1.1,2016-02-25,06:50,A,80,5.0       ,309.2,14
19.232,97.535,337.3,1,1,2016-02-25,06:50,A,88,5.0       ,301.6,33.6
19.078,96.477,318.5,1,1,2016-02-25,06:50,A,54,5.0       ,302.1,7.5
19.244,97.561,326.6,1,1,2016-02-25,06:50,A,75,5.0       ,305,15.8
18.887,95.029,343.2,1.1,1.1,2016-02-25,06:50,A,92,5.0       ,311.2,45.4
18.885,95.018,327.8,1.1,1.1,2016-02-25,06:50,A,81,5.0       ,310.7,14.7
18.919,95.176,355.8,1.1,1.1,2016-02-25,06:50,A,98,5.0       ,311.1,81.2
18.917,95.165,369.6,1.1,1.1,2016-02-25,06:50,A,100,5.0       ,313.1,130.3
18.925,95.179,334.2,1.1,1.1,2016-02-25,06:50,A,81,5.0       ,308.3,28.2
18.924,95.168,362.2,1.1,1.1,2016-02-25,06:50,A,100,5.0       ,313,101.7
18.922,95.158,338.3,1.1,1.1,2016-02-25,06:50,A,89,5.0       ,310.2,39.5
18.948,95.261,350.5,1.1,1.1,2016-02-25,06:50,A,95,5.0       ,313.1,60.8
18.935,95.177,339.6,1.1,1.1,2016-02-25,06:50,A,89,5.0       ,309.4,36.7
18.933,95.167,342.7,1.1,1.1,2016-02-25,06:50,A,89,5.0       ,310.3,45.3
18.931,95.156,344.3,1.1,1.1,2016-02-25,06:50,A,92,5.0       ,309.3,52.1
18.946,95.186,329.9,1.1,1.1,2016-02-25,06:50,A,61,5.0       ,308,20
18.942,95.165,341,1.1,1.1,2016-02-25,06:50,A,90,5.0       ,309.4,42.8
18.941,95.154,323.9,1.1,1.1,2016-02-25,06:50,A,44,5.0       ,308.4,14.6
18.955,95.184,326.5,1.1,1.1,2016-02-25,06:50,A,76,5.0       ,308.1,15.5
18.954,95.174,336.5,1.1,1.1,2016-02-25,06:50,A,88,5.0       ,308.4,32.9
18.889,94.768,317.1,1.2,1.1,2016-02-25,06:50,A,50,5.0       ,304.1,11.2
18.815,94.242,319.9,1.3,1.1,2016-02-25,06:50,A,49,5.0       ,304.6,15.1
19.417,98.196,316.8,1,1,2016-02-25,06:50,A,45,5.0       ,298.6,11.3
18.92,94.774,318.5,1.2,1.1,2016-02-25,06:50,A,57,5.0       ,304.9,12.2
18.963,94.921,324.2,1.2,1.1,2016-02-25,06:50,A,62,5.0       ,308.4,10.6
18.961,94.91,398.6,1.2,1.1,2016-02-25,06:50,A,100,5.0       ,312.3,287.1
18.959,94.9,362.8,1.2,1.1,2016-02-25,06:50,A,100,5.0       ,307.7,107.1
18.972,94.919,338.7,1.2,1.1,2016-02-25,06:50,A,89,5.0       ,308.5,36
18.97,94.909,357.6,1.2,1.1,2016-02-25,06:50,A,99,5.0       ,308.8,88.2
7.359,122.216,316.4,1.2,1.1,2016-02-25,05:10,A,60,5.0       ,297.5,13.3
7.835,125.087,331,1,1,2016-02-25,05:10,A,79,5.0       ,309.8,18.4
14.043,101.266,333.7,1.2,1.1,2016-02-25,06:50,A,86,5.0       ,306.9,30.3
13.981,100.73,317.9,1.1,1.1,2016-02-25,06:50,A,61,5.0       ,302.7,6.9
14.075,101.353,325.4,1.2,1.1,2016-02-25,06:50,A,65,5.0       ,306.9,14.6
14.084,101.351,323.8,1.2,1.1,2016-02-25,06:50,A,53,5.0       ,307.2,11.7
13.86,99.243,325.4,1,1,2016-02-25,06:50,A,64,5.0       ,305.9,11.8
13.857,99.224,326.8,1,1,2016-02-25,06:50,A,60,5.0       ,301.6,16.8
14.13,101.003,323.3,1.2,1.1,2016-02-25,06:50,A,76,5.0       ,304.3,16.7
14.14,101.002,319.3,1.2,1.1,2016-02-25,06:50,A,59,5.0       ,302.5,10.8
13.868,99.043,326.3,1,1,2016-02-25,06:50,A,79,5.0       ,299.8,21.3
13.867,99.034,334.6,1,1,2016-02-25,06:50,A,86,5.0       ,300.6,33.7
13.866,99.025,315.6,1,1,2016-02-25,06:50,A,53,5.0       ,299.6,7.4
14.09,100.247,318.7,1.1,1,2016-02-25,06:50,A,67,5.0       ,302.1,9.1
13.908,98.938,323.4,1,1,2016-02-25,06:50,A,76,5.0       ,298.2,17.6
13.907,98.928,318.9,1,1,2016-02-25,06:50,A,70,5.0       ,296.1,13
14.202,100.933,321.9,1.2,1.1,2016-02-25,06:50,A,75,5.0       ,305.5,13.9
14.201,100.669,325,1.1,1.1,2016-02-25,06:50,A,76,5.0       ,303.9,16
14.139,100.203,319.1,1.1,1,2016-02-25,06:50,A,61,5.0       ,303,7.7
14.253,100.919,323.4,1.2,1.1,2016-02-25,06:50,A,76,5.0       ,304,17.9
14.14,100.002,319.5,1.1,1,2016-02-25,06:50,A,53,5.0       ,302.5,8.9
14.222,100.262,322.5,1.1,1,2016-02-25,06:50,A,69,5.0       ,306.5,11.1
14.323,100.903,320.3,1.2,1.1,2016-02-25,06:50,A,48,5.0       ,304.3,9.1
14.096,99.029,326.5,1,1,2016-02-25,06:50,A,80,5.0       ,303.4,16.8
14.496,101.763,319.9,1.3,1.1,2016-02-25,06:50,A,70,5.0       ,304.3,10
14.19,99.169,325.8,1,1,2016-02-25,06:50,A,79,5.0       ,300.7,18.1
14.188,99.159,328.8,1,1,2016-02-25,06:50,A,82,5.0       ,301,22.2
14.732,103.062,330.1,1.6,1.2,2016-02-25,06:50,A,83,5.0       ,306.4,32.3
14.484,101.127,318.1,1.2,1.1,2016-02-25,06:50,A,32,5.0       ,304.4,12.1
14.431,100.655,328.2,1.1,1.1,2016-02-25,06:50,A,81,5.0       ,306.3,18.6
14.753,103.044,327.7,1.6,1.2,2016-02-25,06:50,A,77,5.0       ,306.2,24.2
14.765,103.051,325.7,1.6,1.2,2016-02-25,06:50,A,73,5.0       ,305.5,20.6
14.477,100.611,331.7,1.1,1.1,2016-02-25,06:50,A,84,5.0       ,307,26
14.177,98.432,324.9,1,1,2016-02-25,06:50,A,78,5.0       ,302.2,18.7
14.737,102.292,332.3,1.4,1.2,2016-02-25,06:50,A,85,5.0       ,307.3,33.1
14.278,98.82,322.6,1,1,2016-02-25,06:50,A,51,5.0       ,299.2,15.7
14.276,98.81,318,1,1,2016-02-25,06:50,A,48,5.0       ,296.6,10.2
14.255,98.329,314.9,1,1,2016-02-25,06:50,A,52,5.0       ,301,8.2
14.786,101.954,326.4,1.4,1.2,2016-02-25,06:50,A,80,5.0       ,306.8,15
15.135,104.461,322,2.1,1.4,2016-02-25,06:50,A,56,5.0       ,302.8,32
14.417,98.956,322.7,1,1,2016-02-25,06:50,A,63,5.0       ,302.7,13.9
14.426,98.954,326.8,1,1,2016-02-25,06:50,A,69,5.0       ,303.3,19.4
15.136,104.456,329.4,2.1,1.4,2016-02-25,06:50,A,82,5.0       ,302.6,59.2
15.148,104.454,339.3,2.1,1.4,2016-02-25,06:50,A,89,5.0       ,306,106.8
14.411,98.721,329.3,1,1,2016-02-25,06:50,A,71,5.0       ,301.5,22.4
15.033,103.377,322,1.7,1.3,2016-02-25,06:50,A,74,5.0       ,302.3,19.4
14.881,101.986,330.9,1.4,1.2,2016-02-25,06:50,A,83,5.0       ,305.4,30.1
14.879,101.973,325.7,1.4,1.2,2016-02-25,06:50,A,64,5.0       ,306,17.1
14.687,100.516,326.8,1.1,1.1,2016-02-25,06:50,A,80,5.0       ,305.8,17.8
14.805,101.08,333.7,1.2,1.1,2016-02-25,06:50,A,86,5.0       ,306,30.7
14.486,98.656,316,1,1,2016-02-25,06:50,A,60,5.0       ,300.3,9.3
14.751,100.168,322.8,1.1,1,2016-02-25,06:50,A,76,5.0       ,305.2,10.3
14.59,98.748,333.2,1,1,2016-02-25,06:50,A,85,5.0       ,306.7,23.7
14.589,98.739,322,1,1,2016-02-25,06:50,A,54,5.0       ,304.6,7.6
14.599,98.747,328.3,1,1,2016-02-25,06:50,A,81,5.0       ,305.2,16.5
14.598,98.737,323.7,1,1,2016-02-25,06:50,A,73,5.0       ,304.7,10.1
15.072,102.129,336.4,1.4,1.2,2016-02-25,06:50,A,88,5.0       ,305.6,47.5
14.911,100.892,325.2,1.2,1.1,2016-02-25,06:50,A,78,5.0       ,306.6,12.2
15.176,102.868,322.1,1.6,1.2,2016-02-25,06:50,A,61,5.0       ,303.1,20.7
14.924,100.912,327.4,1.2,1.1,2016-02-25,06:50,A,76,5.0       ,305.7,18.5
14.922,100.902,326.8,1.2,1.1,2016-02-25,06:50,A,78,5.0       ,305.4,16
14.606,98.539,314.2,1,1,2016-02-25,06:50,A,60,5.0       ,301.1,8.7
14.936,100.855,324.2,1.2,1.1,2016-02-25,06:50,A,77,5.0       ,305.9,10.1
15.189,102.705,346.5,1.5,1.2,2016-02-25,06:50,A,93,5.0       ,305.5,87.8
14.94,100.811,327.4,1.2,1.1,2016-02-25,06:50,A,80,5.0       ,307.1,14.6
14.866,100.269,327.2,1.1,1,2016-02-25,06:50,A,80,5.0       ,304.8,14.6
14.659,98.712,329.5,1,1,2016-02-25,06:50,A,82,5.0       ,307.1,18.8
14.658,98.703,327,1,1,2016-02-25,06:50,A,80,5.0       ,305.4,15.8
15.191,102.698,360.7,1.5,1.2,2016-02-25,06:50,A,100,5.0       ,306.3,151.6
14.669,98.72,321.1,1,1,2016-02-25,06:50,A,61,5.0       ,304.3,8.2
14.668,98.711,344,1,1,2016-02-25,06:50,A,92,5.0       ,305.3,44.4
14.691,98.679,321.9,1,1,2016-02-25,06:50,A,75,5.0       ,304.1,9.6
15.2,102.415,323.7,1.5,1.2,2016-02-25,06:50,A,77,5.0       ,304.9,17.1
15.461,104.454,328.9,2.1,1.4,2016-02-25,06:50,A,82,5.0       ,304.7,55.7
14.888,99.823,335,1.1,1,2016-02-25,06:50,A,87,5.0       ,307.7,23.7
15.062,101.032,321.7,1.2,1.1,2016-02-25,06:50,A,60,5.0       ,302.8,10
15.063,101.026,326.2,1.2,1.1,2016-02-25,06:50,A,75,5.0       ,304.5,16.3
15.375,102.435,323.2,1.5,1.2,2016-02-25,06:50,A,70,5.0       ,303.2,14.4
15.104,100.341,328.5,1.1,1.1,2016-02-25,06:50,A,81,5.0       ,305.5,16.1
15.201,100.777,324.6,1.2,1.1,2016-02-25,06:50,A,75,5.0       ,305.5,11.4
15.191,100.166,322.5,1.1,1,2016-02-25,06:50,A,60,5.0       ,304.7,9.3
14.894,98.047,325.5,1,1,2016-02-25,06:50,A,79,5.0       ,302.6,16.2
14.893,98.038,321.2,1,1,2016-02-25,06:50,A,74,5.0       ,302.7,10.8
15.542,102.605,329.2,1.5,1.2,2016-02-25,06:50,A,82,5.0       ,301.9,36.1
15.535,102.613,321,1.5,1.2,2016-02-25,06:50,A,73,5.0       ,301.4,16.5
15.534,102.599,323.7,1.5,1.2,2016-02-25,06:50,A,77,5.0       ,301.8,22.1
15.658,103.448,327.8,1.8,1.3,2016-02-25,06:50,A,81,5.0       ,299.9,43
15.616,102.632,328.4,1.5,1.2,2016-02-25,06:50,A,81,5.0       ,302.6,34.3
15.627,102.63,320.8,1.5,1.2,2016-02-25,06:50,A,73,5.0       ,301.5,15.5
15.18,99.275,320.6,1,1,2016-02-25,06:50,A,70,5.0       ,300,12.4
15.597,101.775,323.1,1.4,1.2,2016-02-25,06:50,A,76,5.0       ,303.1,13
15.39,99.944,325.5,1.1,1,2016-02-25,06:50,A,79,5.0       ,305,12.1
15.388,99.934,323.1,1.1,1,2016-02-25,06:50,A,71,5.0       ,304.2,9
15.389,99.524,327.3,1,1,2016-02-25,06:50,A,80,5.0       ,299,20.5
15.818,102.152,321.1,1.4,1.2,2016-02-25,06:50,A,73,5.0       ,300.8,16.9
15.828,102.151,338.5,1.4,1.2,2016-02-25,06:50,A,89,5.0       ,302.6,60
15.827,102.137,332.7,1.4,1.2,2016-02-25,06:50,A,85,5.0       ,301.6,43.7
15.848,102.087,323.2,1.4,1.2,2016-02-25,06:50,A,76,5.0       ,301.8,20.8
15.642,100.173,325.8,1.1,1.1,2016-02-25,06:50,A,75,5.0       ,306,12.4
15.488,97.817,328.2,1,1,2016-02-25,06:50,A,81,5.0       ,301,20.3
16.018,101.559,325.4,1.3,1.1,2016-02-25,06:50,A,79,5.0       ,302.6,19.5
15.956,101.085,324.3,1.2,1.1,2016-02-25,06:50,A,75,5.0       ,305.5,13.5
15.966,101.084,325.5,1.2,1.1,2016-02-25,06:50,A,74,5.0       ,304.2,14.3
16.077,101.723,324,1.4,1.2,2016-02-25,06:50,A,77,5.0       ,303.9,18.5
16.075,101.71,337.4,1.4,1.2,2016-02-25,06:50,A,88,5.0       ,303.3,49.9
16.797,105.122,319.1,2.5,1.5,2016-02-25,06:50,A,66,5.0       ,299.2,33.1
16.404,101.326,315.2,1.3,1.1,2016-02-25,06:50,A,63,5.0       ,297.2,15.1
16.465,101.733,313,1.4,1.2,2016-02-25,06:50,A,54,5.0       ,297.6,13.8
16.64,102.882,351.4,1.7,1.3,2016-02-25,06:50,A,96,5.0       ,300.3,124
16.369,100.743,327.2,1.2,1.1,2016-02-25,06:50,A,80,5.0       ,301.5,20.3
16.53,101.769,312.3,1.4,1.2,2016-02-25,06:50,A,47,5.0       ,293.9,14.9
16.342,100.202,318.2,1.1,1.1,2016-02-25,06:50,A,63,5.0       ,299.7,10.2
16.587,102.06,322.8,1.5,1.2,2016-02-25,06:50,A,76,5.0       ,302.8,13.2
16.312,99.758,349,1.1,1,2016-02-25,06:50,A,95,5.0       ,300.6,63.7
16.428,100.56,328.5,1.2,1.1,2016-02-25,06:50,A,81,5.0       ,303.2,22.1
16.097,97.698,330.7,1,1,2016-02-25,06:50,A,61,5.0       ,306.5,15.2
16.318,99.2,312.2,1,1,2016-02-25,06:50,A,48,5.0       ,295.5,7.2
16.106,97.696,330.4,1,1,2016-02-25,06:50,A,63,5.0       ,306.2,16.8
16.104,97.687,358.9,1,1,2016-02-25,06:50,A,93,5.0       ,304.5,75.1
16.113,97.686,335.2,1,1,2016-02-25,06:50,A,79,5.0       ,301.5,27.3
16.52,100.42,330.8,1.2,1.1,2016-02-25,06:50,A,83,5.0       ,303,25.9
17.142,105.08,314.9,2.5,1.5,2016-02-25,06:50,A,44,5.0       ,298.2,33
15.891,95.591,321,1.2,1.1,2016-02-25,06:50,A,31,5.0       ,302.9,10.9
16.668,100.991,316.3,1.3,1.1,2016-02-25,06:50,A,61,5.0       ,297.4,15.1
16.619,100.465,332.4,1.2,1.1,2016-02-25,06:50,A,85,5.0       ,301.8,28.3
17.127,104.462,319.3,2.2,1.4,2016-02-25,06:50,A,58,5.0       ,296,32.5
16.737,101.06,316.6,1.3,1.1,2016-02-25,06:50,A,66,5.0       ,299.5,10.5
16.62,100.08,324.1,1.1,1.1,2016-02-25,06:50,A,77,5.0       ,301.2,17.4
16.619,100.07,318.9,1.1,1.1,2016-02-25,06:50,A,68,5.0       ,301.1,9.7
17.19,104.577,317.9,2.3,1.5,2016-02-25,06:50,A,69,5.0       ,293.1,34.3
16.486,98.956,312,1,1,2016-02-25,06:50,A,42,5.0       ,296.1,9.4
16.405,97.981,324.7,1,1,2016-02-25,06:50,A,61,5.0       ,304.2,12.5
16.404,97.971,358.8,1,1,2016-02-25,06:50,A,99,5.0       ,305.8,77.9
16.732,100.305,321.1,1.2,1.1,2016-02-25,06:50,A,73,5.0       ,300.2,14.9
16.071,95.69,329.2,1.1,1.1,2016-02-25,06:50,A,75,5.0       ,305,16.8
16.07,95.68,327.8,1.1,1.1,2016-02-25,06:50,A,71,5.0       ,305,14.4
16.081,95.689,334.2,1.1,1.1,2016-02-25,06:50,A,86,5.0       ,305.1,26
16.95,101.768,326.3,1.4,1.2,2016-02-25,06:50,A,61,5.0       ,297.8,36.4
16.96,101.768,321.5,1.4,1.2,2016-02-25,06:50,A,48,5.0       ,300,23.1
17.076,102.516,319.3,1.6,1.2,2016-02-25,06:50,A,71,5.0       ,296.8,17.8
16.006,94.825,321.2,1.3,1.1,2016-02-25,06:50,A,43,5.0       ,302.6,13.7
17.075,102.511,316.6,1.6,1.2,2016-02-25,06:50,A,33,5.0       ,296,11.5
16.142,95.365,319.4,1.2,1.1,2016-02-25,06:50,A,53,5.0       ,304,11.2
16.025,94.496,323.7,1.3,1.1,2016-02-25,06:50,A,50,5.0       ,303,18.2
17.234,102.975,328.8,1.7,1.3,2016-02-25,06:50,A,82,5.0       ,300.2,44.4
17.234,102.985,332,1.7,1.3,2016-02-25,06:50,A,84,5.0       ,300.9,53.5
17.232,102.969,336.1,1.7,1.3,2016-02-25,06:50,A,87,5.0       ,299.4,67.9
16.924,100.441,318,1.2,1.1,2016-02-25,06:50,A,43,5.0       ,300.9,7.4
16.288,95.961,322.8,1.1,1,2016-02-25,06:50,A,68,5.0       ,302.9,11.9
17.222,102.683,317.1,1.6,1.3,2016-02-25,06:50,A,55,5.0       ,297.5,18.8
16.327,96.028,323.1,1.1,1,2016-02-25,06:50,A,46,5.0       ,303.9,7.4
16.31,95.915,337.2,1.1,1.1,2016-02-25,06:50,A,88,5.0       ,305.3,32.4
16.309,95.905,337.2,1.1,1.1,2016-02-25,06:50,A,88,5.0       ,304.9,32.1
16.671,98.04,321.9,1,1,2016-02-25,06:50,A,47,5.0       ,301.9,8.5
17.496,104.181,326.2,2.1,1.4,2016-02-25,06:50,A,79,5.0       ,300.4,49.6
17.487,103.66,315.5,2,1.4,2016-02-25,06:50,A,53,5.0       ,292.9,18.8
16.502,96.152,339.5,1.1,1,2016-02-25,06:50,A,89,5.0       ,305,34.9
16.751,97.57,322.2,1,1,2016-02-25,06:50,A,56,5.0       ,299.7,10.4
16.513,95.974,320.7,1.1,1,2016-02-25,06:50,A,70,5.0       ,304.1,8.2
16.945,98.876,326.8,1,1,2016-02-25,06:50,A,80,5.0       ,301.3,22.1
17.48,102.925,326.6,1.7,1.3,2016-02-25,06:50,A,80,5.0       ,301,40.5
17.586,103.58,321.7,1.9,1.4,2016-02-25,06:50,A,74,5.0       ,298.1,33.1
17.649,103.701,321.2,2,1.4,2016-02-25,06:50,A,73,5.0       ,299.5,29.6
16.852,97.577,335.7,1,1,2016-02-25,06:50,A,87,5.0       ,303.9,29.9
17.577,102.899,320.6,1.7,1.3,2016-02-25,06:50,A,62,5.0       ,300.8,18.5
17.423,101.416,316,1.4,1.2,2016-02-25,06:50,A,60,5.0       ,295.2,18.3
17.024,98.389,325.4,1,1,2016-02-25,06:50,A,74,5.0       ,303,17.8
17.715,103.8,319.1,2,1.4,2016-02-25,06:50,A,71,5.0       ,299.9,22.7
17.642,103.159,319.6,1.8,1.3,2016-02-25,06:50,A,71,5.0       ,297.2,22.2
16.498,94.569,324.8,1.3,1.1,2016-02-25,06:50,A,55,5.0       ,303.7,17.2
17.752,102.823,328.5,1.7,1.3,2016-02-25,06:50,A,81,5.0       ,297.1,50.3
17.752,102.832,316,1.7,1.3,2016-02-25,06:50,A,61,5.0       ,296.3,15.7
17.75,102.816,325.2,1.7,1.3,2016-02-25,06:50,A,78,5.0       ,297.4,40.4
16.906,95.656,314.7,1.1,1.1,2016-02-25,06:50,A,62,5.0       ,300.8,9.3
16.704,94.392,320.1,1.3,1.1,2016-02-25,06:50,A,72,5.0       ,301.6,19.1
16.917,95.665,316.1,1.1,1.1,2016-02-25,06:50,A,65,5.0       ,300.7,11
17.788,101.547,317,1.4,1.2,2016-02-25,06:50,A,65,5.0       ,298.3,15.4
17.047,95.785,329.1,1.1,1,2016-02-25,06:50,A,82,5.0       ,301.6,26.8
17.195,96.701,333.1,1,1,2016-02-25,06:50,A,85,5.0       ,304.1,24.2
17.626,99.358,315.4,1.1,1,2016-02-25,06:50,A,60,5.0       ,297.1,8.5
18.191,103.769,318.3,2,1.4,2016-02-25,06:50,A,65,5.0       ,299.8,29.9
17.718,99.761,318.4,1.1,1.1,2016-02-25,06:50,A,69,5.0       ,299.5,11
17.709,99.625,315.5,1.1,1,2016-02-25,06:50,A,64,5.0       ,297.2,9.8
17.338,96.675,320.7,1,1,2016-02-25,06:50,A,60,5.0       ,301.5,10.8
15.34,103.185,313.9,1.7,1.3,2016-02-25,06:50,A,58,5.0       ,288.3,17
14.916,99.635,342,1,1,2016-02-25,06:50,A,79,5.0       ,306,37.4
14.915,99.626,328.8,1,1,2016-02-25,06:50,A,77,5.0       ,305.2,13.8
14.925,99.634,329.4,1,1,2016-02-25,06:50,A,82,5.0       ,307.1,14.9
14.819,98.616,315.5,1,1,2016-02-25,06:50,A,60,5.0       ,300.7,7.6
14.818,98.607,315.7,1,1,2016-02-25,06:50,A,58,5.0       ,300.4,8
15.274,101.965,325.8,1.4,1.2,2016-02-25,06:50,A,78,5.0       ,305.5,17
15.33,102.248,325.8,1.4,1.2,2016-02-25,06:50,A,79,5.0       ,304.5,21.1
26.544,92.334,336.1,1.2,1.1,2016-02-25,06:55,A,87,5.0       ,297.1,47.8
26.542,92.322,367.7,1.2,1.1,2016-02-25,06:55,A,100,5.0       ,300.1,150.7
26.132,89.943,310.8,1.8,1.3,2016-02-25,06:55,A,44,5.0       ,298.4,15.2
26.869,93.709,319,1.1,1,2016-02-25,06:55,A,70,5.0       ,299.1,16.3
26.867,93.698,314.7,1.1,1,2016-02-25,06:55,A,62,5.0       ,299.6,11.3
26.421,90.248,315,1.7,1.3,2016-02-25,06:55,A,63,5.0       ,299.5,17.5
26.899,93.039,318.9,1.1,1.1,2016-02-25,06:55,A,62,5.0       ,301.5,15.7
26.42,90.242,315.9,1.7,1.3,2016-02-25,06:55,A,65,5.0       ,299.6,21
26.733,91.402,316.2,1.4,1.2,2016-02-25,06:55,A,65,5.0       ,300.2,16.5
26.731,90.927,316.1,1.5,1.2,2016-02-25,06:55,A,65,5.0       ,300.9,16.3
26.668,90.584,315.2,1.6,1.2,2016-02-25,06:55,A,49,5.0       ,300.9,19.5
18.975,94.913,326.6,1.2,1.1,2016-02-25,06:55,A,80,5.0       ,308,15.9
18.973,94.903,322.1,1.2,1.1,2016-02-25,06:55,A,58,5.0       ,305.8,9.2
19.595,98.968,319.1,1.1,1,2016-02-25,06:55,A,71,5.0       ,302.7,10.7
19.101,95.282,344,1.1,1,2016-02-25,06:55,A,92,5.0       ,310.7,44
19.063,95.04,325.5,1.1,1.1,2016-02-25,06:55,A,79,5.0       ,306.9,14
18.947,94.237,317.7,1.3,1.1,2016-02-25,06:55,A,56,5.0       ,305,10.2
19.554,98.124,314.9,1,1,2016-02-25,06:55,A,47,5.0       ,302.1,7.4
19.175,95.474,326.4,1.1,1,2016-02-25,06:55,A,79,5.0       ,306.3,13.9
19.515,97.644,319.1,1,1,2016-02-25,06:55,A,20,5.0       ,301.4,7.9
19.157,95.233,324.5,1.1,1.1,2016-02-25,06:55,A,78,5.0       ,308.9,9.9
19.239,95.701,319.1,1.1,1,2016-02-25,06:55,A,71,5.0       ,303.2,5.9
19.268,95.768,316.3,1.1,1,2016-02-25,06:55,A,66,5.0       ,301.9,7.6
19.177,95.112,325,1.1,1.1,2016-02-25,06:55,A,77,5.0       ,309.4,11.1
19.585,97.627,321.5,1,1,2016-02-25,06:55,A,55,5.0       ,301.9,11
19.409,96.407,325.9,1,1,2016-02-25,06:55,A,66,5.0       ,304.1,15.3
19.407,96.398,342.7,1,1,2016-02-25,06:55,A,91,5.0       ,305.9,41.3
19.21,95.111,322.6,1.1,1.1,2016-02-25,06:55,A,52,5.0       ,305.7,8.3
19.179,94.787,322.7,1.2,1.1,2016-02-25,06:55,A,76,5.0       ,307.7,10
19.647,97.743,315,1,1,2016-02-25,06:55,A,32,5.0       ,296.8,8.8
19.207,94.782,324.8,1.2,1.1,2016-02-25,06:55,A,78,5.0       ,308.5,12.7
19.259,95.048,332.2,1.1,1.1,2016-02-25,06:55,A,85,5.0       ,308.5,24.6
19.826,98.9,329.4,1.1,1,2016-02-25,06:55,A,61,5.0       ,300,27.5
19.273,95.079,325.2,1.1,1.1,2016-02-25,06:55,A,78,5.0       ,308.4,11.8
19.268,95.047,323.1,1.1,1.1,2016-02-25,06:55,A,76,5.0       ,306.8,8.7
19.835,98.913,322.3,1.1,1,2016-02-25,06:55,A,72,5.0       ,301.6,14.3
19.834,98.902,321.3,1.1,1,2016-02-25,06:55,A,43,5.0       ,300.7,14.6
19.283,95.103,323.7,1.1,1.1,2016-02-25,06:55,A,62,5.0       ,307.8,11.4
19.281,95.092,327.9,1.1,1.1,2016-02-25,06:55,A,80,5.0       ,306.9,17.6
19.279,95.082,328,1.1,1.1,2016-02-25,06:55,A,77,5.0       ,307.9,17
19.664,97.588,324.4,1,1,2016-02-25,06:55,A,60,5.0       ,301.3,14.9
19.152,94.169,320,1.3,1.1,2016-02-25,06:55,A,68,5.0       ,305.8,11.6
19.859,98.602,319.9,1.1,1,2016-02-25,06:55,A,63,5.0       ,301.1,11.7
19.409,95.484,323.7,1.1,1,2016-02-25,06:55,A,63,5.0       ,306.5,8.6
19.349,94.878,323.3,1.1,1.1,2016-02-25,06:55,A,76,5.0       ,307.5,11.6
19.928,98.718,317.4,1.1,1,2016-02-25,06:55,A,47,5.0       ,298.5,9
19.972,98.834,320.7,1.1,1,2016-02-25,06:55,A,73,5.0       ,297.8,18.4
19.683,96.323,327.8,1,1,2016-02-25,06:55,A,78,5.0       ,307.6,11.5
19.548,95.437,337.8,1.1,1,2016-02-25,06:55,A,88,5.0       ,307.5,30.9
20.059,98.929,343.4,1.1,1,2016-02-25,06:55,A,92,5.0       ,299.7,54.9
20.057,98.919,326.2,1.1,1,2016-02-25,06:55,A,79,5.0       ,299.9,23.3
19.461,94.818,324,1.1,1.1,2016-02-25,06:55,A,74,5.0       ,306.7,13.1
19.709,96.378,319.1,1,1,2016-02-25,06:55,A,52,5.0       ,302.1,11
19.471,94.816,326.2,1.1,1.1,2016-02-25,06:55,A,79,5.0       ,307,17
19.636,95.099,325.3,1.1,1.1,2016-02-25,06:55,A,78,5.0       ,306.7,13.1
19.645,95.097,332,1.1,1.1,2016-02-25,06:55,A,84,5.0       ,306,23.9
19.563,94.57,335.9,1.2,1.1,2016-02-25,06:55,A,87,5.0       ,306,40.1
19.744,95.69,324.6,1.1,1,2016-02-25,06:55,A,59,5.0       ,304.5,13.4
19.568,94.574,332.6,1.2,1.1,2016-02-25,06:55,A,85,5.0       ,305.6,33.2
19.566,94.563,328.3,1.2,1.1,2016-02-25,06:55,A,68,5.0       ,304.8,25.8
19.702,95.112,322.1,1.1,1.1,2016-02-25,06:55,A,72,5.0       ,307,9.1
19.73,95.016,326.7,1.1,1.1,2016-02-25,06:55,A,80,5.0       ,308.5,14.9
19.734,94.917,327.4,1.1,1.1,2016-02-25,06:55,A,81,5.0       ,307.1,16.8
20.044,96.907,323.7,1,1,2016-02-25,06:55,A,72,5.0       ,307.2,12.2
19.709,94.701,323.9,1.2,1.1,2016-02-25,06:55,A,77,5.0       ,306.1,11.5
19.777,95.007,329.7,1.1,1.1,2016-02-25,06:55,A,83,5.0       ,306.9,20.8
19.804,94.833,322.4,1.1,1.1,2016-02-25,06:55,A,67,5.0       ,306,9
20.148,96.981,320.1,1,1,2016-02-25,06:55,A,53,5.0       ,302,11.3
19.848,94.988,322.5,1.1,1.1,2016-02-25,06:55,A,75,5.0       ,306.4,8.1
19.824,94.84,330.1,1.1,1.1,2016-02-25,06:55,A,83,5.0       ,306.6,21.6
19.823,94.829,326.7,1.1,1.1,2016-02-25,06:55,A,80,5.0       ,306.4,15.3
19.827,94.549,323.1,1.2,1.1,2016-02-25,06:55,A,67,5.0       ,308.2,11.1
20.104,96.306,341.7,1,1,2016-02-25,06:55,A,91,5.0       ,306.6,38.4
20.4,98.194,325.6,1,1,2016-02-25,06:55,A,54,5.0       ,303.1,15.9
20.399,98.184,325.9,1,1,2016-02-25,06:55,A,53,5.0       ,303.4,15.6
20.384,98.077,323.4,1,1,2016-02-25,06:55,A,76,5.0       ,306.3,11.1
20.383,98.068,333.3,1,1,2016-02-25,06:55,A,85,5.0       ,306.7,25.5
20.223,96.933,328.8,1,1,2016-02-25,06:55,A,72,5.0       ,305.4,22.4
20.406,98.173,321.4,1,1,2016-02-25,06:55,A,57,5.0       ,304,10.2
20.473,98.253,327.7,1,1,2016-02-25,06:55,A,70,5.0       ,304.2,18.8
20.481,98.245,322.7,1,1,2016-02-25,06:55,A,65,5.0       ,304.6,13.8
20.49,98.244,323,1,1,2016-02-25,06:55,A,63,5.0       ,303.6,13.6
20.003,94.426,326.5,1.2,1.1,2016-02-25,06:55,A,71,5.0       ,303.7,22.2
20.006,94.431,324.4,1.2,1.1,2016-02-25,06:55,A,64,5.0       ,304.5,19.8
20.573,98.184,319.3,1,1,2016-02-25,06:55,A,64,5.0       ,302.2,9.2
20.518,97.581,315.7,1,1,2016-02-25,06:55,A,41,5.0       ,301.4,10.6
20.518,97.386,322,1,1,2016-02-25,06:55,A,70,5.0       ,298.3,17.9
20.661,98.214,323.5,1,1,2016-02-25,06:55,A,76,5.0       ,301.5,15.9
20.419,96.317,330.1,1,1,2016-02-25,06:55,A,78,5.0       ,297.2,24.3
20.458,96.33,319.3,1,1,2016-02-25,06:55,A,42,5.0       ,298.6,12.9
20.194,94.593,323.6,1.2,1.1,2016-02-25,06:55,A,77,5.0       ,306.4,11.4
20.507,96.287,320.9,1,1,2016-02-25,06:55,A,51,5.0       ,300.7,12.1
20.214,94.392,317.6,1.2,1.1,2016-02-25,06:55,A,49,5.0       ,300.9,9.7
20.694,96.371,318.6,1,1,2016-02-25,06:55,A,69,5.0       ,301,8.1
20.389,94.267,319.2,1.2,1.1,2016-02-25,06:55,A,70,5.0       ,302.6,12.1
20.465,94.35,325.3,1.2,1.1,2016-02-25,06:55,A,52,5.0       ,303.1,20.3
20.953,96.442,318.5,1,1,2016-02-25,06:55,A,64,5.0       ,300.1,12
20.67,94.47,319.5,1.2,1.1,2016-02-25,06:55,A,65,5.0       ,302.3,8.8
21.798,98.053,317.1,1,1,2016-02-25,06:55,A,61,5.0       ,291.4,15.7
24.134,94.35,314.9,1.1,1,2016-02-25,06:55,A,57,5.0       ,297.1,11.6
26.142,94.811,325.1,1,1,2016-02-25,06:55,A,70,5.0       ,290.8,30.2
26.141,94.801,327.4,1,1,2016-02-25,06:55,A,70,5.0       ,287.5,33.7
25.987,93.696,316,1.1,1,2016-02-25,06:55,A,65,5.0       ,296.2,13
25.874,92.082,314.8,1.3,1.1,2016-02-25,06:55,A,56,5.0       ,294.6,18.3
26.249,93.82,317.6,1.1,1,2016-02-25,06:55,A,68,5.0       ,296.4,15.4
26.247,93.809,312.3,1.1,1,2016-02-25,06:55,A,53,5.0       ,296.6,9.5
26.004,92.309,316.5,1.3,1.1,2016-02-25,06:55,A,66,5.0       ,295.4,21.3
26.155,92.957,318.5,1.2,1.1,2016-02-25,06:55,A,36,5.0       ,303.6,10.8
26.502,94.688,319.3,1,1,2016-02-25,06:55,A,65,5.0       ,291.2,19.7
26.543,94.716,346.3,1,1,2016-02-25,06:55,A,0,5.0       ,290.2,63.7
26.552,94.714,315.7,1,1,2016-02-25,06:55,A,61,5.0       ,292.8,16.1
26.684,94.981,330.9,1,1,2016-02-25,06:55,A,79,5.0       ,294.4,33.9
26.693,94.98,357.9,1,1,2016-02-25,06:55,A,86,5.0       ,291.2,88.3
26.692,94.97,354.3,1,1,2016-02-25,06:55,A,97,5.0       ,298.7,78.9
26.7,94.968,316.8,1,1,2016-02-25,06:55,A,64,5.0       ,295.6,15.2
26.731,94.616,315.6,1,1,2016-02-25,06:55,A,64,5.0       ,295.3,14.9
26.518,92.301,329.5,1.2,1.1,2016-02-25,06:55,A,82,5.0       ,299.3,33.5
26.516,92.289,331.1,1.2,1.1,2016-02-25,06:55,A,84,5.0       ,298.6,37.5
26.509,92.252,337.6,1.2,1.1,2016-02-25,06:55,A,88,5.0       ,296.3,55.2
26.548,92.358,339.3,1.2,1.1,2016-02-25,06:55,A,89,5.0       ,296.1,56.5
26.546,92.346,329.2,1.2,1.1,2016-02-25,06:55,A,82,5.0       ,296.5,34.1
5.338,115.656,311.7,2.2,1.4,2016-02-25,17:30,A,76,5.0       ,288.9,62.3
5.338,115.65,309.1,2.2,1.4,2016-02-25,17:30,A,64,5.0       ,289.2,54.8
1.346,116.792,305.4,1.5,1.2,2016-02-25,17:30,A,25,5.0       ,290.6,17
-1.516,122.265,308.3,1.1,1,2016-02-25,17:30,A,60,5.0       ,290.4,11.3
-2.574,121.38,369.5,1,1,2016-02-25,17:30,A,100,5.0       ,289.9,131.7
8.424,124.965,306.7,1.1,1.1,2016-02-25,17:25,A,48,5.0       ,293.3,12.3
1.441,101.588,322.9,3,1.6,2016-02-25,16:15,T,100,5.0       ,289.2,128.4
1.46,101.612,305.1,3,1.7,2016-02-25,16:15,T,16,5.0       ,289.9,36.2
1.456,101.586,321.1,3,1.6,2016-02-25,16:15,T,100,5.0       ,289.9,116.5
11.865,99.067,315,2.8,1.6,2016-02-25,16:15,T,87,5.0       ,291.5,82.3
15.97,95.372,306.9,1.7,1.3,2016-02-25,16:15,T,50,5.0       ,293.6,20
16.031,95.396,308.5,1.7,1.3,2016-02-25,16:15,T,61,5.0       ,292.8,22.6
16.03,95.406,308.7,1.7,1.3,2016-02-25,16:15,T,62,5.0       ,293.2,24.9
18.948,95.68,305.9,1.9,1.4,2016-02-25,16:15,T,39,5.0       ,292.2,23
18.912,95.154,305.7,1.8,1.3,2016-02-25,16:15,T,21,5.0       ,291.2,17.6
19.571,94.851,313.7,1.7,1.3,2016-02-25,16:20,T,83,5.0       ,291,37.2
2.95,97.481,306.8,1,1,2016-02-25,19:10,A,49,5.0       ,293.6,8.8
1.811,101.731,311.5,1.8,1.3,2016-02-25,19:10,A,75,5.0       ,292.4,30.4
1.799,101.729,312.2,1.8,1.3,2016-02-25,19:10,A,78,5.0       ,292.3,32
1.803,101.724,312.7,1.8,1.3,2016-02-25,19:10,A,80,5.0       ,292.3,33.1
1.801,101.74,317.7,1.8,1.3,2016-02-25,19:10,A,94,5.0       ,292.9,45.7
1.453,101.589,317.5,1.8,1.3,2016-02-25,19:10,A,94,5.0       ,292.4,42.4
1.451,101.604,333.9,1.8,1.3,2016-02-25,19:10,A,100,5.0       ,293.3,94.3
13.907,107.43,307.9,2.9,1.6,2016-02-25,14:40,T,58,5.0       ,277.7,69.2
13.908,107.423,312.8,2.9,1.6,2016-02-25,14:40,T,80,5.0       ,279.8,92.8
30.646,114.426,310.1,1.2,1.1,2016-02-25,14:40,T,69,5.0       ,276.4,25.4
1.082,117.447,316.5,1,1,2016-02-25,14:35,T,91,5.0       ,290.2,19.2
1.081,117.438,341.6,1,1,2016-02-25,14:35,T,100,5.0       ,290.8,57.1
1.091,117.445,312.9,1,1,2016-02-25,14:35,T,80,5.0       ,289.2,15.2
1.09,117.436,323.1,1,1,2016-02-25,14:35,T,100,5.0       ,289.7,27.2
5.333,115.649,307.7,1.1,1,2016-02-25,14:35,T,56,5.0       ,287,14.5
12.592,105.612,315.4,4.3,1.9,2016-02-25,14:35,T,78,5.0       ,289.2,144.8
12.595,105.607,309,4.3,1.9,2016-02-25,14:35,T,30,5.0       ,289.1,107.4
1.455,101.6,329.2,1.8,1.3,2016-02-25,19:10,A,100,5.0       ,292.9,78.7
1.452,101.616,306.8,1.8,1.3,2016-02-25,19:10,A,39,5.0       ,291.8,18.5
1.443,101.598,317.6,1.8,1.3,2016-02-25,19:10,A,94,5.0       ,292.8,44.3
1.241,99.073,305,1.2,1.1,2016-02-25,19:10,A,12,5.0       ,293,8.3
18.281,104.191,306.8,1.4,1.2,2016-02-25,19:05,A,49,5.0       ,286.6,23.7
18.27,104.189,319.3,1.4,1.2,2016-02-25,19:05,A,98,5.0       ,286.4,45.1
18.277,104.184,308,1.4,1.2,2016-02-25,19:05,A,58,5.0       ,286.2,25
18.275,104.197,322.3,1.4,1.2,2016-02-25,19:05,A,100,5.0       ,287.2,51
16.963,103.419,314.7,1.3,1.1,2016-02-25,19:05,A,86,5.0       ,286.5,34
16.961,103.431,309.2,1.3,1.1,2016-02-25,19:05,A,65,5.0       ,286.8,25.5
14.338,100.595,306.8,1.1,1,2016-02-25,19:05,A,49,5.0       ,293.5,10
14.436,98.956,308.1,1,1,2016-02-25,19:05,A,47,5.0       ,293.7,10.1
14.42,98.944,312.3,1,1,2016-02-25,19:05,A,73,5.0       ,293.8,13.6
13.877,99.373,309.3,1,1,2016-02-25,19:05,A,65,5.0       ,293.6,12.2
13.875,99.382,305.8,1,1,2016-02-25,19:05,A,37,5.0       ,292.9,9.1
13.023,104.139,319,1.8,1.3,2016-02-25,19:05,A,97,5.0       ,290.1,53.1
13.026,104.134,320.6,1.8,1.3,2016-02-25,19:05,A,100,5.0       ,290.2,56.9
13.015,104.132,306,1.8,1.3,2016-02-25,19:05,A,40,5.0       ,287.9,24.5
12.535,102.772,306.4,1.4,1.2,2016-02-25,19:05,A,45,5.0       ,292.1,15.9