latitude,longitude,brightness,scan,track,acq_date,acq_time,satellite,confidence,version,bright_t31,frp
-0.861,134.065,315.1,1.8,1.3,2016-09-14,01:10,T,49,5.0       ,295,20.4
-2.624,140.474,312.8,1.1,1,2016-09-14,01:10,T,32,5.0       ,295.1,7.6
-9.63,119.967,329.8,1,1,2016-09-14,05:40,A,65,5.0       ,302.7,20.8
-9.623,119.96,329.1,1,1,2016-09-14,05:40,A,66,5.0       ,305.3,16.8
-9.442,119.17,328.7,1,1,2016-09-14,05:40,A,68,5.0       ,306.5,15
-8.378,118.122,329.2,1,1,2016-09-14,05:40,A,82,5.0       ,295,22.6
-8.312,118.06,326.7,1,1,2016-09-14,05:40,A,75,5.0       ,286.6,24.2
-8.268,118.109,325.1,1,1,2016-09-14,05:40,A,63,5.0       ,288.8,19.9
-7.801,114.315,327.1,1.5,1.2,2016-09-14,05:45,A,54,5.0       ,306.1,23.7
-6.992,115.61,319.3,1.2,1.1,2016-09-14,05:45,A,0,5.0       ,296.2,15.1
-6.853,115.431,320.6,1.3,1.1,2016-09-14,05:45,A,53,5.0       ,300.3,17.1
-6.855,115.42,324.9,1.3,1.1,2016-09-14,05:45,A,64,5.0       ,301.5,25.6
-3.725,114.677,318.4,1.3,1.1,2016-09-14,05:45,A,47,5.0       ,295.6,18
-3.024,113.302,313.8,1.5,1.2,2016-09-14,05:45,A,59,5.0       ,296.6,13.1
-2.454,115.654,314.5,1.1,1,2016-09-14,05:45,A,61,5.0       ,296.2,10
-2.365,114.914,320.9,1.2,1.1,2016-09-14,05:45,A,56,5.0       ,299.5,19
-2.93,110.267,317.1,2.6,1.6,2016-09-14,05:45,A,43,5.0       ,298.5,30.4
-2.209,115.296,315.3,1.1,1.1,2016-09-14,05:45,A,60,5.0       ,295.5,11.9
-2.497,112.65,319.2,1.7,1.3,2016-09-14,05:45,A,71,5.0       ,298.3,28.5
-2.026,115.562,314.3,1.1,1,2016-09-14,05:45,A,61,5.0       ,295.9,7.9
-1.947,115.855,313.7,1.1,1,2016-09-14,05:45,A,41,5.0       ,291.9,7.3
-2.495,111.614,322.6,2,1.4,2016-09-14,05:45,A,75,5.0       ,293.7,56.7
-1.879,115.888,320.7,1.1,1,2016-09-14,05:45,A,39,5.0       ,298,15.2
-2.342,112.616,313.2,1.7,1.3,2016-09-14,05:45,A,46,5.0       ,296.6,16.9
-1.949,115.324,326.7,1.1,1.1,2016-09-14,05:45,A,75,5.0       ,295.3,28.4
-2.602,110.664,321.1,2.4,1.5,2016-09-14,05:45,A,74,5.0       ,294,52.7
-2.605,110.642,319.5,2.4,1.5,2016-09-14,05:45,A,71,5.0       ,295,46.3
-1.946,114.973,314.9,1.2,1.1,2016-09-14,05:45,A,25,5.0       ,295.5,12.4
-2.173,113,345.5,1.6,1.2,2016-09-14,05:45,A,93,5.0       ,297.4,105.1
-1.723,114.833,316.4,1.2,1.1,2016-09-14,05:45,A,35,5.0       ,298.2,13
-1.613,115.241,319.1,1.1,1.1,2016-09-14,05:45,A,71,5.0       ,294.5,18.8
-2.076,111.338,313.8,2.1,1.4,2016-09-14,05:45,A,45,5.0       ,295.5,23.4
-1.494,115.217,319.9,1.1,1.1,2016-09-14,05:45,A,72,5.0       ,295,19.2
-1.907,112.056,311.7,1.8,1.3,2016-09-14,05:45,A,50,5.0       ,295.9,18.6
-1.884,112.135,342.9,1.8,1.3,2016-09-14,05:45,A,91,5.0       ,294.7,124.3
-2.032,111.012,334,2.2,1.4,2016-09-14,05:45,A,86,5.0       ,291.7,115.7
-1.996,110.987,333.3,2.2,1.4,2016-09-14,05:45,A,85,5.0       ,290.5,117.5
22.305,113.923,314.3,1.8,1.3,2016-09-14,02:45,T,0,5.0       ,299.1,23.6
-1.793,112.268,316,1.8,1.3,2016-09-14,05:45,A,65,5.0       ,290.8,29.2
-1.994,111,320.3,2.2,1.4,2016-09-14,05:45,A,72,5.0       ,288.9,59.2
-1.997,110.98,324.2,2.2,1.4,2016-09-14,05:45,A,77,5.0       ,291.1,74.4
-1.349,115.215,312.3,1.1,1.1,2016-09-14,05:45,A,53,5.0       ,295.7,8.6
-1.871,111.315,317.4,2.1,1.4,2016-09-14,05:45,A,55,5.0       ,295.1,34.2
-1.873,111.297,318.1,2.1,1.4,2016-09-14,05:45,A,52,5.0       ,294.8,37.7
-1.848,111.293,323.5,2.1,1.4,2016-09-14,05:45,A,76,5.0       ,294,59.6
-1.848,111.289,325.7,2.1,1.4,2016-09-14,05:45,A,79,5.0       ,293.3,74.6
-1.841,110.974,315.3,2.2,1.4,2016-09-14,05:45,A,63,5.0       ,293.1,38.4
-1.844,110.954,326.4,2.2,1.4,2016-09-14,05:45,A,79,5.0       ,292.7,83.4
-1.864,110.813,312.8,2.3,1.5,2016-09-14,05:45,A,56,5.0       ,294.4,28.7
-1.749,111.535,316.1,2,1.4,2016-09-14,05:45,A,52,5.0       ,290.4,35.7
-1.751,111.517,322.2,2,1.4,2016-09-14,05:45,A,75,5.0       ,290.9,54.9
-1.584,112.461,343.4,1.7,1.3,2016-09-14,05:45,A,92,5.0       ,294.3,111.4
-1.586,112.455,313.6,1.7,1.3,2016-09-14,05:45,A,59,5.0       ,292.4,20.5
-1.572,112.468,348.5,1.7,1.3,2016-09-14,05:45,A,94,5.0       ,294,133.6
-1.561,112.466,384.7,1.7,1.3,2016-09-14,05:45,A,100,5.0       ,294.6,379.2
-1.752,111.133,339.1,2.2,1.4,2016-09-14,05:45,A,89,5.0       ,292.7,132.9
-1.734,111.17,338.4,2.1,1.4,2016-09-14,05:45,A,89,5.0       ,293.9,130.8
-1.675,111.408,317.8,2,1.4,2016-09-14,05:45,A,68,5.0       ,294.9,39.7
-1.719,111.089,315.9,2.2,1.4,2016-09-14,05:45,A,59,5.0       ,295,33
-1.665,111.389,316.8,2.1,1.4,2016-09-14,05:45,A,67,5.0       ,294.9,36.1
-1.556,111.949,332.4,1.8,1.3,2016-09-14,05:45,A,85,5.0       ,295.7,83.3
-1.686,110.961,317.1,2.2,1.4,2016-09-14,05:45,A,67,5.0       ,294.6,46.2
-1.618,111.167,311.2,2.1,1.4,2016-09-14,05:45,A,47,5.0       ,293.4,21.1
-1.653,110.623,312.6,2.4,1.5,2016-09-14,05:45,A,51,5.0       ,293.3,26.5
-1.532,111.394,318.2,2,1.4,2016-09-14,05:45,A,69,5.0       ,295.2,40.4
-1.534,111.375,326.8,2,1.4,2016-09-14,05:45,A,80,5.0       ,295.5,70.9
-1.577,111.077,310.3,2.2,1.4,2016-09-14,05:45,A,30,5.0       ,293.6,21.1
-1.611,110.842,312.8,2.3,1.5,2016-09-14,05:45,A,39,5.0       ,294.6,27.3
-1.575,110.998,313.2,2.2,1.4,2016-09-14,05:45,A,52,5.0       ,294,32.2
-1.573,110.92,312.2,2.2,1.4,2016-09-14,05:45,A,36,5.0       ,292.6,29.4
-1.577,110.898,323.7,2.2,1.4,2016-09-14,05:45,A,77,5.0       ,294.6,69.4
-1.6,110.736,337.1,2.3,1.5,2016-09-14,05:45,A,88,5.0       ,290.1,139.6
-1.309,112.702,328.4,1.6,1.2,2016-09-14,05:45,A,81,5.0       ,294.7,55.5
-1.272,112.72,321.4,1.6,1.2,2016-09-14,05:45,A,74,5.0       ,295.1,36.9
-1.54,110.702,314.9,2.3,1.5,2016-09-14,05:45,A,53,5.0       ,291.2,36.7
-1.527,110.7,321,2.3,1.5,2016-09-14,05:45,A,69,5.0       ,290.7,61.3
-1.174,113.085,328,1.5,1.2,2016-09-14,05:45,A,81,5.0       ,294.7,49.1
-1.232,112.598,328.2,1.6,1.3,2016-09-14,05:45,A,81,5.0       ,294.1,55.8
-1.21,112.588,315.1,1.6,1.3,2016-09-14,05:45,A,62,5.0       ,292.3,21.8
-1.175,112.671,329.8,1.6,1.2,2016-09-14,05:45,A,83,5.0       ,294.7,54.5
-1.179,112.642,322.2,1.6,1.2,2016-09-14,05:45,A,75,5.0       ,294.2,38.5
-1.194,112.541,324,1.6,1.3,2016-09-14,05:45,A,77,5.0       ,295.5,43.9
-1.196,112.527,313.5,1.6,1.3,2016-09-14,05:45,A,58,5.0       ,295.1,18.9
-1.213,112.408,315.2,1.7,1.3,2016-09-14,05:45,A,63,5.0       ,296,23.3
-1.216,112.393,316.4,1.7,1.3,2016-09-14,05:45,A,66,5.0       ,296,26.4
-1.296,111.758,310.9,1.9,1.3,2016-09-14,05:45,A,44,5.0       ,294.2,17.7
-1.291,111.705,314.3,1.9,1.3,2016-09-14,05:45,A,39,5.0       ,295.6,23.6
-1.296,111.672,313.8,1.9,1.4,2016-09-14,05:45,A,47,5.0       ,295.4,23.2
-1.145,112.564,311,1.6,1.3,2016-09-14,05:45,A,45,5.0       ,295,14.5
-1.17,112.387,311.6,1.7,1.3,2016-09-14,05:45,A,50,5.0       ,295.6,15.9
-1.171,112.294,310.1,1.7,1.3,2016-09-14,05:45,A,28,5.0       ,295.8,14.3
-1.095,112.76,322.7,1.6,1.2,2016-09-14,05:45,A,75,5.0       ,294.5,39.5
-1.361,110.768,312.4,2.3,1.5,2016-09-14,05:45,A,54,5.0       ,293.2,28
-1.118,112.028,319.8,1.8,1.3,2016-09-14,05:45,A,72,5.0       ,292.7,39.4
-1.159,111.734,314.4,1.9,1.3,2016-09-14,05:45,A,61,5.0       ,292.5,30.1
-1.364,110.273,318.2,2.5,1.5,2016-09-14,05:45,A,69,5.0       ,294,52.5
-1.367,110.251,317.4,2.5,1.5,2016-09-14,05:45,A,68,5.0       ,293.6,48.8
-1.106,112.026,317.3,1.8,1.3,2016-09-14,05:45,A,53,5.0       ,295.1,31.4
-0.738,114.555,310.2,1.2,1.1,2016-09-14,05:45,A,21,5.0       ,293.8,6.8
-0.74,114.545,315.8,1.2,1.1,2016-09-14,05:45,A,64,5.0       ,295.9,13.9
-1.151,111.743,311.8,1.9,1.3,2016-09-14,05:45,A,50,5.0       ,293.1,21.7
-1.341,110.462,324.6,2.4,1.5,2016-09-14,05:45,A,78,5.0       ,293.7,75.6
-1.37,110.267,324,2.5,1.5,2016-09-14,05:45,A,51,5.0       ,294.3,72.9
-1.269,110.768,318.1,2.3,1.5,2016-09-14,05:45,A,69,5.0       ,295,43.3
-1.272,110.748,313.1,2.3,1.5,2016-09-14,05:45,A,31,5.0       ,295.2,25.9
-1.037,112.279,314.1,1.7,1.3,2016-09-14,05:45,A,38,5.0       ,293.7,20.9
-0.991,112.273,332.8,1.7,1.3,2016-09-14,05:45,A,85,5.0       ,294.6,75.7
-1.028,112.008,311,1.8,1.3,2016-09-14,05:45,A,45,5.0       ,294.6,16.5
-1.101,111.491,314.4,2,1.4,2016-09-14,05:45,A,53,5.0       ,289.5,31.7
-1.193,110.839,324.3,2.2,1.4,2016-09-14,05:45,A,55,5.0       ,293.5,64.3
-1.242,110.491,315.4,2.4,1.5,2016-09-14,05:45,A,64,5.0       ,295,33.4
-0.943,112.449,320.2,1.7,1.3,2016-09-14,05:45,A,69,5.0       ,294.7,33.7
-1.195,110.633,318.7,2.3,1.5,2016-09-14,05:45,A,69,5.0       ,293.8,41.8
-1.176,110.688,311.4,2.3,1.5,2016-09-14,05:45,A,41,5.0       ,292.2,19
-1.185,110.627,316,2.3,1.5,2016-09-14,05:45,A,65,5.0       ,294,33.5
-0.893,112.406,315.9,1.7,1.3,2016-09-14,05:45,A,65,5.0       ,293.9,26.2
-0.895,112.392,312.2,1.7,1.3,2016-09-14,05:45,A,53,5.0       ,294.7,18.3
-1.17,110.454,324,2.4,1.5,2016-09-14,05:45,A,77,5.0       ,291,72.2
-1.136,110.598,313.9,2.3,1.5,2016-09-14,05:45,A,60,5.0       ,293,28.2
-0.593,114.376,324.3,1.2,1.1,2016-09-14,05:45,A,77,5.0       ,296.8,27
-0.594,114.366,323,1.2,1.1,2016-09-14,05:45,A,76,5.0       ,296.9,24.9
-0.882,112.236,319.1,1.7,1.3,2016-09-14,05:45,A,46,5.0       ,294.6,30.5
-0.981,111.522,313.6,2,1.4,2016-09-14,05:45,A,48,5.0       ,292.8,25
-1.084,110.778,336.5,2.2,1.5,2016-09-14,05:45,A,88,5.0       ,289.8,133
-0.581,114.368,326.6,1.2,1.1,2016-09-14,05:45,A,80,5.0       ,296.7,29.6
-1.139,110.592,327.4,2.3,1.5,2016-09-14,05:45,A,81,5.0       ,293.1,82.8
-0.882,112.245,322.4,1.7,1.3,2016-09-14,05:45,A,75,5.0       ,294.9,42.1
-0.884,112.23,310.7,1.7,1.3,2016-09-14,05:45,A,33,5.0       ,294.2,13.5
-0.844,112.347,310.5,1.7,1.3,2016-09-14,05:45,A,40,5.0       ,294.8,14.7
-0.846,112.332,319.1,1.7,1.3,2016-09-14,05:45,A,71,5.0       ,294.6,34.2
-0.955,111.582,313.7,1.9,1.4,2016-09-14,05:45,A,59,5.0       ,294.1,28.8
-1.076,110.562,323.7,2.3,1.5,2016-09-14,05:45,A,77,5.0       ,294.5,64.5
-1.042,110.706,316.3,2.3,1.5,2016-09-14,05:45,A,66,5.0       ,292.9,40.9
-1.051,110.643,326.1,2.3,1.5,2016-09-14,05:45,A,79,5.0       ,293.5,76.8
-1.038,110.641,313.8,2.3,1.5,2016-09-14,05:45,A,44,5.0       ,293.6,30.4
-1.036,110.557,325.1,2.3,1.5,2016-09-14,05:45,A,78,5.0       ,295.3,69.2
-1.042,110.515,316.2,2.3,1.5,2016-09-14,05:45,A,65,5.0       ,294.8,36.5
-1.041,110.636,317.4,2.3,1.5,2016-09-14,05:45,A,58,5.0       ,293.6,41.4
-1.04,110.552,321.4,2.3,1.5,2016-09-14,05:45,A,73,5.0       ,295.3,51.2
-0.991,110.793,320.6,2.2,1.4,2016-09-14,05:45,A,67,5.0       ,293.3,55.7
-0.763,112.269,324.3,1.7,1.3,2016-09-14,05:45,A,77,5.0       ,295.5,47
-0.766,112.254,325.4,1.7,1.3,2016-09-14,05:45,A,78,5.0       ,295.4,50
-0.984,110.751,325.4,2.2,1.5,2016-09-14,05:45,A,64,5.0       ,292.2,70.4
-0.981,110.587,319.2,2.3,1.5,2016-09-14,05:45,A,67,5.0       ,291.2,49.7
-0.763,111.857,330.3,1.8,1.3,2016-09-14,05:45,A,83,5.0       ,293.3,76.4
-0.971,110.37,343.2,2.4,1.5,2016-09-14,05:45,A,86,5.0       ,292.9,185
-0.974,110.349,317.4,2.4,1.5,2016-09-14,05:45,A,45,5.0       ,292.7,45.2
-0.757,111.849,341,1.8,1.3,2016-09-14,05:45,A,90,5.0       ,294.3,119.6
-0.976,110.365,333,2.4,1.5,2016-09-14,05:45,A,85,5.0       ,292.9,123
-0.962,110.363,327.8,2.4,1.5,2016-09-14,05:45,A,76,5.0       ,291.4,96.2
-0.782,111.421,314.8,2,1.4,2016-09-14,05:45,A,43,5.0       ,291.5,25.3
-0.868,110.829,344.2,2.2,1.4,2016-09-14,05:45,A,87,5.0       ,292.6,164.4
-0.621,111.986,346.7,1.8,1.3,2016-09-14,05:45,A,93,5.0       ,294.3,139.1
-0.756,110.788,314.1,2.2,1.4,2016-09-14,05:45,A,31,5.0       ,290.8,25.9
-0.736,110.745,332.3,2.2,1.4,2016-09-14,05:45,A,85,5.0       ,292.7,103
-0.797,110.311,317.8,2.4,1.5,2016-09-14,05:45,A,68,5.0       ,291.3,46.2
-0.495,112.453,326.5,1.6,1.3,2016-09-14,05:45,A,80,5.0       ,294.3,49.1
-0.519,112.216,313.1,1.7,1.3,2016-09-14,05:45,A,46,5.0       ,295.3,16
-0.737,110.739,332.8,2.2,1.4,2016-09-14,05:45,A,85,5.0       ,291.3,103
-0.464,112.433,322.1,1.6,1.3,2016-09-14,05:45,A,17,5.0       ,295,33.9
-0.708,110.755,314.1,2.2,1.4,2016-09-14,05:45,A,38,5.0       ,293.1,27
-0.408,112.742,315.6,1.5,1.2,2016-09-14,05:45,A,64,5.0       ,295.9,21.2
-0.449,112.46,326.6,1.6,1.3,2016-09-14,05:45,A,54,5.0       ,294.9,45.5
-0.465,112.344,328,1.7,1.3,2016-09-14,05:45,A,81,5.0       ,294.2,51.1
-0.472,112.3,316.7,1.7,1.3,2016-09-14,05:45,A,52,5.0       ,295.2,20.4
-0.474,112.285,323,1.7,1.3,2016-09-14,05:45,A,76,5.0       ,295.9,35.9
-0.415,112.615,327,1.6,1.2,2016-09-14,05:45,A,80,5.0       ,295.7,47.3
-0.417,112.601,327.1,1.6,1.2,2016-09-14,05:45,A,80,5.0       ,296,47.7
-0.439,112.444,321.2,1.6,1.3,2016-09-14,05:45,A,47,5.0       ,294.1,31.7
-0.482,112.148,325.8,1.7,1.3,2016-09-14,05:45,A,79,5.0       ,296.2,46.2
-0.484,112.133,319.5,1.7,1.3,2016-09-14,05:45,A,71,5.0       ,296.5,29.9
-0.631,111.113,315.9,2.1,1.4,2016-09-14,05:45,A,65,5.0       ,293.1,36.8
-0.449,112.297,342.1,1.7,1.3,2016-09-14,05:45,A,91,5.0       ,295.8,91.7
-0.653,110.866,317.8,2.2,1.4,2016-09-14,05:45,A,68,5.0       ,290.8,39.7
-0.656,110.847,314,2.2,1.4,2016-09-14,05:45,A,36,5.0       ,290.8,26.9
-0.438,112.295,324.4,1.7,1.3,2016-09-14,05:45,A,77,5.0       ,296,35.2
-0.324,113.017,312,1.5,1.2,2016-09-14,05:45,A,52,5.0       ,295.4,14
-0.326,113.004,312.5,1.5,1.2,2016-09-14,05:45,A,54,5.0       ,295.9,14.7
-0.384,112.596,322.7,1.6,1.2,2016-09-14,05:45,A,75,5.0       ,295.4,35
-0.386,112.582,321.3,1.6,1.2,2016-09-14,05:45,A,50,5.0       ,295.3,31.3
-0.428,112.278,325.1,1.7,1.3,2016-09-14,05:45,A,43,5.0       ,297.2,35.1
-0.314,113.015,355.1,1.5,1.2,2016-09-14,05:45,A,97,5.0       ,296.5,134.7
-0.316,113.002,325.9,1.5,1.2,2016-09-14,05:45,A,79,5.0       ,296.2,38.7
-0.323,112.949,322.1,1.5,1.2,2016-09-14,05:45,A,50,5.0       ,295.6,29.3
-0.642,110.664,329.1,2.3,1.5,2016-09-14,05:45,A,70,5.0       ,290.6,83.5
-0.309,113.022,325.2,1.5,1.2,2016-09-14,05:45,A,73,5.0       ,295.7,35.7
-0.311,113.009,354.4,1.5,1.2,2016-09-14,05:45,A,97,5.0       ,296.8,129.2
-0.319,112.957,322.5,1.5,1.2,2016-09-14,05:45,A,75,5.0       ,295.8,31.1
-0.32,112.944,323.4,1.5,1.2,2016-09-14,05:45,A,76,5.0       ,295.7,34.2
27.824,112.898,318.9,2.6,1.5,2016-09-14,02:40,T,61,5.0       ,298.8,49.6
-11.819,133.408,314.5,4.8,2,2016-09-14,04:05,A,61,5.0       ,293.2,65.4
-8.448,146.32,331.4,1.2,1.1,2016-09-14,04:05,A,84,5.0       ,295.2,35.1
-9.058,141.304,326.7,1.2,1.1,2016-09-14,04:05,A,80,5.0       ,299.2,21.3
-9.048,141.303,327.2,1.2,1.1,2016-09-14,04:05,A,80,5.0       ,299,22.9
-7.797,138.133,320.6,1.8,1.3,2016-09-14,04:05,A,73,5.0       ,293.2,42.3
-6.259,145.573,314.3,1.2,1.1,2016-09-14,04:05,A,57,5.0       ,293.8,8
-5.926,146.96,316.1,1.4,1.2,2016-09-14,04:05,A,32,5.0       ,289.5,13.7
-4.483,144.133,315.9,1.1,1,2016-09-14,04:05,A,34,5.0       ,292.6,10.1
5.446,95.512,332.2,1.5,1.2,2016-09-14,04:25,T,84,5.0       ,296.8,54.6
5.444,95.525,323.1,1.5,1.2,2016-09-14,04:25,T,76,5.0       ,295.9,33.1
5.435,95.511,342.4,1.5,1.2,2016-09-14,04:25,T,91,5.0       ,296.6,84.8
5.433,95.524,331.6,1.5,1.2,2016-09-14,04:25,T,84,5.0       ,295.9,52.5
1.425,100.802,311.7,4.7,2,2016-09-14,04:25,T,39,5.0       ,286.6,63.6
1.392,100.672,318.3,4.6,2,2016-09-14,04:25,T,41,5.0       ,287.5,112.9
1.426,100.795,312.1,4.7,2,2016-09-14,04:25,T,39,5.0       ,286.8,64.1
1.392,100.664,316.7,4.6,2,2016-09-14,04:25,T,47,5.0       ,287.5,98.5
24.2,97.733,313.8,1.1,1.1,2016-09-14,04:20,T,59,5.0       ,297.5,11.3
24.189,97.799,314.6,1.1,1.1,2016-09-14,04:20,T,33,5.0       ,297.2,10.6
0.73,110.743,312,2.1,1.4,2016-09-14,05:45,A,52,5.0       ,287.7,21.8
0.816,111.152,320,1.9,1.4,2016-09-14,05:45,A,59,5.0       ,294.3,36.6
0.814,111.135,320.3,2,1.4,2016-09-14,05:45,A,63,5.0       ,294.3,38.1
0.743,110.567,320.8,2.2,1.4,2016-09-14,05:45,A,73,5.0       ,294.9,50
0.725,110.451,311.3,2.2,1.4,2016-09-14,05:45,A,28,5.0       ,291.2,21.6
0.851,111.217,332.8,1.9,1.4,2016-09-14,05:45,A,85,5.0       ,293,85.6
0.909,111.364,312.9,1.9,1.3,2016-09-14,05:45,A,53,5.0       ,292.4,20.4
0.865,111.056,315.8,2,1.4,2016-09-14,05:45,A,65,5.0       ,292.1,31.6
0.805,110.637,322.3,2.1,1.4,2016-09-14,05:45,A,75,5.0       ,294.7,54.4
0.635,109.45,312.5,2.7,1.6,2016-09-14,05:45,A,55,5.0       ,292.6,33.6
0.894,111.176,313.8,1.9,1.4,2016-09-14,05:45,A,35,5.0       ,292.5,21.5
0.867,111.051,319.4,2,1.4,2016-09-14,05:45,A,71,5.0       ,291.3,45.9
0.804,110.631,317.6,2.1,1.4,2016-09-14,05:45,A,68,5.0       ,294.8,37.2
0.898,111.17,310.6,1.9,1.4,2016-09-14,05:45,A,14,5.0       ,290.6,14.3
0.639,109.444,315,2.7,1.6,2016-09-14,05:45,A,63,5.0       ,292.2,45.7
0.952,111.369,315.7,1.9,1.3,2016-09-14,05:45,A,64,5.0       ,292.1,29.4
0.966,111.299,312.2,1.9,1.3,2016-09-14,05:45,A,20,5.0       ,289.5,18.4
0.771,109.956,322.5,2.4,1.5,2016-09-14,05:45,A,75,5.0       ,294.5,67.6
0.767,109.934,311.9,2.4,1.5,2016-09-14,05:45,A,51,5.0       ,294.7,25.1
0.988,111.323,320.4,1.9,1.3,2016-09-14,05:45,A,63,5.0       ,289.8,46.2
0.779,109.948,325,2.4,1.5,2016-09-14,05:45,A,78,5.0       ,294.5,76.6
1.004,111.183,319.2,1.9,1.4,2016-09-14,05:45,A,62,5.0       ,290.4,44.6
0.845,110.112,323.4,2.3,1.5,2016-09-14,05:45,A,76,5.0       ,293,74.7
1.117,111.537,313.6,1.8,1.3,2016-09-14,05:45,A,59,5.0       ,291.1,21.3
1.111,111.532,315.4,1.8,1.3,2016-09-14,05:45,A,64,5.0       ,290.9,24.5
1.071,110.936,312.5,2,1.4,2016-09-14,05:45,A,54,5.0       ,294.3,20.1
1.069,110.918,317.3,2,1.4,2016-09-14,05:45,A,68,5.0       ,294.8,34.3
1.247,111.892,314.3,1.7,1.3,2016-09-14,05:45,A,61,5.0       ,291.9,23.9
1.131,111,315.6,2,1.4,2016-09-14,05:45,A,64,5.0       ,293.6,28.5
1.182,111.273,313.9,1.9,1.3,2016-09-14,05:45,A,60,5.0       ,292.8,23
1.134,110.993,313.4,2,1.4,2016-09-14,05:45,A,58,5.0       ,293.6,24.7
1.19,111.281,312.7,1.9,1.3,2016-09-14,05:45,A,55,5.0       ,293,20.9
1.21,110.999,313.6,2,1.4,2016-09-14,05:45,A,57,5.0       ,293.3,26.7
2.704,114.177,310.2,1.1,1.1,2016-09-14,05:45,A,27,5.0       ,294.4,8.6
2.791,114.148,323.7,1.1,1.1,2016-09-14,05:45,A,67,5.0       ,291.9,27.2
3.454,114.831,319.6,1.1,1,2016-09-14,05:45,A,71,5.0       ,294.9,17.1
3.463,114.83,316.8,1.1,1,2016-09-14,05:45,A,47,5.0       ,295.5,13.5
3.467,114.733,316.2,1.1,1,2016-09-14,05:45,A,42,5.0       ,295.8,11.9
3.563,114.818,310.2,1.1,1,2016-09-14,05:45,A,33,5.0       ,295.9,6.2
3.763,114.93,332.6,1,1,2016-09-14,05:45,A,85,5.0       ,296.5,33.8
3.762,114.92,337.6,1,1,2016-09-14,05:45,A,88,5.0       ,297.5,41.6
3.77,114.91,345.4,1,1,2016-09-14,05:45,A,93,5.0       ,298.3,55.5
21.688,108.406,316.5,1.4,1.2,2016-09-14,05:50,A,43,5.0       ,297.5,14.5
22.568,112.583,317.7,1,1,2016-09-14,05:50,A,68,5.0       ,304.4,11.1
22.803,112.681,317.4,1,1,2016-09-14,05:50,A,68,5.0       ,304.1,10.5
22.421,109.291,316,1.2,1.1,2016-09-14,05:50,A,63,5.0       ,299.2,11.5
22.376,108.408,325.3,1.3,1.1,2016-09-14,05:50,A,78,5.0       ,296.5,33.3
22.374,108.395,315.3,1.3,1.1,2016-09-14,05:50,A,63,5.0       ,296.2,14.4
23.244,111.574,318.2,1,1,2016-09-14,05:50,A,69,5.0       ,302.1,12.2
23.045,109.66,320.2,1.1,1.1,2016-09-14,05:50,A,37,5.0       ,301.2,14.5
23.416,111.875,324.6,1,1,2016-09-14,05:50,A,78,5.0       ,300.7,22.1
23.833,113.096,313.7,1,1,2016-09-14,05:50,A,46,5.0       ,297.6,8.6
24.26,109.384,323.7,1.1,1.1,2016-09-14,05:50,A,48,5.0       ,302.4,16.2
23.877,106.221,310.7,1.7,1.3,2016-09-14,05:50,A,42,5.0       ,295.5,15
6.031,125.128,311.6,3.6,1.8,2016-09-14,02:45,T,22,5.0       ,289.3,62.4
2.182,117.78,311.7,1.2,1.1,2016-09-14,02:50,T,36,5.0       ,294.3,10.8
1.018,109.096,317.1,2,1.4,2016-09-14,02:50,T,61,5.0       ,297.4,27.3
-1.72,114.84,315.9,1,1,2016-09-14,02:50,T,63,5.0       ,299.1,10.7
-2.207,113.088,319.5,1,1,2016-09-14,02:50,T,51,5.0       ,300.1,12.1
-1.851,110.1,338.3,1.5,1.2,2016-09-14,02:50,T,89,5.0       ,298.1,70.3
-2.87,115.268,312.9,1,1,2016-09-14,02:50,T,38,5.0       ,294.4,7.9
-2.928,113.104,314.9,1,1,2016-09-14,02:50,T,62,5.0       ,299.2,10.8
-2.999,108.191,328.7,2,1.4,2016-09-14,02:50,T,77,5.0       ,297.6,65.7
-6.989,115.613,322.5,1.2,1.1,2016-09-14,02:50,T,65,5.0       ,302.5,16.6
-6.991,115.623,320.6,1.2,1.1,2016-09-14,02:50,T,61,5.0       ,302.5,13.3
-7.027,110.536,322.1,1.2,1.1,2016-09-14,02:50,T,75,5.0       ,301.3,13.4
-8.11,118.031,315.7,1.7,1.3,2016-09-14,02:50,T,0,5.0       ,302.5,24.5
-8.148,118.137,321.2,1.8,1.3,2016-09-14,02:50,T,0,5.0       ,305.8,26.2
-7.39,112.754,323.5,1,1,2016-09-14,02:50,T,55,5.0       ,305.4,9.5
-8.251,118.13,355.8,1.8,1.3,2016-09-14,02:50,T,98,5.0       ,307,154.7
-8.316,118.113,320,1.8,1.3,2016-09-14,02:50,T,57,5.0       ,301.6,25.4
-8.318,118.13,328,1.8,1.3,2016-09-14,02:50,T,65,5.0       ,302.1,44.7
-7.796,114.323,329.5,1,1,2016-09-14,02:50,T,35,5.0       ,305.4,16.9
-7.562,112.606,323.4,1,1,2016-09-14,02:50,T,46,5.0       ,305.5,11
-7.563,112.615,324.1,1,1,2016-09-14,02:50,T,39,5.0       ,307.5,11.6
-7.874,114.295,321,1,1,2016-09-14,02:50,T,36,5.0       ,301.1,12
-8.347,117.497,314.8,1.6,1.2,2016-09-14,02:50,T,39,5.0       ,301.4,16.9
-8.864,120.684,312.5,2.8,1.6,2016-09-14,02:50,T,30,5.0       ,296.5,37.5
-8.874,120.761,316.7,2.9,1.6,2016-09-14,02:50,T,0,5.0       ,297.8,53.4
-0.322,112.93,333.4,1.5,1.2,2016-09-14,05:45,A,85,5.0       ,296.1,58.8
-0.612,110.972,312.6,2.1,1.4,2016-09-14,05:45,A,55,5.0       ,293.9,28.1
-0.304,112.981,317.3,1.5,1.2,2016-09-14,05:45,A,47,5.0       ,296.2,20
-0.359,112.602,321.8,1.6,1.2,2016-09-14,05:45,A,63,5.0       ,294.7,33.3
-0.395,112.358,322,1.6,1.3,2016-09-14,05:45,A,75,5.0       ,295.3,32.3
-0.402,112.314,319.2,1.7,1.3,2016-09-14,05:45,A,71,5.0       ,296.7,24.9
-0.404,112.3,317.7,1.7,1.3,2016-09-14,05:45,A,38,5.0       ,296.5,20.2
-0.642,110.679,322.1,2.2,1.5,2016-09-14,05:45,A,75,5.0       ,291.9,57.1
-0.703,110.265,336.1,2.4,1.5,2016-09-14,05:45,A,87,5.0       ,291.4,145.8
-0.286,113.032,321.2,1.5,1.2,2016-09-14,05:45,A,74,5.0       ,295.5,30.4
-0.287,113.019,335.6,1.5,1.2,2016-09-14,05:45,A,87,5.0       ,296.2,66.3
-0.332,112.711,317.4,1.5,1.2,2016-09-14,05:45,A,68,5.0       ,295.2,25.7
-0.375,112.415,325.9,1.6,1.3,2016-09-14,05:45,A,79,5.0       ,295.4,40.7
-0.6,110.873,318.1,2.2,1.4,2016-09-14,05:45,A,69,5.0       ,293.5,43.6
-0.603,110.854,311,2.2,1.4,2016-09-14,05:45,A,36,5.0       ,292.6,21.3
-0.284,112.966,332.9,1.5,1.2,2016-09-14,05:45,A,85,5.0       ,295.7,55.5
-0.286,112.952,333.6,1.5,1.2,2016-09-14,05:45,A,86,5.0       ,296.1,59.1
-0.288,112.939,322.8,1.5,1.2,2016-09-14,05:45,A,76,5.0       ,295.8,32.3
-0.35,112.514,317.7,1.6,1.2,2016-09-14,05:45,A,56,5.0       ,293.8,23.9
-0.601,110.774,312.5,2.2,1.4,2016-09-14,05:45,A,47,5.0       ,288.2,29.2
-0.698,110.107,317.5,2.5,1.5,2016-09-14,05:45,A,68,5.0       ,292.3,50.1
-0.285,112.884,313.8,1.5,1.2,2016-09-14,05:45,A,59,5.0       ,295.4,16
-0.326,112.597,332.2,1.6,1.2,2016-09-14,05:45,A,85,5.0       ,295.1,62.1
-0.338,112.512,318.4,1.6,1.2,2016-09-14,05:45,A,61,5.0       ,294.4,25.9
-0.261,112.975,326.8,1.5,1.2,2016-09-14,05:45,A,80,5.0       ,295.6,41.6
-0.559,110.887,318,2.2,1.4,2016-09-14,05:45,A,69,5.0       ,292.1,45.5
3.779,114.908,327.3,1,1,2016-09-14,05:45,A,62,5.0       ,296.2,23.7
3.815,115.027,323,1,1,2016-09-14,05:45,A,76,5.0       ,295.9,20.7
3.813,115.017,331.3,1,1,2016-09-14,05:45,A,84,5.0       ,295.9,32.9
3.8,114.858,323.2,1,1,2016-09-14,05:45,A,76,5.0       ,295.6,19.2
3.853,115.044,342.5,1,1,2016-09-14,05:45,A,91,5.0       ,296.1,52.1
3.851,115.034,324.4,1,1,2016-09-14,05:45,A,77,5.0       ,296.3,21.6
3.765,114.38,313.3,1.1,1,2016-09-14,05:45,A,58,5.0       ,295,8.3
3.871,115.041,321.6,1,1,2016-09-14,05:45,A,74,5.0       ,296.3,18.6
3.908,114.53,316,1.1,1,2016-09-14,05:45,A,65,5.0       ,292.9,13.8
10.862,106.934,311.6,2.8,1.6,2016-09-14,05:50,A,37,5.0       ,289.5,36.2
15.927,108.264,317.6,1.8,1.3,2016-09-14,05:50,A,34,5.0       ,296.3,18.3
16.374,107.642,313,1.9,1.3,2016-09-14,05:50,A,52,5.0       ,293.7,19.2
20.885,109.711,317.4,1.2,1.1,2016-09-14,05:50,A,64,5.0       ,297.6,13.7
22.023,112.178,320.1,1,1,2016-09-14,05:50,A,72,5.0       ,298.8,14.3
0.602,113.223,325.1,1.4,1.2,2016-09-14,05:45,A,72,5.0       ,296.5,34
0.598,113.198,315.8,1.4,1.2,2016-09-14,05:45,A,37,5.0       ,296.2,16.9
0.612,113.222,317.6,1.4,1.2,2016-09-14,05:45,A,19,5.0       ,296.5,19.7
0.152,110.04,316.2,2.4,1.5,2016-09-14,05:45,A,51,5.0       ,288.5,44.6
0.856,114.696,320.9,1.1,1.1,2016-09-14,05:45,A,46,5.0       ,295.7,18.9
0.637,113.2,328.7,1.4,1.2,2016-09-14,05:45,A,82,5.0       ,296.4,44.9
0.635,113.188,310.4,1.4,1.2,2016-09-14,05:45,A,38,5.0       ,296,9.4
0.353,111.125,315.1,2,1.4,2016-09-14,05:45,A,58,5.0       ,294,25.5
0.351,111.108,313.1,2,1.4,2016-09-14,05:45,A,48,5.0       ,294.6,21.2
0.897,114.711,328.2,1.1,1.1,2016-09-14,05:45,A,81,5.0       ,295.3,31.8
0.267,110.363,312,2.3,1.5,2016-09-14,05:45,A,52,5.0       ,289.5,25.7
0.447,111.513,319,1.9,1.3,2016-09-14,05:45,A,71,5.0       ,295.1,36
0.677,112.918,322.7,1.4,1.2,2016-09-14,05:45,A,76,5.0       ,296,29.8
0.888,114.072,311.5,1.2,1.1,2016-09-14,05:45,A,49,5.0       ,294.5,9.8
0.507,111.204,319.7,2,1.4,2016-09-14,05:45,A,72,5.0       ,294.8,39.4
0.51,111.198,318.9,2,1.4,2016-09-14,05:45,A,69,5.0       ,294.6,35.6
0.634,111.703,326.4,1.8,1.3,2016-09-14,05:45,A,79,5.0       ,297.1,48.9
0.631,111.687,326.8,1.8,1.3,2016-09-14,05:45,A,80,5.0       ,295.6,50.9
0.583,111.275,315.8,1.9,1.4,2016-09-14,05:45,A,61,5.0       ,294.3,27.1
0.581,111.258,323,1.9,1.4,2016-09-14,05:45,A,76,5.0       ,293.9,50.2
0.553,111.066,311.4,2,1.4,2016-09-14,05:45,A,33,5.0       ,285.4,24.4
0.593,111.054,316.1,2,1.4,2016-09-14,05:45,A,65,5.0       ,287.6,39.1
0.657,111.396,323.5,1.9,1.3,2016-09-14,05:45,A,76,5.0       ,294,51.6
0.654,111.379,315.8,1.9,1.3,2016-09-14,05:45,A,64,5.0       ,294.8,28.5
0.589,110.945,318.9,2,1.4,2016-09-14,05:45,A,70,5.0       ,288.2,49.9
0.586,110.833,325,2.1,1.4,2016-09-14,05:45,A,74,5.0       ,288.1,68.1
0.733,111.666,325,1.8,1.3,2016-09-14,05:45,A,78,5.0       ,294.8,51
0.453,109.655,311.9,2.6,1.5,2016-09-14,05:45,A,51,5.0       ,292,31.6
0.685,111.166,315.5,2,1.4,2016-09-14,05:45,A,64,5.0       ,291.5,29.1
0.736,111.35,332,1.9,1.3,2016-09-14,05:45,A,82,5.0       ,291.7,74.9
0.664,111.002,314.5,2,1.4,2016-09-14,05:45,A,61,5.0       ,292.6,28.1
0.757,111.46,318.8,1.8,1.3,2016-09-14,05:45,A,70,5.0       ,294.2,32.4
0.767,111.441,315.5,1.9,1.3,2016-09-14,05:45,A,37,5.0       ,293,21.7
0.696,110.961,314,2,1.4,2016-09-14,05:45,A,60,5.0       ,291,28.1
0.812,111.502,313.8,1.8,1.3,2016-09-14,05:45,A,55,5.0       ,294,21.8
0.776,111.165,319.1,1.9,1.4,2016-09-14,05:45,A,70,5.0       ,291,37.6
0.732,110.863,324.5,2.1,1.4,2016-09-14,05:45,A,78,5.0       ,291.7,63.2
0.734,110.856,333.7,2.1,1.4,2016-09-14,05:45,A,86,5.0       ,292,99
-0.25,112.974,320,1.5,1.2,2016-09-14,05:45,A,72,5.0       ,296.2,27.7
-0.266,112.787,318.2,1.5,1.2,2016-09-14,05:45,A,69,5.0       ,295.1,24.6
-0.285,112.648,311.4,1.6,1.2,2016-09-14,05:45,A,49,5.0       ,295.1,12.2
-0.287,112.634,319.2,1.6,1.2,2016-09-14,05:45,A,71,5.0       ,296,27
-0.291,112.606,312.8,1.6,1.2,2016-09-14,05:45,A,40,5.0       ,295.6,13.3
-0.303,112.522,329.2,1.6,1.2,2016-09-14,05:45,A,82,5.0       ,295.7,54.4
-0.305,112.507,330.8,1.6,1.2,2016-09-14,05:45,A,83,5.0       ,296,58.6
-0.532,110.804,312.4,2.2,1.4,2016-09-14,05:45,A,48,5.0       ,294.3,22
-0.284,112.641,320.8,1.6,1.2,2016-09-14,05:45,A,39,5.0       ,295.7,28
-0.303,112.515,334,1.6,1.2,2016-09-14,05:45,A,86,5.0       ,296.1,68.7
-0.265,112.695,315.4,1.5,1.2,2016-09-14,05:45,A,58,5.0       ,295.4,17.3
-0.461,111.369,312.7,2,1.4,2016-09-14,05:45,A,39,5.0       ,291.9,23.2
-0.203,113.04,328.5,1.5,1.2,2016-09-14,05:45,A,73,5.0       ,296.3,45.7
-0.205,113.027,328.5,1.5,1.2,2016-09-14,05:45,A,72,5.0       ,296.2,45.4
-0.529,110.816,311.2,2.2,1.4,2016-09-14,05:45,A,47,5.0       ,294.3,19.2
-0.216,112.799,316.5,1.5,1.2,2016-09-14,05:45,A,23,5.0       ,294.5,19.2
-0.235,112.591,327.3,1.6,1.2,2016-09-14,05:45,A,80,5.0       ,295.3,47.1
-0.237,112.577,338.9,1.6,1.2,2016-09-14,05:45,A,89,5.0       ,295.6,83.3
-0.243,112.535,327.4,1.6,1.2,2016-09-14,05:45,A,80,5.0       ,295.7,48.2
-0.247,112.507,315.3,1.6,1.2,2016-09-14,05:45,A,61,5.0       ,295.2,19
-0.266,112.214,324.8,1.7,1.3,2016-09-14,05:45,A,78,5.0       ,294.9,47.4
-0.268,112.199,337.6,1.7,1.3,2016-09-14,05:45,A,88,5.0       ,296,89
-0.217,112.474,328.9,1.6,1.2,2016-09-14,05:45,A,82,5.0       ,295.6,55.3
-0.219,112.459,310.7,1.6,1.2,2016-09-14,05:45,A,28,5.0       ,295.2,11.9
-0.382,111.304,315.1,2,1.4,2016-09-14,05:45,A,59,5.0       ,291.9,34.7
-0.489,110.547,314.3,2.3,1.5,2016-09-14,05:45,A,61,5.0       ,294.2,30.9
-0.216,112.483,319,1.6,1.2,2016-09-14,05:45,A,71,5.0       ,295.3,29.9
-0.218,112.468,322.5,1.6,1.2,2016-09-14,05:45,A,75,5.0       ,295.5,38.7
-0.38,111.299,312.1,2,1.4,2016-09-14,05:45,A,36,5.0       ,290.2,26.7
-0.492,110.543,313.6,2.3,1.5,2016-09-14,05:45,A,59,5.0       ,294.3,28.5
-0.221,112.294,322.5,1.7,1.3,2016-09-14,05:45,A,75,5.0       ,293.6,39.5
-0.172,112.549,331.7,1.6,1.2,2016-09-14,05:45,A,84,5.0       ,295.6,61.2
-0.127,112.782,310.2,1.5,1.2,2016-09-14,05:45,A,20,5.0       ,294.3,10.5
-0.129,112.767,321.4,1.5,1.2,2016-09-14,05:45,A,74,5.0       ,295.1,33.3
-0.157,112.575,315.4,1.6,1.2,2016-09-14,05:45,A,54,5.0       ,295,21.6
-0.508,110.158,316,2.5,1.5,2016-09-14,05:45,A,65,5.0       ,291.9,44.6
-0.183,112.316,321.5,1.6,1.3,2016-09-14,05:45,A,39,5.0       ,295.3,33.8
-0.173,112.225,311.6,1.7,1.3,2016-09-14,05:45,A,43,5.0       ,294.6,14.8
-0.371,110.828,310.9,2.2,1.4,2016-09-14,05:45,A,39,5.0       ,293.8,19
-0.374,110.809,317.4,2.2,1.4,2016-09-14,05:45,A,68,5.0       ,294.8,36.8
-0.377,110.79,334.2,2.2,1.4,2016-09-14,05:45,A,86,5.0       ,294.9,107.6
-0.38,110.77,315.9,2.2,1.4,2016-09-14,05:45,A,65,5.0       ,294.9,31
-0.074,112.842,321.7,1.5,1.2,2016-09-14,05:45,A,74,5.0       ,295.3,33.6
-0.131,112.442,316.5,1.6,1.2,2016-09-14,05:45,A,42,5.0       ,294.9,23.2
-0.139,112.384,313.6,1.6,1.3,2016-09-14,05:45,A,59,5.0       ,295,19
-0.122,112.427,315.9,1.6,1.2,2016-09-14,05:45,A,36,5.0       ,295,21.5
-0.159,112.161,319.8,1.7,1.3,2016-09-14,05:45,A,72,5.0       ,295,31.4
-0.161,112.146,321.9,1.7,1.3,2016-09-14,05:45,A,75,5.0       ,295,37
-0.286,111.25,315.3,2,1.4,2016-09-14,05:45,A,63,5.0       ,292.6,32.3
-0.304,111.123,321.4,2,1.4,2016-09-14,05:45,A,48,5.0       ,292,43.9
-0.071,112.835,321.6,1.5,1.2,2016-09-14,05:45,A,40,5.0       ,295.6,30.9
-0.372,110.821,316.2,2.2,1.4,2016-09-14,05:45,A,56,5.0       ,294.2,32.7
-0.374,110.802,317,2.2,1.4,2016-09-14,05:45,A,44,5.0       ,294.7,32.7
-0.048,112.845,347.3,1.5,1.2,2016-09-14,05:45,A,94,5.0       ,295.8,105
-0.05,112.831,341.7,1.5,1.2,2016-09-14,05:45,A,91,5.0       ,296.7,84.5
-0.012,113.014,327.9,1.5,1.2,2016-09-14,05:45,A,81,5.0       ,296.1,44.7
-0.037,112.843,346.5,1.5,1.2,2016-09-14,05:45,A,93,5.0       ,296.2,104.2
-0.039,112.83,341.3,1.5,1.2,2016-09-14,05:45,A,91,5.0       ,296.8,85
-0.127,112.227,333,1.7,1.3,2016-09-14,05:45,A,85,5.0       ,292.6,71
-0.129,112.212,340.1,1.7,1.3,2016-09-14,05:45,A,90,5.0       ,294.8,96.5
0.006,113.064,314.2,1.4,1.2,2016-09-14,05:45,A,61,5.0       ,294.8,17.2
0.004,113.051,332.7,1.4,1.2,2016-09-14,05:45,A,85,5.0       ,295.7,57.4
0.001,113.026,314.5,1.5,1.2,2016-09-14,05:45,A,61,5.0       ,295.2,16.4
-0.001,113.013,333.4,1.5,1.2,2016-09-14,05:45,A,85,5.0       ,295.9,60.1
-0.113,112.24,312.4,1.7,1.3,2016-09-14,05:45,A,54,5.0       ,291.9,18
-0.129,112.135,321.7,1.7,1.3,2016-09-14,05:45,A,74,5.0       ,292.4,38
-0.033,112.719,321.7,1.5,1.2,2016-09-14,05:45,A,56,5.0       ,295.6,31.4
-0.006,112.825,313.3,1.5,1.2,2016-09-14,05:45,A,55,5.0       ,295.5,15.9
-0.012,112.785,331.4,1.5,1.2,2016-09-14,05:45,A,84,5.0       ,297.1,55.8
-0.016,112.758,313,1.5,1.2,2016-09-14,05:45,A,57,5.0       ,296.2,15.2
-0.022,112.717,328.9,1.5,1.2,2016-09-14,05:45,A,80,5.0       ,296.2,49.5
-0.024,112.704,324.3,1.5,1.2,2016-09-14,05:45,A,65,5.0       ,296.1,37.7
-0.026,112.69,322.8,1.5,1.2,2016-09-14,05:45,A,52,5.0       ,295.5,33.4
-0.417,109.956,312,2.5,1.5,2016-09-14,05:45,A,52,5.0       ,294.4,30.8
-0.088,112.175,319.8,1.7,1.3,2016-09-14,05:45,A,72,5.0       ,289.8,32
-0.253,111.015,315.4,2.1,1.4,2016-09-14,05:45,A,54,5.0       ,294.2,28.2
-0.01,112.646,325.7,1.5,1.2,2016-09-14,05:45,A,79,5.0       ,295.5,40.9
-0.012,112.632,330.1,1.6,1.2,2016-09-14,05:45,A,83,5.0       ,295.8,54.9
-0.064,112.262,343.4,1.7,1.3,2016-09-14,05:45,A,87,5.0       ,289.9,110.7
-0.28,110.728,312.2,2.2,1.4,2016-09-14,05:45,A,53,5.0       ,294.4,21.5
-0.492,109.228,314.9,2.9,1.6,2016-09-14,05:45,A,42,5.0       ,294,44.6
-0.001,112.631,310.9,1.6,1.2,2016-09-14,05:45,A,44,5.0       ,295.8,11.7
-0.065,112.172,322.3,1.7,1.3,2016-09-14,05:45,A,55,5.0       ,292.3,37.1
-0.009,112.641,334.4,1.5,1.2,2016-09-14,05:45,A,86,5.0       ,295.8,67
-0.011,112.627,318,1.6,1.2,2016-09-14,05:45,A,69,5.0       ,295.7,26
-0.252,111.01,317.3,2.1,1.4,2016-09-14,05:45,A,36,5.0       ,294.5,31.5
-0.065,112.182,317.8,1.7,1.3,2016-09-14,05:45,A,42,5.0       ,291.9,26.6
-0.068,112.167,316.3,1.7,1.3,2016-09-14,05:45,A,66,5.0       ,292.5,24.7
-0.282,110.723,312.6,2.2,1.4,2016-09-14,05:45,A,55,5.0       ,294.4,23.6
-0.491,109.223,314.2,2.9,1.6,2016-09-14,05:45,A,28,5.0       ,294,45.2
-0.038,112.209,319.6,1.7,1.3,2016-09-14,05:45,A,71,5.0       ,290.6,32
0.039,112.662,324.4,1.5,1.2,2016-09-14,05:45,A,77,5.0       ,295.7,41
-0.166,111.072,321.2,2.1,1.4,2016-09-14,05:45,A,74,5.0       ,295,47.3
-0.177,110.999,310.8,2.1,1.4,2016-09-14,05:45,A,43,5.0       ,294.4,15.1
-0.24,110.558,313.6,2.3,1.5,2016-09-14,05:45,A,22,5.0       ,291.8,27.6
-0.246,110.518,319.1,2.3,1.5,2016-09-14,05:45,A,43,5.0       ,292.7,42.1
-0.249,110.496,319.2,2.3,1.5,2016-09-14,05:45,A,28,5.0       ,293.4,39.4
0.007,112.202,312.1,1.7,1.3,2016-09-14,05:45,A,40,5.0       ,289.9,18.3
-0.169,110.952,312.8,2.1,1.4,2016-09-14,05:45,A,51,5.0       ,295.6,20.6
-0.132,111.023,311.5,2.1,1.4,2016-09-14,05:45,A,49,5.0       ,294.6,18.8
-0.199,110.482,324.9,2.3,1.5,2016-09-14,05:45,A,78,5.0       ,294.1,68.1
-0.202,110.461,326,2.3,1.5,2016-09-14,05:45,A,79,5.0       ,293.3,74.2
-0.097,111.092,321.6,2,1.4,2016-09-14,05:45,A,74,5.0       ,294.9,49.2
-0.083,110.921,315.2,2.1,1.4,2016-09-14,05:45,A,51,5.0       ,295.6,25.9
-0.086,110.902,327.6,2.1,1.4,2016-09-14,05:45,A,81,5.0       ,295.6,71.1
-0.088,110.884,327.7,2.1,1.4,2016-09-14,05:45,A,81,5.0       ,295.9,71.7
-0.164,110.35,325.9,2.3,1.5,2016-09-14,05:45,A,79,5.0       ,292.9,81.1
0.093,112.076,311.8,1.7,1.3,2016-09-14,05:45,A,38,5.0       ,291.7,18.4
-0.047,111.085,320.7,2,1.4,2016-09-14,05:45,A,66,5.0       ,294.2,44.8
-0.071,110.919,313.7,2.1,1.4,2016-09-14,05:45,A,55,5.0       ,294.6,21.6
-0.073,110.9,314,2.1,1.4,2016-09-14,05:45,A,54,5.0       ,295.5,22.6
0.09,112.071,317.4,1.7,1.3,2016-09-14,05:45,A,41,5.0       ,293.5,28.3
-0.086,110.897,329.7,2.1,1.4,2016-09-14,05:45,A,82,5.0       ,295.8,77.4
-0.089,110.879,320.3,2.1,1.4,2016-09-14,05:45,A,58,5.0       ,295.8,40.7
-0.169,110.346,327.9,2.3,1.5,2016-09-14,05:45,A,81,5.0       ,292.3,90.7
-0.025,111.132,318.3,2,1.4,2016-09-14,05:45,A,69,5.0       ,291.4,37.1
-0.03,110.927,315,2.1,1.4,2016-09-14,05:45,A,63,5.0       ,294.3,26.7
-0.029,110.754,313,2.2,1.4,2016-09-14,05:45,A,57,5.0       ,294.7,22.3
-0.129,110.057,328.7,2.5,1.5,2016-09-14,05:45,A,82,5.0       ,293.4,98.3
0.185,112.164,329.7,1.7,1.3,2016-09-14,05:45,A,83,5.0       ,295.1,57.5
0.181,112.134,337.9,1.7,1.3,2016-09-14,05:45,A,88,5.0       ,292.7,88.1
0.177,112.104,313.7,1.7,1.3,2016-09-14,05:45,A,23,5.0       ,292,20.9
0.193,112.056,321.5,1.7,1.3,2016-09-14,05:45,A,65,5.0       ,290.8,39.2
0.096,111.364,320.1,1.9,1.4,2016-09-14,05:45,A,72,5.0       ,295.4,38.7
0.009,110.748,317.3,2.2,1.4,2016-09-14,05:45,A,68,5.0       ,294,35
-0.118,110.071,315.9,2.5,1.5,2016-09-14,05:45,A,65,5.0       ,294,36.4
0.191,112.049,321.4,1.7,1.3,2016-09-14,05:45,A,74,5.0       ,290.1,38.2
0.22,112.167,331.2,1.7,1.3,2016-09-14,05:45,A,84,5.0       ,294.6,61.9
0.1,111.357,318.2,1.9,1.4,2016-09-14,05:45,A,69,5.0       ,295.2,34.8
0.012,110.76,312.5,2.2,1.4,2016-09-14,05:45,A,55,5.0       ,294.3,20.6
0.231,112.165,328.3,1.7,1.3,2016-09-14,05:45,A,81,5.0       ,295.4,53.9
0.229,112.151,315.6,1.7,1.3,2016-09-14,05:45,A,13,5.0       ,293.9,21
0.221,112.013,318.8,1.7,1.3,2016-09-14,05:45,A,64,5.0       ,291.3,29.7
0.046,110.814,314.1,2.1,1.4,2016-09-14,05:45,A,60,5.0       ,294.2,28.1
0.235,111.949,342.4,1.7,1.3,2016-09-14,05:45,A,91,5.0       ,293.8,109.4
-0.062,109.881,313.3,2.5,1.5,2016-09-14,05:45,A,22,5.0       ,292.9,31.8
0.334,112.401,312.6,1.6,1.2,2016-09-14,05:45,A,30,5.0       ,295.1,14.8
0.023,110.221,311.6,2.4,1.5,2016-09-14,05:45,A,50,5.0       ,292.3,23.2
0.323,112.086,314.5,1.7,1.3,2016-09-14,05:45,A,61,5.0       ,294.9,20.3
0.337,112.023,327.2,1.7,1.3,2016-09-14,05:45,A,80,5.0       ,294.6,53.1
0.335,112.008,320.3,1.7,1.3,2016-09-14,05:45,A,72,5.0       ,293.2,34.3
0.273,111.583,317.2,1.8,1.3,2016-09-14,05:45,A,49,5.0       ,299,29.8
0.106,110.23,322,2.4,1.5,2016-09-14,05:45,A,75,5.0       ,286.9,68.2
0.03,109.699,315,2.6,1.6,2016-09-14,05:45,A,61,5.0       ,295.6,40
0.384,112.108,321,1.7,1.3,2016-09-14,05:45,A,70,5.0       ,294.9,33.7
0.105,110.245,312.4,2.4,1.5,2016-09-14,05:45,A,51,5.0       ,289,29
0.102,110.224,323,2.4,1.5,2016-09-14,05:45,A,76,5.0       ,286.5,73.8
0.022,109.694,315.3,2.6,1.6,2016-09-14,05:45,A,59,5.0       ,296,41.9
0.572,113.24,311.5,1.4,1.2,2016-09-14,05:45,A,49,5.0       ,296.1,12.2
0.571,113.227,313.8,1.4,1.2,2016-09-14,05:45,A,59,5.0       ,296.6,15.6
0.267,111.161,317.9,2,1.4,2016-09-14,05:45,A,69,5.0       ,293.3,35.4
0.211,110.778,316,2.1,1.4,2016-09-14,05:45,A,60,5.0       ,294.1,28.2
28.463,110.073,330.6,1,1,2016-09-14,05:55,A,83,5.0       ,295.2,30.7
29.295,112.234,316.3,1.1,1,2016-09-14,05:55,A,66,5.0       ,300.6,9.8
30.769,112.15,320.4,1.1,1,2016-09-14,05:55,A,68,5.0       ,301.9,9.4
30.818,112.235,322.9,1.1,1,2016-09-14,05:55,A,76,5.0       ,304.7,12.8
30.856,112.037,317.7,1.1,1,2016-09-14,05:55,A,44,5.0       ,301.3,7.3
-1.958,111.165,317.6,1.1,1,2016-09-14,15:10,T,94,5.0       ,279.2,24.6
-1.38,110.38,306.3,1,1,2016-09-14,15:10,T,43,5.0       ,290.9,9.3
26.568,101.668,307.9,1.1,1,2016-09-14,15:20,T,57,5.0       ,292.6,11.1
26.577,101.667,307.9,1.1,1,2016-09-14,15:20,T,55,5.0       ,291.7,11
-2.751,111.579,311.2,1,1,2016-09-14,18:05,A,74,5.0       ,292.6,14.2
27.834,112.893,312.4,1.6,1.2,2016-09-14,18:00,A,79,5.0       ,291.7,26.5
27.832,112.909,308.3,1.6,1.2,2016-09-14,18:00,A,56,5.0       ,291.3,20