latitude,longitude,brightness,scan,track,acq_date,acq_time,satellite,confidence,version,bright_t31,frp
-8.887,120.748,310.4,3.8,1.8,2016-03-13,02:55,T,0,5.0       ,289.3,49.7
-8.878,120.743,311.2,3.8,1.8,2016-03-13,02:55,T,0,5.0       ,290.1,55.3
17.582,120.816,318.1,1.4,1.2,2016-03-13,02:50,T,68,5.0       ,299.5,14
17.349,121.494,314.3,1.5,1.2,2016-03-13,02:50,T,40,5.0       ,296.3,19
15.814,121.155,314.7,1.5,1.2,2016-03-13,02:50,T,0,5.0       ,297.2,18.2
15.813,120.829,318.8,1.5,1.2,2016-03-13,02:50,T,70,5.0       ,300.2,15.2
15.307,120.507,320.1,1.4,1.2,2016-03-13,02:50,T,20,5.0       ,298.8,15.9
15.305,120.52,320.1,1.4,1.2,2016-03-13,02:50,T,31,5.0       ,299,14.6
15.137,120.455,325.1,1.4,1.2,2016-03-13,02:50,T,78,5.0       ,296.7,35.6
15.13,120.462,323.6,1.4,1.2,2016-03-13,02:50,T,75,5.0       ,297.2,31.2
14.71,121.266,311.8,1.6,1.3,2016-03-13,02:50,T,32,5.0       ,297.3,17.9
14.865,120.32,316.5,1.4,1.2,2016-03-13,02:50,T,43,5.0       ,302.7,12.6
14.709,121.275,310.7,1.6,1.3,2016-03-13,02:50,T,32,5.0       ,297.2,17.2
12.937,120.973,314.9,1.7,1.3,2016-03-13,02:50,T,37,5.0       ,300.3,13.9
12.689,121.082,319.9,1.7,1.3,2016-03-13,02:50,T,42,5.0       ,299.5,26.7
12.677,121.08,332.3,1.7,1.3,2016-03-13,02:50,T,84,5.0       ,299.6,63.4
13.874,109.275,312.1,2.4,1.5,2016-03-13,02:50,T,0,5.0       ,295.8,28.1
13.509,106.337,321.3,3.9,1.8,2016-03-13,02:50,T,74,5.0       ,295.1,86.5
12.991,106.937,316.3,3.5,1.8,2016-03-13,02:50,T,56,5.0       ,295.6,39.3
10.719,119.583,315.2,1.5,1.2,2016-03-13,02:50,T,37,5.0       ,297.1,14.5
9.627,122.711,320,2.6,1.6,2016-03-13,02:50,T,72,5.0       ,297.1,56.1
9.623,122.735,315.3,2.7,1.6,2016-03-13,02:50,T,63,5.0       ,295.7,32.5
5.323,116.518,331.8,1.1,1.1,2016-03-13,05:55,A,64,5.0       ,303.9,24.8
5.474,115.554,324.2,1,1,2016-03-13,05:55,A,66,5.0       ,299.6,13.7
5.473,115.545,323.4,1,1,2016-03-13,05:55,A,50,5.0       ,300.5,12.7
5.672,115.922,319.3,1.1,1,2016-03-13,05:55,A,13,5.0       ,298.2,8.8
6.241,116.234,324.2,1.1,1.1,2016-03-13,05:55,A,56,5.0       ,299.7,19.1
6.24,116.224,323.5,1.1,1.1,2016-03-13,05:55,A,51,5.0       ,299.5,16.4
10.139,105.111,315.4,3,1.6,2016-03-13,05:55,A,61,5.0       ,296.5,42.5
10.208,105.34,326,2.8,1.6,2016-03-13,05:55,A,79,5.0       ,299.2,80.7
10.214,105.36,325.2,2.8,1.6,2016-03-13,05:55,A,78,5.0       ,298,78.2
10.21,105.334,326.3,2.8,1.6,2016-03-13,05:55,A,79,5.0       ,299.2,83
10.7,105.456,318.2,2.7,1.6,2016-03-13,05:55,A,44,5.0       ,297.2,39.2
10.705,105.448,318.4,2.7,1.6,2016-03-13,05:55,A,32,5.0       ,297.8,40.2
11.607,108.622,326.5,1.5,1.2,2016-03-13,05:55,A,79,5.0       ,300.9,39.4
11.605,108.608,319.1,1.5,1.2,2016-03-13,05:55,A,59,5.0       ,301.9,23.9
11.616,108.606,317.8,1.5,1.2,2016-03-13,05:55,A,54,5.0       ,301.1,21.5
12.055,108.054,317.5,1.6,1.3,2016-03-13,05:55,A,50,5.0       ,298.5,23.1
12.058,108.062,315.7,1.6,1.3,2016-03-13,05:55,A,43,5.0       ,298.7,22
12.032,107.836,318.9,1.7,1.3,2016-03-13,05:55,A,61,5.0       ,296.1,33.7
11.743,105.891,324.3,2.4,1.5,2016-03-13,05:55,A,48,5.0       ,299.3,47.6
12.147,107.981,317.5,1.6,1.3,2016-03-13,05:55,A,65,5.0       ,297,23.2
12.047,107.232,322.2,1.9,1.3,2016-03-13,05:55,A,62,5.0       ,298.9,34.5
12.237,107.413,317.3,1.8,1.3,2016-03-13,05:55,A,64,5.0       ,291.8,32.2
12.088,106.222,326.2,2.2,1.4,2016-03-13,05:55,A,79,5.0       ,300.9,29.4
12.153,106.534,328,2.1,1.4,2016-03-13,05:55,A,81,5.0       ,298.1,47.7
18.486,97.546,312.6,1.7,1.3,2016-03-13,04:30,T,35,5.0       ,297.7,11.8
18.487,97.539,314.3,1.7,1.3,2016-03-13,04:30,T,36,5.0       ,297.8,14.2
18.647,96.457,318.1,1.4,1.2,2016-03-13,04:30,T,50,5.0       ,301.6,13.1
18.845,94.944,324.1,1.1,1.1,2016-03-13,04:30,T,60,5.0       ,309.3,9.2
18.393,96.74,320.4,1.5,1.2,2016-03-13,04:30,T,50,5.0       ,304.4,15.8
17.966,98.07,312.4,1.9,1.3,2016-03-13,04:30,T,53,5.0       ,299.1,17.9
18.421,94.949,323.4,1.2,1.1,2016-03-13,04:30,T,76,5.0       ,308,14.8
18.419,94.96,320.8,1.2,1.1,2016-03-13,04:30,T,73,5.0       ,308.9,10.6
16.92,101.69,315.9,3.6,1.8,2016-03-13,04:30,T,43,5.0       ,302.7,58.9
18.057,94.916,316.6,1.2,1.1,2016-03-13,04:30,T,61,5.0       ,304.8,11.3
16.498,102.316,321.4,4.1,1.9,2016-03-13,04:30,T,74,5.0       ,301.9,75.6
16.336,102.315,321.3,4.2,1.9,2016-03-13,04:30,T,69,5.0       ,301.1,64.4
16.695,99.331,323.2,2.4,1.5,2016-03-13,04:30,T,72,5.0       ,309.5,35.1
15.605,101.096,323,3.5,1.8,2016-03-13,04:30,T,76,5.0       ,303.3,52.4
15.611,101.09,321.2,3.5,1.8,2016-03-13,04:30,T,69,5.0       ,303.2,39.6
15.638,99.282,320.3,2.5,1.5,2016-03-13,04:30,T,49,5.0       ,304.5,47.1
15.592,99.299,320.2,2.5,1.5,2016-03-13,04:30,T,33,5.0       ,304.8,46.5
15.575,99.395,329.2,2.6,1.5,2016-03-13,04:30,T,82,5.0       ,307.8,76.9
15.569,99.387,327.7,2.6,1.5,2016-03-13,04:30,T,81,5.0       ,308.2,70
15.533,99.352,325.8,2.6,1.5,2016-03-13,04:30,T,79,5.0       ,305.7,61
14.823,101.973,333,4.2,1.9,2016-03-13,04:30,T,85,5.0       ,301.5,182.9
14.815,102.011,325,4.3,1.9,2016-03-13,04:30,T,78,5.0       ,300.7,91.2
14.819,101.967,330.1,4.2,1.9,2016-03-13,04:30,T,83,5.0       ,301.7,148.4
14.812,102.006,327.8,4.3,1.9,2016-03-13,04:30,T,81,5.0       ,300.8,122.7
15.949,95.387,327.6,1.3,1.1,2016-03-13,04:30,T,58,5.0       ,312.1,21.9
15.939,95.385,329.5,1.3,1.1,2016-03-13,04:30,T,65,5.0       ,309.5,28.6
15.226,99.132,313.9,2.5,1.5,2016-03-13,04:30,T,49,5.0       ,302.6,20.3
15.233,99.126,314,2.5,1.5,2016-03-13,04:30,T,60,5.0       ,303,23.9
15.187,99.068,315.8,2.5,1.5,2016-03-13,04:30,T,52,5.0       ,302.6,32.4
15.183,99.091,327.7,2.5,1.5,2016-03-13,04:30,T,81,5.0       ,303.7,86.3
15.165,99.113,320,2.5,1.5,2016-03-13,04:30,T,72,5.0       ,304.1,46.1
15.029,99.691,329.8,2.8,1.6,2016-03-13,04:30,T,83,5.0       ,310.9,55.4
15.172,99.107,318.5,2.5,1.5,2016-03-13,04:30,T,60,5.0       ,303.7,35.9
15.026,99.684,326.8,2.8,1.6,2016-03-13,04:30,T,80,5.0       ,311.1,39.4
14.443,98.9,320.7,2.5,1.5,2016-03-13,04:30,T,52,5.0       ,306.8,45.9
14.485,98.586,314.5,2.4,1.5,2016-03-13,04:30,T,61,5.0       ,299.9,37.7
13.761,99.304,318.3,2.8,1.6,2016-03-13,04:30,T,40,5.0       ,300.2,31
13.759,99.295,318.9,2.8,1.6,2016-03-13,04:30,T,60,5.0       ,299.9,36.6
13.702,99.206,328.3,2.7,1.6,2016-03-13,04:30,T,81,5.0       ,301.8,102.6
13.697,99.231,319,2.8,1.6,2016-03-13,04:30,T,67,5.0       ,299.4,48.2
13.568,99.196,315,2.8,1.6,2016-03-13,04:30,T,49,5.0       ,298,44.7
13.584,99.029,312.9,2.7,1.6,2016-03-13,04:30,T,54,5.0       ,300.2,31.2
13.578,99.192,317.7,2.8,1.6,2016-03-13,04:30,T,67,5.0       ,298.2,58.4
13.182,93.04,310.4,1.1,1,2016-03-13,04:30,T,0,5.0       ,300.2,5.6
12.965,92.883,311.6,1.1,1,2016-03-13,04:30,T,0,5.0       ,301.1,5.8
12.703,92.973,311.7,1.1,1,2016-03-13,04:30,T,0,5.0       ,299.6,6.4
12.195,92.856,310.1,1.1,1,2016-03-13,04:30,T,27,5.0       ,300.1,5.5
12.161,92.831,310.3,1.1,1,2016-03-13,04:30,T,23,5.0       ,300,4.5
12.028,92.747,310.3,1.1,1,2016-03-13,04:30,T,30,5.0       ,300.2,5.2
11.901,92.603,312,1.1,1,2016-03-13,04:30,T,0,5.0       ,301,6.1
7.336,93.741,310.2,1.4,1.2,2016-03-13,04:30,T,0,5.0       ,297.2,11.3
26.569,101.669,317.7,2.2,1.4,2016-03-13,04:25,T,68,5.0       ,302.2,36
26.634,93.214,314.3,1,1,2016-03-13,04:25,T,51,5.0       ,294.5,10.5
25.501,97.204,311.3,1.2,1.1,2016-03-13,04:25,T,15,5.0       ,297.9,11.8
25.499,97.216,317.7,1.2,1.1,2016-03-13,04:25,T,66,5.0       ,299.4,19
26.02,92.113,310.7,1.1,1.1,2016-03-13,04:25,T,42,5.0       ,296.4,6.6
25.708,93.58,313.2,1,1,2016-03-13,04:25,T,57,5.0       ,299.5,6.5
25.605,94.159,314.1,1,1,2016-03-13,04:25,T,35,5.0       ,300,10.1
25.854,91.976,323.9,1.1,1.1,2016-03-13,04:25,T,77,5.0       ,298.3,24.4
25.826,91.971,315.2,1.1,1.1,2016-03-13,04:25,T,61,5.0       ,297.7,11.4
25.825,91.982,310.8,1.1,1.1,2016-03-13,04:25,T,35,5.0       ,297.6,6.6
25.458,94.03,313.3,1,1,2016-03-13,04:25,T,39,5.0       ,295.5,12.1
25.709,92.092,342.8,1.1,1,2016-03-13,04:25,T,91,5.0       ,300,58
25.708,92.103,330.7,1.1,1,2016-03-13,04:25,T,83,5.0       ,299.1,34.4
25.723,91.915,312.2,1.1,1.1,2016-03-13,04:25,T,53,5.0       ,296.3,9.1
25.708,91.838,320.3,1.1,1.1,2016-03-13,04:25,T,72,5.0       ,297.3,20.5
25.707,91.849,315.7,1.1,1.1,2016-03-13,04:25,T,64,5.0       ,298.1,14
25.65,91.988,332.3,1.1,1.1,2016-03-13,04:25,T,85,5.0       ,300.4,36.3
25.649,91.999,313.9,1.1,1.1,2016-03-13,04:25,T,57,5.0       ,298.9,8.5
25.572,92.436,334.3,1.1,1,2016-03-13,04:25,T,86,5.0       ,300.3,36.9
24.764,97.303,320.7,1.3,1.1,2016-03-13,04:25,T,61,5.0       ,301,19.4
25.581,91.814,313.6,1.1,1.1,2016-03-13,04:25,T,44,5.0       ,297.1,9.1
25.572,91.813,313.6,1.1,1.1,2016-03-13,04:25,T,33,5.0       ,298.6,9.5
25.57,91.823,313.7,1.1,1.1,2016-03-13,04:25,T,35,5.0       ,296.9,10.4
25.381,92.826,321.8,1,1,2016-03-13,04:25,T,74,5.0       ,301.9,18.8
25.38,92.836,325.3,1,1,2016-03-13,04:25,T,78,5.0       ,299.6,22.7
23.437,103.207,311.3,3.4,1.7,2016-03-13,04:25,T,41,5.0       ,296.4,43.4
24.54,97.347,317.1,1.3,1.1,2016-03-13,04:25,T,58,5.0       ,297.4,16.9
23.433,103.241,312.4,3.4,1.7,2016-03-13,04:25,T,27,5.0       ,298.4,46.6
24.329,96.822,311.1,1.2,1.1,2016-03-13,04:25,T,41,5.0       ,298.1,9.9
23.912,98.009,318.6,1.4,1.2,2016-03-13,04:25,T,46,5.0       ,301.1,17.5
24.095,94.259,317,1,1,2016-03-13,04:25,T,45,5.0       ,299.6,12
23.756,95.955,326.8,1.1,1.1,2016-03-13,04:25,T,71,5.0       ,302.9,23.3
23.775,95.496,318.3,1.1,1,2016-03-13,04:25,T,45,5.0       ,301.9,11
23.766,95.495,323.2,1.1,1,2016-03-13,04:25,T,66,5.0       ,303.3,16.7
23.739,95.543,318.4,1.1,1,2016-03-13,04:25,T,59,5.0       ,303.1,9.2
23.63,95.886,324.5,1.1,1.1,2016-03-13,04:25,T,78,5.0       ,306.5,14.6
23.601,95.771,343.3,1.1,1,2016-03-13,04:25,T,92,5.0       ,309,43.9
23.599,95.781,336.3,1.1,1,2016-03-13,04:25,T,87,5.0       ,309.9,29.5
23.578,95.909,320.4,1.1,1.1,2016-03-13,04:25,T,73,5.0       ,306,9.4
22.812,100.197,313.4,2.1,1.4,2016-03-13,04:25,T,58,5.0       ,297.1,36.8
22.808,100.217,314.3,2.1,1.4,2016-03-13,04:25,T,61,5.0       ,296.6,38.9
23.881,93.91,311.8,1,1,2016-03-13,04:25,T,34,5.0       ,298.5,7.8
22.808,100.211,320.5,2.1,1.4,2016-03-13,04:25,T,73,5.0       ,296.5,60.1
23.879,93.735,337.1,1,1,2016-03-13,04:25,T,77,5.0       ,297.7,36.8
23.467,96.381,319.8,1.2,1.1,2016-03-13,04:25,T,67,5.0       ,305.4,9.2
23.423,96.525,319.4,1.2,1.1,2016-03-13,04:25,T,66,5.0       ,302.8,15.9
23.587,95.397,320.4,1.1,1,2016-03-13,04:25,T,56,5.0       ,305.2,10.6
23.885,93.378,316.4,1,1,2016-03-13,04:25,T,66,5.0       ,296.6,12
23.904,93.182,316.6,1,1,2016-03-13,04:25,T,51,5.0       ,304.6,12.1
23.54,95.515,323.9,1.1,1,2016-03-13,04:25,T,77,5.0       ,306,9.7
23.448,96.08,323.8,1.1,1.1,2016-03-13,04:25,T,77,5.0       ,307.3,12.8
23.774,93.88,317.1,1,1,2016-03-13,04:25,T,55,5.0       ,298,15.8
12.154,106.527,330.3,2.1,1.4,2016-03-13,05:55,A,83,5.0       ,298.3,57
12.354,107.485,315.9,1.8,1.3,2016-03-13,05:55,A,47,5.0       ,297.9,24.5
12.185,106.024,324.3,2.3,1.5,2016-03-13,05:55,A,77,5.0       ,299.8,30.1
12.267,106.031,329.4,2.3,1.5,2016-03-13,05:55,A,0,5.0       ,301.7,51
12.476,107.11,321.7,1.9,1.3,2016-03-13,05:55,A,74,5.0       ,300.4,30.6
12.579,107.512,319.6,1.7,1.3,2016-03-13,05:55,A,57,5.0       ,298.2,20.5
12.58,107.448,348.1,1.8,1.3,2016-03-13,05:55,A,94,5.0       ,297.5,129
12.587,107.441,326.2,1.8,1.3,2016-03-13,05:55,A,76,5.0       ,301,38.5
12.401,105.973,325.8,2.3,1.5,2016-03-13,05:55,A,79,5.0       ,301.4,37.5
13.155,109.005,314.8,1.3,1.1,2016-03-13,05:55,A,55,5.0       ,298.7,10.8
13.153,108.993,317.8,1.3,1.1,2016-03-13,05:55,A,65,5.0       ,298.8,15.8
13.04,108.084,327.7,1.6,1.2,2016-03-13,05:55,A,81,5.0       ,304.1,30.6
12.723,105.628,324.5,2.4,1.5,2016-03-13,05:55,A,75,5.0       ,293.8,59.8
12.72,105.606,324,2.4,1.5,2016-03-13,05:55,A,75,5.0       ,295.8,55
12.986,106.928,326.9,1.9,1.3,2016-03-13,05:55,A,80,5.0       ,300.9,45.8
13.297,108.675,322.5,1.4,1.2,2016-03-13,05:55,A,31,5.0       ,300.8,21.2
13.285,108.532,326.7,1.4,1.2,2016-03-13,05:55,A,38,5.0       ,304.2,18.3
12.809,105.422,318.6,2.5,1.5,2016-03-13,05:55,A,61,5.0       ,296.7,36.5
12.802,105.419,319.3,2.5,1.5,2016-03-13,05:55,A,40,5.0       ,296.7,37.7
13.018,105.967,328.7,2.2,1.5,2016-03-13,05:55,A,73,5.0       ,297.2,68.8
12.937,105.502,331.9,2.4,1.5,2016-03-13,05:55,A,84,5.0       ,296.2,100.6
12.933,105.48,324.8,2.5,1.5,2016-03-13,05:55,A,78,5.0       ,296,63.4
13.594,109.249,319.6,1.3,1.1,2016-03-13,05:55,A,0,5.0       ,298.3,13.9
6.276,116.539,323.9,1.1,1.1,2016-03-13,02:55,T,77,5.0       ,297.9,20.1
5.483,115.751,320.7,1.1,1,2016-03-13,02:55,T,48,5.0       ,302.4,14
5.476,115.55,327.9,1,1,2016-03-13,02:55,T,52,5.0       ,305.7,18.3
5.467,115.552,323,1,1,2016-03-13,02:55,T,51,5.0       ,302.5,13.2
5.402,115.552,323.9,1,1,2016-03-13,02:55,T,45,5.0       ,305.2,14.8
5.334,115.64,320.3,1,1,2016-03-13,02:55,T,65,5.0       ,302.2,15.1
5.333,115.65,317.9,1,1,2016-03-13,02:55,T,52,5.0       ,300.8,12.1
5.237,116.291,323.1,1.1,1,2016-03-13,02:55,T,76,5.0       ,295.6,17.8
5.229,116.279,341,1.1,1,2016-03-13,02:55,T,90,5.0       ,298.7,50.8
5.227,116.289,324.8,1.1,1,2016-03-13,02:55,T,74,5.0       ,296.5,20.1
5.123,115.944,315.6,1.1,1,2016-03-13,02:55,T,36,5.0       ,298.6,9.4
4.84,114.687,318.4,1,1,2016-03-13,02:55,T,0,5.0       ,295.8,11.3
4.526,114.007,318.8,1,1,2016-03-13,02:55,T,13,5.0       ,288.9,7.7
4.52,114.051,327.9,1,1,2016-03-13,02:55,T,81,5.0       ,291.2,22.5
4.511,114.05,321.5,1,1,2016-03-13,02:55,T,74,5.0       ,292.2,13.9
2.187,117.448,314,1.4,1.2,2016-03-13,02:55,T,56,5.0       ,295.1,18.5
2.159,117.495,315.1,1.4,1.2,2016-03-13,02:55,T,33,5.0       ,295.1,17.6
2.157,117.508,314.7,1.4,1.2,2016-03-13,02:55,T,32,5.0       ,294.6,16.3
2.018,117.813,312,1.5,1.2,2016-03-13,02:55,T,42,5.0       ,293.4,13.8
0.622,122.59,316.2,3.8,1.8,2016-03-13,02:55,T,26,5.0       ,289.9,64.7
1.281,117.752,339.8,1.5,1.2,2016-03-13,02:55,T,90,5.0       ,293.9,78.2
1.27,117.75,328.4,1.5,1.2,2016-03-13,02:55,T,66,5.0       ,291.5,46.4
1.279,117.745,328.6,1.5,1.2,2016-03-13,02:55,T,65,5.0       ,291.7,46.6
1.277,117.759,327.8,1.5,1.2,2016-03-13,02:55,T,59,5.0       ,294.1,42.8
1.189,118.206,316,1.7,1.3,2016-03-13,02:55,T,65,5.0       ,294.5,27.8
1.187,118.22,312.6,1.7,1.3,2016-03-13,02:55,T,55,5.0       ,294.3,19.1
1.1,116.719,315.5,1.3,1.1,2016-03-13,02:55,T,64,5.0       ,286.4,19.1
0.861,116.95,335,1.4,1.2,2016-03-13,02:55,T,87,5.0       ,295,54.3
0.859,116.962,318.9,1.4,1.2,2016-03-13,02:55,T,61,5.0       ,291.4,19.7
0.813,116.659,314.7,1.3,1.1,2016-03-13,02:55,T,62,5.0       ,293.5,12.2
0.811,116.671,313,1.3,1.1,2016-03-13,02:55,T,57,5.0       ,292.8,10.8
0.688,116.605,314.3,1.3,1.1,2016-03-13,02:55,T,46,5.0       ,296.4,9.7
0.687,116.617,316.1,1.3,1.1,2016-03-13,02:55,T,65,5.0       ,296.7,12.7
0.479,117.581,327.1,1.5,1.2,2016-03-13,02:55,T,43,5.0       ,296.6,35.5
0.411,116.954,318.6,1.4,1.2,2016-03-13,02:55,T,70,5.0       ,293.7,21
0.343,116.585,318.7,1.3,1.1,2016-03-13,02:55,T,41,5.0       ,298.1,17.1
0.234,116.695,333.7,1.3,1.1,2016-03-13,02:55,T,67,5.0       ,295,43.5
0.237,116.69,330.1,1.3,1.1,2016-03-13,02:55,T,73,5.0       ,296.3,38.2
0.235,116.701,325.7,1.3,1.1,2016-03-13,02:55,T,39,5.0       ,296.5,28.2
-0.693,117.502,316.7,1.6,1.2,2016-03-13,02:55,T,0,5.0       ,293.2,22.6
-2.169,115.385,313.5,1.2,1.1,2016-03-13,02:55,T,56,5.0       ,294.4,12
-2.127,114.633,310.1,1.1,1,2016-03-13,02:55,T,27,5.0       ,291.6,8.7
-3.299,114.095,311.4,1.1,1,2016-03-13,02:55,T,42,5.0       ,292.5,6.6
-6.714,111.145,317.2,1,1,2016-03-13,02:55,T,67,5.0       ,298.5,9.7
-7.222,110.425,313.7,1,1,2016-03-13,02:55,T,59,5.0       ,297.6,7.9
-7.768,112.74,315.4,1,1,2016-03-13,02:55,T,46,5.0       ,299.9,8.4
19.926,102.406,336.1,3,1.7,2016-03-13,06:00,A,87,5.0       ,299.3,184.6
19.92,102.377,325.5,3,1.7,2016-03-13,06:00,A,70,5.0       ,299.3,107.7
19.941,102.404,332.2,3,1.7,2016-03-13,06:00,A,84,5.0       ,298.1,150.9
19.935,102.374,334.3,3,1.7,2016-03-13,06:00,A,86,5.0       ,300.1,169.9
19.955,102.4,328.9,3,1.7,2016-03-13,06:00,A,82,5.0       ,298.9,136
19.95,102.372,325,3,1.7,2016-03-13,06:00,A,78,5.0       ,299.8,108.6
20.223,103.459,317.4,2.5,1.5,2016-03-13,06:00,A,68,5.0       ,299.6,52.7
19.928,101.335,326.4,3.6,1.8,2016-03-13,06:00,A,79,5.0       ,295.8,169.6
19.92,101.296,338.3,3.7,1.8,2016-03-13,06:00,A,89,5.0       ,297.4,293.1
20.478,104.102,313.5,2.2,1.4,2016-03-13,06:00,A,31,5.0       ,285.1,43.2
19.928,101.287,310.4,3.7,1.8,2016-03-13,06:00,A,27,5.0       ,297.4,41.1
20.275,101.441,368.5,3.5,1.8,2016-03-13,06:00,A,100,5.0       ,297.1,716.5
20.268,101.407,351.8,3.5,1.8,2016-03-13,06:00,A,96,5.0       ,298.8,438
20.276,101.468,312,3.5,1.8,2016-03-13,06:00,A,43,5.0       ,295.7,44.1
20.269,101.435,361.4,3.5,1.8,2016-03-13,06:00,A,100,5.0       ,295.2,586.3
20.262,101.401,333.2,3.5,1.8,2016-03-13,06:00,A,85,5.0       ,297.4,211.1
20.285,101.43,340.2,3.5,1.8,2016-03-13,06:00,A,90,5.0       ,298.4,287.6
20.278,101.397,313.3,3.5,1.8,2016-03-13,06:00,A,54,5.0       ,297.7,54.1
20.361,101.408,360.1,3.5,1.8,2016-03-13,06:00,A,100,5.0       ,297.4,568.5
3.171,98.036,319.2,3.5,1.8,2016-03-13,04:35,T,27,5.0       ,298.5,75.8
21.897,97.944,320.6,1.5,1.2,2016-03-13,04:30,T,62,5.0       ,305.4,17.7
21.89,97.794,320,1.5,1.2,2016-03-13,04:30,T,72,5.0       ,305.5,23
21.285,101.039,313.4,2.6,1.6,2016-03-13,04:30,T,58,5.0       ,294.9,52.7
21.28,101.029,319.1,2.6,1.6,2016-03-13,04:30,T,71,5.0       ,294.3,78.9
22.49,93.525,313.3,1,1,2016-03-13,04:30,T,20,5.0       ,300.7,9.4
21.761,97.243,312,1.4,1.2,2016-03-13,04:30,T,52,5.0       ,300.5,9.5
21.804,96.741,316.8,1.3,1.1,2016-03-13,04:30,T,53,5.0       ,301.3,15.1
21.543,97.507,316,1.5,1.2,2016-03-13,04:30,T,65,5.0       ,301.6,17.3
20.947,100.325,316.6,2.4,1.5,2016-03-13,04:30,T,66,5.0       ,295.6,58.1
20.951,100.319,311.2,2.4,1.5,2016-03-13,04:30,T,41,5.0       ,295.4,35.4
20.946,100.343,311.2,2.4,1.5,2016-03-13,04:30,T,39,5.0       ,296,35.3
20.84,100.541,329,2.5,1.5,2016-03-13,04:30,T,82,5.0       ,296.6,113.8
21.796,94.389,325,1,1,2016-03-13,04:30,T,59,5.0       ,304.6,17.7
21.312,96.61,317.8,1.3,1.1,2016-03-13,04:30,T,67,5.0       ,301.5,16.8
19.92,103.554,310.9,4.3,1.9,2016-03-13,04:30,T,42,5.0       ,294.8,74
19.917,103.545,311.6,4.3,1.9,2016-03-13,04:30,T,49,5.0       ,295.9,83.3
19.909,103.586,313.2,4.3,1.9,2016-03-13,04:30,T,57,5.0       ,294.7,98.1
21.585,94.143,321.1,1,1,2016-03-13,04:30,T,74,5.0       ,304.3,11.1
21.589,93.751,324.5,1,1,2016-03-13,04:30,T,78,5.0       ,285.6,28.7
21.081,96.888,325.9,1.4,1.2,2016-03-13,04:30,T,79,5.0       ,309.4,18.5
21.463,94.337,332.5,1,1,2016-03-13,04:30,T,85,5.0       ,311.9,21
19.963,102.387,316.1,3.5,1.8,2016-03-13,04:30,T,47,5.0       ,296.4,74.8
19.939,102.426,316.8,3.6,1.8,2016-03-13,04:30,T,54,5.0       ,296.8,81.5
19.969,102.384,311.8,3.5,1.8,2016-03-13,04:30,T,42,5.0       ,296.3,52.8
19.947,102.411,310.1,3.6,1.8,2016-03-13,04:30,T,16,5.0       ,296.3,43.3
19.932,102.405,325.3,3.6,1.8,2016-03-13,04:30,T,78,5.0       ,297.4,149.2
20.721,98.052,322.9,1.6,1.3,2016-03-13,04:30,T,76,5.0       ,299.5,37.1
21.331,94.171,320.2,1,1,2016-03-13,04:30,T,41,5.0       ,307.2,7.4
21.3,94.136,324.3,1,1,2016-03-13,04:30,T,73,5.0       ,310.3,10.6
21.212,94.585,324.7,1.1,1,2016-03-13,04:30,T,74,5.0       ,309.1,10.8
21.256,94.121,319.6,1,1,2016-03-13,04:30,T,62,5.0       ,306.4,11.7
21.249,94.17,331.2,1,1,2016-03-13,04:30,T,84,5.0       ,308.6,21.7
21.247,94.18,326.8,1,1,2016-03-13,04:30,T,80,5.0       ,308.3,14.1
21.24,94.169,323,1,1,2016-03-13,04:30,T,64,5.0       ,307.5,10.4
21.231,94.227,323.2,1,1,2016-03-13,04:30,T,76,5.0       ,308.4,9.9
21.245,93.949,319.7,1,1,2016-03-13,04:30,T,72,5.0       ,287.1,25.6
21.137,94.235,321.8,1,1,2016-03-13,04:30,T,52,5.0       ,306.8,11.5
21.122,94.333,319.5,1,1,2016-03-13,04:30,T,67,5.0       ,307.1,7.5
20.587,97.621,325.3,1.5,1.2,2016-03-13,04:30,T,78,5.0       ,298.5,39.4
21.353,92.604,315.9,1,1,2016-03-13,04:30,T,65,5.0       ,298.7,14.1
21.351,92.613,312.6,1,1,2016-03-13,04:30,T,55,5.0       ,297.4,10.2
20.515,97.713,335.5,1.6,1.2,2016-03-13,04:30,T,87,5.0       ,301.2,70.4
20.512,97.728,318.7,1.6,1.2,2016-03-13,04:30,T,70,5.0       ,299.5,25.6
20.32,98.734,311.5,1.9,1.3,2016-03-13,04:30,T,22,5.0       ,297.6,16.9
21.054,94.352,320,1,1,2016-03-13,04:30,T,61,5.0       ,306.7,9.5
21.08,94.125,333.9,1,1,2016-03-13,04:30,T,65,5.0       ,307.2,26.3
21.075,94.098,323,1,1,2016-03-13,04:30,T,50,5.0       ,308.1,9.4
20.527,97.499,317.7,1.5,1.2,2016-03-13,04:30,T,44,5.0       ,302.5,13
21.05,94.084,324.1,1,1,2016-03-13,04:30,T,74,5.0       ,308.7,10.9
20.215,99.005,316.5,2,1.4,2016-03-13,04:30,T,62,5.0       ,300.6,23.2
21.048,93.855,313.7,1,1,2016-03-13,04:30,T,47,5.0       ,298.5,10.5
20.958,94.201,329,1,1,2016-03-13,04:30,T,82,5.0       ,305.7,19.4
20.956,94.211,324.8,1,1,2016-03-13,04:30,T,77,5.0       ,307.5,13.5
20.949,94.2,325.5,1,1,2016-03-13,04:30,T,79,5.0       ,306,15.1
20.957,94.082,325.3,1,1,2016-03-13,04:30,T,76,5.0       ,307,15.5
19.208,103.509,313.6,4.4,1.9,2016-03-13,04:30,T,59,5.0       ,292.8,112
20.094,98.956,328.1,2,1.4,2016-03-13,04:30,T,81,5.0       ,301.6,54.3
20.09,98.949,317.9,2,1.4,2016-03-13,04:30,T,46,5.0       ,301.9,18.1
19.207,103.499,315.8,4.4,1.9,2016-03-13,04:30,T,64,5.0       ,293.1,133
20.857,94.198,324.5,1,1,2016-03-13,04:30,T,47,5.0       ,308.9,11.6
20.836,94.214,335.1,1,1,2016-03-13,04:30,T,87,5.0       ,310.7,26.8
20.315,97.273,324.3,1.5,1.2,2016-03-13,04:30,T,77,5.0       ,310.4,16
20.819,94.141,324.4,1,1,2016-03-13,04:30,T,78,5.0       ,306.4,15.5
20.799,94.092,328.6,1,1,2016-03-13,04:30,T,28,5.0       ,311.6,16.8
20.777,94.178,320,1,1,2016-03-13,04:30,T,39,5.0       ,306.4,7.4
20.778,94.109,327.3,1,1,2016-03-13,04:30,T,70,5.0       ,311.5,12.4
20.768,94.176,321.5,1,1,2016-03-13,04:30,T,55,5.0       ,305.3,8.9
20.088,97.902,315.4,1.6,1.3,2016-03-13,04:30,T,64,5.0       ,302.4,12.9
20.684,94.293,329.2,1,1,2016-03-13,04:30,T,82,5.0       ,308.9,20.5
20.713,93.991,318.1,1,1,2016-03-13,04:30,T,44,5.0       ,305.7,7.9
20.662,94.323,320.9,1,1,2016-03-13,04:30,T,52,5.0       ,308,7.5
19.997,97.959,316.2,1.7,1.3,2016-03-13,04:30,T,65,5.0       ,302,17.2
19.813,98.741,311.9,1.9,1.3,2016-03-13,04:30,T,52,5.0       ,299.6,20.9
19.764,98.229,320.7,1.8,1.3,2016-03-13,04:30,T,73,5.0       ,297.6,44
20.479,93.831,327.3,1,1,2016-03-13,04:30,T,80,5.0       ,298.6,27.2
20.478,93.84,319.7,1,1,2016-03-13,04:30,T,71,5.0       ,296.7,16.8
19.692,97.594,320.3,1.6,1.2,2016-03-13,04:30,T,70,5.0       ,303,17.5
20.106,94.869,324.4,1.1,1,2016-03-13,04:30,T,57,5.0       ,309.9,6.3
19.902,95.767,320.1,1.2,1.1,2016-03-13,04:30,T,58,5.0       ,304.1,11.3
19.552,97.733,317.9,1.6,1.3,2016-03-13,04:30,T,69,5.0       ,302,18.6
19.549,97.747,321.7,1.6,1.3,2016-03-13,04:30,T,72,5.0       ,301.2,29.7
19.55,97.741,325.3,1.6,1.3,2016-03-13,04:30,T,78,5.0       ,301.8,40.2
19.593,97.426,318.9,1.6,1.2,2016-03-13,04:30,T,69,5.0       ,303.8,18.8
19.994,94.57,331.8,1.1,1,2016-03-13,04:30,T,84,5.0       ,313.7,16.3
19.912,94.623,331.8,1.1,1,2016-03-13,04:30,T,84,5.0       ,310.5,17.8
19.857,94.909,329,1.1,1,2016-03-13,04:30,T,82,5.0       ,313.4,12.6
19.837,94.877,330.6,1.1,1,2016-03-13,04:30,T,83,5.0       ,312.6,17.4
19.7,95.735,323.4,1.2,1.1,2016-03-13,04:30,T,76,5.0       ,306.1,13.7
19.265,98.249,314.2,1.8,1.3,2016-03-13,04:30,T,47,5.0       ,301.6,17.2
19.828,94.812,329.1,1.1,1,2016-03-13,04:30,T,82,5.0       ,314,12
19.399,97.408,321.4,1.6,1.2,2016-03-13,04:30,T,74,5.0       ,303.6,19.5
18.913,100.042,313,2.5,1.5,2016-03-13,04:30,T,55,5.0       ,299.7,28.9
19.842,94.604,329,1.1,1,2016-03-13,04:30,T,82,5.0       ,313.2,14.7
19.766,94.742,325.8,1.1,1,2016-03-13,04:30,T,42,5.0       ,307.8,10.6
19.461,96.374,325.5,1.3,1.1,2016-03-13,04:30,T,79,5.0       ,305.5,14.8
19.757,94.5,326.3,1.1,1,2016-03-13,04:30,T,74,5.0       ,298.6,23
19.503,95.687,320.8,1.2,1.1,2016-03-13,04:30,T,67,5.0       ,305.9,10.1
19.501,95.698,324.4,1.2,1.1,2016-03-13,04:30,T,77,5.0       ,305.9,17.2
18.754,99.542,317.9,2.3,1.5,2016-03-13,04:30,T,52,5.0       ,302.6,24.1
18.75,99.564,317.7,2.3,1.5,2016-03-13,04:30,T,47,5.0       ,303.1,22.2
18.753,99.56,320.7,2.3,1.5,2016-03-13,04:30,T,73,5.0       ,303.1,37.6
19.516,94.975,339.8,1.1,1.1,2016-03-13,04:30,T,90,5.0       ,309.2,38.9
19.508,94.962,328.9,1.1,1.1,2016-03-13,04:30,T,82,5.0       ,308.3,18.1
19.506,94.973,347.6,1.1,1.1,2016-03-13,04:30,T,94,5.0       ,309.1,57
19.504,94.984,332.3,1.1,1.1,2016-03-13,04:30,T,85,5.0       ,309.4,22.8
19.103,97.259,317.2,1.5,1.2,2016-03-13,04:30,T,26,5.0       ,302.8,12.8
19.432,94.921,356.1,1.1,1.1,2016-03-13,04:30,T,98,5.0       ,303.7,83.3
19.43,94.932,327.9,1.1,1.1,2016-03-13,04:30,T,81,5.0       ,307.9,18.1
19.316,94.767,331.7,1.1,1,2016-03-13,04:30,T,84,5.0       ,314.4,18.7
19.276,94.499,313,1.1,1,2016-03-13,04:30,T,24,5.0       ,301.8,10.1
18.971,95.486,327.1,1.2,1.1,2016-03-13,04:30,T,35,5.0       ,309.2,16.3
18.301,99.07,323,2.2,1.4,2016-03-13,04:30,T,76,5.0       ,302.6,54.7
19.046,94.721,320.5,1.1,1,2016-03-13,04:30,T,70,5.0       ,306.7,12.3
18.731,96.573,318.7,1.4,1.2,2016-03-13,04:30,T,44,5.0       ,301.1,15.2
18.301,99.065,323.2,2.2,1.4,2016-03-13,04:30,T,76,5.0       ,302.7,55.9
18.968,94.754,317.4,1.1,1.1,2016-03-13,04:30,T,61,5.0       ,305.7,9.7
18.488,97.531,313.7,1.7,1.3,2016-03-13,04:30,T,37,5.0       ,298.9,14.5
13.066,105.185,321.5,2.6,1.5,2016-03-13,05:55,A,70,5.0       ,294.2,51.3
13.481,107.271,327,1.8,1.3,2016-03-13,05:55,A,64,5.0       ,305.4,24.2
13.311,105.834,320.6,2.3,1.5,2016-03-13,05:55,A,62,5.0       ,294,47.4
13.61,107.41,336.9,1.7,1.3,2016-03-13,05:55,A,88,5.0       ,300.7,69
13.326,105.846,344.6,2.3,1.5,2016-03-13,05:55,A,92,5.0       ,294.1,167
13.608,107.403,322.8,1.7,1.3,2016-03-13,05:55,A,64,5.0       ,301.2,23
13.705,107.497,326.7,1.7,1.3,2016-03-13,05:55,A,75,5.0       ,300.1,27.6
13.105,103.524,314.7,3.4,1.7,2016-03-13,05:55,A,50,5.0       ,293.8,47.7
13.1,103.518,315.7,3.4,1.7,2016-03-13,05:55,A,59,5.0       ,293.9,53.3
13.845,107.365,331.4,1.7,1.3,2016-03-13,05:55,A,83,5.0       ,302.2,45.7
13.879,107.359,347.4,1.7,1.3,2016-03-13,05:55,A,94,5.0       ,302.4,104.6
13.879,107.37,337.5,1.7,1.3,2016-03-13,05:55,A,88,5.0       ,301.7,63.4
13.876,107.354,338.5,1.7,1.3,2016-03-13,05:55,A,89,5.0       ,302.1,66.3
13.678,105.828,317.5,2.2,1.4,2016-03-13,05:55,A,30,5.0       ,295.3,28.7
14.169,108.09,331.3,1.5,1.2,2016-03-13,05:55,A,59,5.0       ,304.1,46.8
14.099,107.649,337.2,1.6,1.2,2016-03-13,05:55,A,88,5.0       ,306.2,66.5
14.098,107.644,327.2,1.6,1.2,2016-03-13,05:55,A,60,5.0       ,306.6,36
14.046,107.199,323.7,1.7,1.3,2016-03-13,05:55,A,62,5.0       ,299.5,21.9
14.05,107.15,326.9,1.7,1.3,2016-03-13,05:55,A,80,5.0       ,303,30.4
13.997,106.84,323.5,1.8,1.3,2016-03-13,05:55,A,66,5.0       ,299.1,30.6
14.147,107.665,319.4,1.6,1.2,2016-03-13,05:55,A,58,5.0       ,299.7,21.6
14.243,108.181,346.6,1.5,1.2,2016-03-13,05:55,A,88,5.0       ,297.2,98.3
14.047,106.917,320.4,1.8,1.3,2016-03-13,05:55,A,48,5.0       ,296.7,30.1
14.144,107.295,318.1,1.7,1.3,2016-03-13,05:55,A,30,5.0       ,301.1,23.4
14.145,107.304,315.5,1.7,1.3,2016-03-13,05:55,A,30,5.0       ,300.7,18.4
14.142,107.288,317,1.7,1.3,2016-03-13,05:55,A,38,5.0       ,301.3,21.6
21.434,97.196,311.6,4.7,2,2016-03-13,07:35,A,31,5.0       ,294.4,49.7
23.834,92.835,338.1,1,1,2016-03-13,04:25,T,89,5.0       ,299.9,43.1
23.832,92.845,347.4,1,1,2016-03-13,04:25,T,94,5.0       ,301.6,61.6
23.156,96.958,317.8,1.3,1.1,2016-03-13,04:25,T,68,5.0       ,301.7,18.8
23.154,96.97,315.9,1.3,1.1,2016-03-13,04:25,T,65,5.0       ,300.9,16.2
23.349,95.672,324.9,1.1,1,2016-03-13,04:25,T,69,5.0       ,298,23.4
22.914,98.163,316,1.5,1.2,2016-03-13,04:25,T,65,5.0       ,297.8,24.2
22.911,98.178,323.9,1.5,1.2,2016-03-13,04:25,T,77,5.0       ,297.8,40.8
23.292,95.809,326.2,1.1,1.1,2016-03-13,04:25,T,59,5.0       ,297.4,23.1
23.517,93.807,312.4,1,1,2016-03-13,04:25,T,44,5.0       ,295.6,10.9
23.134,96.097,327.1,1.1,1.1,2016-03-13,04:25,T,47,5.0       ,308,19.9
23.124,96.095,329.2,1.1,1.1,2016-03-13,04:25,T,65,5.0       ,307.8,23.7
22.999,96.054,330.8,1.1,1.1,2016-03-13,04:25,T,82,5.0       ,308.9,22.6
23.455,92.91,317.7,1,1,2016-03-13,04:25,T,68,5.0       ,305.5,15.3
22.537,98.26,316.7,1.6,1.2,2016-03-13,04:25,T,66,5.0       ,300.8,24.9
22.87,95.894,322.1,1.1,1.1,2016-03-13,04:25,T,67,5.0       ,306.2,9.7
22.651,97.019,312.7,1.3,1.1,2016-03-13,04:25,T,35,5.0       ,298.9,14.7
22.534,97.694,318,1.4,1.2,2016-03-13,04:25,T,53,5.0       ,296.2,26.2
23.112,93.742,313,1,1,2016-03-13,04:25,T,38,5.0       ,294.9,10.8
22.292,97.798,318.1,1.5,1.2,2016-03-13,04:25,T,62,5.0       ,303.4,13.9
22.946,93.682,319.4,1,1,2016-03-13,04:25,T,27,5.0       ,303.5,12.1
22.945,93.692,326.5,1,1,2016-03-13,04:25,T,68,5.0       ,300.6,21.3
21.737,100.549,312.7,2.4,1.5,2016-03-13,04:25,T,50,5.0       ,298.1,34.1
21.724,100.548,364.2,2.4,1.5,2016-03-13,04:25,T,100,5.0       ,301.7,362.2
21.719,100.572,334.1,2.4,1.5,2016-03-13,04:25,T,86,5.0       ,299.6,126.7
21.728,100.543,339.4,2.4,1.5,2016-03-13,04:25,T,89,5.0       ,300.5,158.7
21.723,100.566,337.1,2.4,1.5,2016-03-13,04:25,T,88,5.0       ,299.7,144.9
21.714,100.541,321.2,2.4,1.5,2016-03-13,04:25,T,74,5.0       ,298.9,67.5
21.71,100.565,329.8,2.4,1.5,2016-03-13,04:25,T,83,5.0       ,299.5,109.4
22.38,96.124,321,1.2,1.1,2016-03-13,04:25,T,73,5.0       ,304.4,11.6
22.076,97.727,332,1.5,1.2,2016-03-13,04:25,T,84,5.0       ,299.9,58.4
22.073,97.741,331.5,1.5,1.2,2016-03-13,04:25,T,84,5.0       ,299.1,57.7
22.184,96.927,320.5,1.3,1.1,2016-03-13,04:25,T,54,5.0       ,305.6,13
22.167,97.028,325.2,1.3,1.1,2016-03-13,04:25,T,78,5.0       ,310.3,15.1
22.851,92.496,317,1,1,2016-03-13,04:25,T,67,5.0       ,299.6,11.6
21.57,100.251,316,2.3,1.5,2016-03-13,04:25,T,65,5.0       ,296.5,49.7
21.567,100.27,318.6,2.3,1.5,2016-03-13,04:25,T,70,5.0       ,295.9,60
21.45,100.807,310.2,2.5,1.5,2016-03-13,04:25,T,31,5.0       ,295.8,35.2
22.131,96.996,324.8,1.3,1.1,2016-03-13,04:25,T,64,5.0       ,309.7,18
14.433,108.082,325.5,1.5,1.2,2016-03-13,05:55,A,63,5.0       ,305.7,22
14.431,108.068,333.1,1.5,1.2,2016-03-13,05:55,A,85,5.0       ,306,43.5
14.618,108.285,313.9,1.4,1.2,2016-03-13,05:55,A,49,5.0       ,293.8,17.2
14.747,108.964,313.4,1.3,1.1,2016-03-13,05:55,A,58,5.0       ,298.8,11.1
14.61,107.806,356.2,1.5,1.2,2016-03-13,05:55,A,98,5.0       ,306.2,133.9
14.608,107.792,340.5,1.5,1.2,2016-03-13,05:55,A,90,5.0       ,306.9,71.7
14.748,108.383,311.4,1.4,1.2,2016-03-13,05:55,A,20,5.0       ,299.2,13.8
14.687,107.935,331.9,1.5,1.2,2016-03-13,05:55,A,77,5.0       ,302.2,46.4
14.636,107.553,320.7,1.6,1.2,2016-03-13,05:55,A,23,5.0       ,302.3,28.8
14.843,108.668,313.6,1.3,1.1,2016-03-13,05:55,A,55,5.0       ,299.3,12.5
14.712,107.593,319.6,1.6,1.2,2016-03-13,05:55,A,53,5.0       ,302,17.8
14.707,107.564,332.5,1.6,1.2,2016-03-13,05:55,A,79,5.0       ,302.2,56.9
14.837,108.168,313.5,1.4,1.2,2016-03-13,05:55,A,0,5.0       ,289.9,20.6
14.756,107.66,321.9,1.6,1.2,2016-03-13,05:55,A,56,5.0       ,299.3,18.9
14.621,106.83,318.5,1.8,1.3,2016-03-13,05:55,A,44,5.0       ,297.1,29.1
14.619,106.813,323.2,1.8,1.3,2016-03-13,05:55,A,76,5.0       ,297.8,43.6
14.9,108.512,316.6,1.4,1.2,2016-03-13,05:55,A,46,5.0       ,301.6,12.8
14.617,106.824,325.1,1.8,1.3,2016-03-13,05:55,A,78,5.0       ,297.3,46.6
14.761,107.605,323.9,1.6,1.2,2016-03-13,05:55,A,41,5.0       ,302.2,31.6
14.992,108.759,312.6,1.3,1.1,2016-03-13,05:55,A,55,5.0       ,298.4,9.7
14.86,107.865,319.8,1.5,1.2,2016-03-13,05:55,A,57,5.0       ,295.6,22.6
14.797,107.478,325.4,1.6,1.2,2016-03-13,05:55,A,79,5.0       ,301,45.8
14.995,108.464,316.6,1.4,1.2,2016-03-13,05:55,A,42,5.0       ,302.2,10.8
14.995,108.4,313.2,1.4,1.2,2016-03-13,05:55,A,39,5.0       ,300.7,10.4
14.697,106.542,329,1.9,1.3,2016-03-13,05:55,A,77,5.0       ,299.3,49.9
14.943,107.946,321.1,1.5,1.2,2016-03-13,05:55,A,68,5.0       ,298.3,31.7
14.922,107.82,343.9,1.5,1.2,2016-03-13,05:55,A,92,5.0       ,304.3,89.6
14.92,107.807,362.3,1.5,1.2,2016-03-13,05:55,A,100,5.0       ,307,173.5
15.073,108.691,310.1,1.3,1.1,2016-03-13,05:55,A,25,5.0       ,299,9
14.84,107.25,324.1,1.7,1.3,2016-03-13,05:55,A,71,5.0       ,297.7,39.5
15.054,108.504,315.9,1.4,1.2,2016-03-13,05:55,A,64,5.0       ,302.2,11.9
15.052,108.492,320.4,1.4,1.2,2016-03-13,05:55,A,73,5.0       ,302.9,19.5
14.798,106.784,325.4,1.8,1.3,2016-03-13,05:55,A,53,5.0       ,302.1,27.9
14.794,106.778,327.7,1.8,1.3,2016-03-13,05:55,A,70,5.0       ,302.2,34.9
15.002,107.742,328,1.5,1.2,2016-03-13,05:55,A,71,5.0       ,308.2,32.8
14.925,107.132,332.1,1.7,1.3,2016-03-13,05:55,A,84,5.0       ,301,66.9
15.037,107.75,323.2,1.5,1.2,2016-03-13,05:55,A,50,5.0       ,304.9,24
14.952,106.961,322.1,1.7,1.3,2016-03-13,05:55,A,75,5.0       ,299.1,25.4
14.671,103.047,320.4,3.5,1.8,2016-03-13,05:55,A,49,5.0       ,297.1,57
15.429,106.979,318.3,1.7,1.3,2016-03-13,05:55,A,69,5.0       ,293,35.3
15.501,107.34,325.7,1.6,1.2,2016-03-13,05:55,A,79,5.0       ,292.7,49.5
15.308,105.882,355.9,2.1,1.4,2016-03-13,05:55,A,85,5.0       ,297.3,212.9
15.588,107.244,314.3,1.6,1.3,2016-03-13,05:55,A,56,5.0       ,295.5,22.7
15.39,106.06,333.5,2,1.4,2016-03-13,05:55,A,85,5.0       ,302.3,70.5
15.402,106.058,325.7,2,1.4,2016-03-13,05:55,A,79,5.0       ,301.8,38
15.393,106.053,333.4,2,1.4,2016-03-13,05:55,A,85,5.0       ,302.1,68.3
15.639,107.199,315.5,1.6,1.3,2016-03-13,05:55,A,49,5.0       ,292.4,27.5
15.444,105.908,321.3,2,1.4,2016-03-13,05:55,A,51,5.0       ,296.8,35.6
15.441,105.889,319.5,2,1.4,2016-03-13,05:55,A,40,5.0       ,299,28.3
15.601,106.646,318.5,1.8,1.3,2016-03-13,05:55,A,28,5.0       ,297.7,19.6
15.84,107.925,319,1.4,1.2,2016-03-13,05:55,A,68,5.0       ,302.6,18.9
15.838,107.913,320.3,1.4,1.2,2016-03-13,05:55,A,71,5.0       ,302.8,21.6
15.642,106.672,318.9,1.8,1.3,2016-03-13,05:55,A,48,5.0       ,296.6,28.1
15.85,107.559,326.8,1.5,1.2,2016-03-13,05:55,A,62,5.0       ,299.5,44.8
15.877,107.653,314,1.5,1.2,2016-03-13,05:55,A,52,5.0       ,300.1,15.4
15.861,107.558,322.4,1.5,1.2,2016-03-13,05:55,A,73,5.0       ,297.1,35.9
15.896,107.565,324.4,1.5,1.2,2016-03-13,05:55,A,78,5.0       ,300.3,39.9
15.786,106.903,313.7,1.7,1.3,2016-03-13,05:55,A,56,5.0       ,297.8,21.4
16.081,108.136,320.2,1.4,1.2,2016-03-13,05:55,A,21,5.0       ,302.9,13.6
16.079,108.123,321.3,1.4,1.2,2016-03-13,05:55,A,52,5.0       ,302.8,17.3
16.123,107.691,314.2,1.5,1.2,2016-03-13,05:55,A,55,5.0       ,300.7,15
16.038,106.477,315.9,1.8,1.3,2016-03-13,05:55,A,61,5.0       ,297.8,25.8
16.266,106.746,324.3,1.7,1.3,2016-03-13,05:55,A,77,5.0       ,301.6,39.5
16.343,107.061,314.6,1.6,1.2,2016-03-13,05:55,A,47,5.0       ,299.4,18.6
16.252,105.929,320.8,2,1.4,2016-03-13,05:55,A,55,5.0       ,298.8,31
16.216,104.893,326.9,2.3,1.5,2016-03-13,05:55,A,80,5.0       ,300.8,59.3
16.212,104.889,326.1,2.3,1.5,2016-03-13,05:55,A,79,5.0       ,300.7,57.6
16.645,106.8,320,1.7,1.3,2016-03-13,05:55,A,57,5.0       ,301.9,23
16.646,106.808,321.7,1.7,1.3,2016-03-13,05:55,A,74,5.0       ,301.8,29.9
16.802,106.224,315.6,1.8,1.3,2016-03-13,05:55,A,64,5.0       ,297.8,21
16.714,105.64,322.8,2,1.4,2016-03-13,05:55,A,76,5.0       ,298.3,34.8
16.711,105.621,327.8,2,1.4,2016-03-13,05:55,A,81,5.0       ,298.9,50.5
16.716,105.635,327.4,2,1.4,2016-03-13,05:55,A,80,5.0       ,298.6,53.5
16.713,105.616,321,2,1.4,2016-03-13,05:55,A,73,5.0       ,299,27.6
16.613,104.764,321.8,2.4,1.5,2016-03-13,05:55,A,59,5.0       ,301.9,32.9
16.969,105.352,316.3,2.1,1.4,2016-03-13,05:55,A,58,5.0       ,291.4,31.8
17.071,105.566,320.1,2,1.4,2016-03-13,05:55,A,66,5.0       ,296.5,36
16.498,102.309,326.8,3.6,1.8,2016-03-13,05:55,A,80,5.0       ,306.1,79.1
16.49,102.306,327.8,3.6,1.8,2016-03-13,05:55,A,81,5.0       ,306,90.2
17.185,105.983,314.1,1.9,1.3,2016-03-13,05:55,A,37,5.0       ,295.7,25.5
17.07,105.186,318,2.1,1.4,2016-03-13,05:55,A,57,5.0       ,295.6,29.9
17.318,106.212,324,1.8,1.3,2016-03-13,05:55,A,77,5.0       ,297.1,50.8
17.315,106.196,319.1,1.8,1.3,2016-03-13,05:55,A,71,5.0       ,295.8,36.3
17.203,105.193,327.7,2.1,1.4,2016-03-13,05:55,A,81,5.0       ,299.1,62.8
17.203,105.188,328,2.1,1.4,2016-03-13,05:55,A,81,5.0       ,298.9,65.2
17.917,106.406,310.2,1.7,1.3,2016-03-13,05:55,A,20,5.0       ,295.8,14.7
17.627,104.607,320.3,2.3,1.5,2016-03-13,05:55,A,68,5.0       ,298.3,36.6
17.624,104.603,318.4,2.3,1.5,2016-03-13,05:55,A,43,5.0       ,298.5,29.1
17.597,103.587,327.2,2.8,1.6,2016-03-13,05:55,A,80,5.0       ,301.4,62.4
17.262,101.84,321.3,3.8,1.8,2016-03-13,05:55,A,72,5.0       ,305.2,52.6
18.034,105.035,313.5,2.1,1.4,2016-03-13,05:55,A,43,5.0       ,297.7,25.9
17.33,101.165,314.9,4.3,1.9,2016-03-13,05:55,A,53,5.0       ,300,49.3
18.12,104.931,315.1,2.1,1.4,2016-03-13,05:55,A,56,5.0       ,296.2,29.7
18.229,105.163,315.1,2,1.4,2016-03-13,05:55,A,63,5.0       ,296.5,34.9
18.263,104.701,315.6,2.2,1.4,2016-03-13,05:55,A,30,5.0       ,300.9,32.8
17.614,100.746,312.7,4.5,2,2016-03-13,05:55,A,34,5.0       ,297.8,61.7
17.614,100.74,313.7,4.5,2,2016-03-13,05:55,A,42,5.0       ,298,70.4
18.54,103.966,311,2.5,1.5,2016-03-13,05:55,A,29,5.0       ,297.7,26.2
18.534,103.961,311.9,2.5,1.5,2016-03-13,05:55,A,29,5.0       ,297.4,27.6
18.663,104.283,314.4,2.3,1.5,2016-03-13,05:55,A,61,5.0       ,296.5,36.8
18.11,101.298,319.1,4,1.9,2016-03-13,05:55,A,56,5.0       ,301.1,62.4
18.114,101.292,320,4,1.9,2016-03-13,05:55,A,60,5.0       ,301.7,70
18.85,104.146,333.9,2.4,1.5,2016-03-13,05:55,A,86,5.0       ,295,131
18.846,104.125,336,2.4,1.5,2016-03-13,05:55,A,87,5.0       ,294.5,144.4
18.845,104.142,341.2,2.4,1.5,2016-03-13,05:55,A,90,5.0       ,294.7,175.1
18.36,101.34,322.9,3.9,1.8,2016-03-13,05:55,A,70,5.0       ,300.2,119.1
18.4,101.37,333.8,3.9,1.8,2016-03-13,05:55,A,86,5.0       ,299.5,233.7
18.39,101.364,324.9,3.9,1.8,2016-03-13,05:55,A,59,5.0       ,299.2,130.7
19.048,103.449,310.3,2.6,1.6,2016-03-13,05:55,A,23,5.0       ,295.3,29.3
19.215,103.547,312.4,2.6,1.5,2016-03-13,05:55,A,45,5.0       ,295.3,34.7
19.22,103.229,318.3,2.7,1.6,2016-03-13,05:55,A,69,5.0       ,294,72.8
19.216,103.206,316.7,2.7,1.6,2016-03-13,05:55,A,62,5.0       ,293.5,66.9
19.224,103.224,325.2,2.7,1.6,2016-03-13,05:55,A,78,5.0       ,294.6,111
19.22,103.201,319,2.7,1.6,2016-03-13,05:55,A,67,5.0       ,293.6,80.9
19.296,103.446,311.5,2.6,1.6,2016-03-13,05:55,A,47,5.0       ,297.6,31.4
19.34,103.457,316.4,2.6,1.6,2016-03-13,05:55,A,66,5.0       ,295.7,50.9
19.323,103.289,316.7,2.7,1.6,2016-03-13,05:55,A,66,5.0       ,298.4,61.1
19.328,103.28,318.7,2.7,1.6,2016-03-13,05:55,A,70,5.0       ,299,69.2
19.538,103.871,322,2.4,1.5,2016-03-13,05:55,A,75,5.0       ,301.1,56
19.551,103.868,346.4,2.4,1.5,2016-03-13,05:55,A,93,5.0       ,301.4,196.7
19.533,103.866,314.7,2.4,1.5,2016-03-13,05:55,A,33,5.0       ,300.8,24.7
19.551,103.888,322.1,2.4,1.5,2016-03-13,05:55,A,75,5.0       ,299.2,56.5
19.546,103.865,343.2,2.4,1.5,2016-03-13,05:55,A,92,5.0       ,301.8,176.2
19.323,102.555,316.7,3,1.7,2016-03-13,05:55,A,66,5.0       ,296.8,66.6
19.317,102.526,310.9,3.1,1.7,2016-03-13,05:55,A,22,5.0       ,297.7,40
19.311,102.338,310.5,3.2,1.7,2016-03-13,05:55,A,26,5.0       ,296,38.8
19.357,102.331,312.9,3.2,1.7,2016-03-13,05:55,A,50,5.0       ,294.8,52.3
19.356,102.325,311.9,3.2,1.7,2016-03-13,05:55,A,51,5.0       ,294.7,51.2
19.425,102.523,311.8,3,1.7,2016-03-13,05:55,A,51,5.0       ,296.9,40.3
19.42,102.496,335.7,3.1,1.7,2016-03-13,05:55,A,87,5.0       ,297.7,200.6
-8.115,112.92,326.7,1.5,1.2,2016-03-13,05:50,A,69,5.0       ,291.3,52.1
-3.791,119.648,319.2,1.3,1.1,2016-03-13,05:50,A,52,5.0       ,299,16.3
-2.624,115.172,311.2,1,1,2016-03-13,05:50,A,47,5.0       ,295.2,5.7
-1.725,114.834,317.9,1,1,2016-03-13,05:50,A,66,5.0       ,298.9,11.8
-0.462,116.387,319.9,1,1,2016-03-13,05:50,A,62,5.0       ,300.6,11
0.368,117.549,318.7,1.1,1.1,2016-03-13,05:50,A,23,5.0       ,288.5,15
0.502,116.62,330.4,1,1,2016-03-13,05:50,A,83,5.0       ,300.1,24.2
2.42,113.763,312.1,1,1,2016-03-13,05:50,A,38,5.0       ,293.2,9.5
2.443,113.731,312.2,1,1,2016-03-13,05:50,A,51,5.0       ,293.5,9.5
19.725,103.307,323.7,2.6,1.6,2016-03-13,06:00,A,74,5.0       ,298.7,86.6
19.722,103.326,314,2.6,1.6,2016-03-13,06:00,A,57,5.0       ,296.6,42.2
19.717,103.301,311.4,2.6,1.6,2016-03-13,06:00,A,29,5.0       ,296.9,32.3
19.735,103.322,313.7,2.6,1.6,2016-03-13,06:00,A,45,5.0       ,298.1,40.4
19.903,103.576,315.4,2.5,1.5,2016-03-13,06:00,A,39,5.0       ,299.3,38.1
19.899,103.552,330.4,2.5,1.5,2016-03-13,06:00,A,83,5.0       ,301.8,110.5
19.912,103.55,328.1,2.5,1.5,2016-03-13,06:00,A,81,5.0       ,300.3,96.2
19.937,102.857,312.9,2.8,1.6,2016-03-13,06:00,A,45,5.0       ,299.9,34.7
19.925,102.411,325,3,1.7,2016-03-13,06:00,A,78,5.0       ,298.9,104.7
19.92,102.384,330.2,3,1.7,2016-03-13,06:00,A,83,5.0       ,299.4,147.1
19.905,102.377,315.5,3,1.7,2016-03-13,06:00,A,64,5.0       ,298.1,56.8
19.9,102.353,311.1,3.1,1.7,2016-03-13,06:00,A,41,5.0       ,297.6,34
20.361,101.436,316.3,3.5,1.8,2016-03-13,06:00,A,66,5.0       ,296.3,78.1
20.355,101.404,357.8,3.5,1.8,2016-03-13,06:00,A,99,5.0       ,297.7,531.5
20.526,102.016,314.5,3.1,1.7,2016-03-13,06:00,A,61,5.0       ,295.7,61.1
20.334,101.063,311.7,3.7,1.8,2016-03-13,06:00,A,50,5.0       ,295.6,66
20.327,101.028,313.8,3.8,1.8,2016-03-13,06:00,A,59,5.0       ,294.2,83.6
21.003,103.18,324.5,2.5,1.5,2016-03-13,06:00,A,78,5.0       ,297,87.4
20.998,103.153,315.1,2.5,1.5,2016-03-13,06:00,A,63,5.0       ,297.2,43.8
20.998,103.082,310.8,2.6,1.5,2016-03-13,06:00,A,42,5.0       ,297.1,30
20.456,100.056,323.2,4.4,1.9,2016-03-13,06:00,A,76,5.0       ,297.1,162.4
20.468,100.098,311.7,4.3,1.9,2016-03-13,06:00,A,39,5.0       ,296.1,62.6
20.458,100.052,321.8,4.4,1.9,2016-03-13,06:00,A,74,5.0       ,297.1,149.5
21.126,103.194,319.4,2.5,1.5,2016-03-13,06:00,A,64,5.0       ,298.1,53.6
21.14,103.193,317.4,2.5,1.5,2016-03-13,06:00,A,40,5.0       ,296.6,45.4
21.232,102.966,359.6,2.6,1.5,2016-03-13,06:00,A,99,5.0       ,296.9,366.7
21.227,102.941,319.3,2.6,1.5,2016-03-13,06:00,A,58,5.0       ,294.9,70.8
21.224,102.963,362.9,2.6,1.5,2016-03-13,06:00,A,100,5.0       ,296.5,407.6
20.708,99.584,314.3,4.7,2,2016-03-13,06:00,A,61,5.0       ,295.9,115.4
20.984,100.747,314.9,3.8,1.8,2016-03-13,06:00,A,62,5.0       ,296.5,79.4
20.707,99.58,314,4.7,2,2016-03-13,06:00,A,60,5.0       ,295.9,113.3
20.974,100.744,317.5,3.8,1.8,2016-03-13,06:00,A,68,5.0       ,297.5,99.2
20.946,100.332,312.8,4.1,1.9,2016-03-13,06:00,A,56,5.0       ,293,94.5
21.62,102.875,317.8,2.6,1.5,2016-03-13,06:00,A,69,5.0       ,298.6,58.8
21.499,102.181,311.6,2.9,1.6,2016-03-13,06:00,A,19,5.0       ,296.9,35.7
21.538,102.227,313.4,2.9,1.6,2016-03-13,06:00,A,58,5.0       ,296.6,44.7
21.501,102.175,322.1,2.9,1.6,2016-03-13,06:00,A,75,5.0       ,297.4,90.8
21.54,102.221,311.9,2.9,1.6,2016-03-13,06:00,A,36,5.0       ,296.9,36.5
21.856,103.482,312.9,2.3,1.5,2016-03-13,06:00,A,23,5.0       ,295.3,31.2
21.719,102.283,318.4,2.8,1.6,2016-03-13,06:00,A,69,5.0       ,296.2,70.7
21.714,102.255,313.1,2.8,1.6,2016-03-13,06:00,A,57,5.0       ,293.8,43.5
21.722,102.275,317.9,2.8,1.6,2016-03-13,06:00,A,65,5.0       ,296.3,66.2
22.127,103.732,315.4,2.2,1.4,2016-03-13,06:00,A,63,5.0       ,297.5,32.8
21.809,99.551,316,4.4,1.9,2016-03-13,06:00,A,63,5.0       ,298.5,88
21.801,99.514,315.4,4.5,1.9,2016-03-13,06:00,A,64,5.0       ,298.4,87
21.811,99.548,315.3,4.4,1.9,2016-03-13,06:00,A,59,5.0       ,298.3,82.4
21.802,99.51,313.9,4.5,1.9,2016-03-13,06:00,A,55,5.0       ,298.3,73.1
23.896,106.534,310.1,1.3,1.1,2016-03-13,06:00,A,25,5.0       ,292.9,14.5
27.721,102.215,313.4,2.1,1.4,2016-03-13,06:00,A,57,5.0       ,298.2,25.3
27.563,101.354,321.1,2.4,1.5,2016-03-13,06:00,A,70,5.0       ,303.9,45.4
-3.294,138.673,311.5,1.1,1.1,2016-03-13,04:10,A,28,5.0       ,293.3,7.3
19.07,97.248,354.8,4.4,1.9,2016-03-13,07:35,A,97,5.0       ,299.5,582.4
19.066,97.204,337,4.4,1.9,2016-03-13,07:35,A,88,5.0       ,302.4,280.5
19.087,97.244,328.7,4.4,1.9,2016-03-13,07:35,A,77,5.0       ,299,148
19.083,97.204,331.4,4.4,1.9,2016-03-13,07:35,A,79,5.0       ,303,197.3
19.104,97.242,322.8,4.4,1.9,2016-03-13,07:35,A,50,5.0       ,299.5,88.9
19.055,97.238,321.7,4.4,1.9,2016-03-13,07:35,A,25,5.0       ,297.8,82
19.072,97.24,361,4.4,1.9,2016-03-13,07:35,A,100,5.0       ,300.4,723.2
19.069,97.196,327.9,4.4,1.9,2016-03-13,07:35,A,50,5.0       ,303,159.4
19.09,97.237,328.4,4.4,1.9,2016-03-13,07:35,A,76,5.0       ,299.6,152.6
19.107,97.231,325.8,4.4,1.9,2016-03-13,07:35,A,65,5.0       ,299.8,127.2
19.114,95.65,328.9,3.4,1.7,2016-03-13,07:35,A,82,5.0       ,303.6,89.7
19.111,95.618,327,3.4,1.7,2016-03-13,07:35,A,80,5.0       ,305.1,71.2
19.129,95.648,326.1,3.4,1.7,2016-03-13,07:35,A,79,5.0       ,304,62.3
19.126,95.617,330.7,3.4,1.7,2016-03-13,07:35,A,83,5.0       ,305.8,99
19.11,95.642,327,3.4,1.7,2016-03-13,07:35,A,80,5.0       ,303.9,72.2
19.126,95.641,335.9,3.4,1.7,2016-03-13,07:35,A,87,5.0       ,303.9,148.3
19.123,95.609,326.9,3.4,1.7,2016-03-13,07:35,A,80,5.0       ,306,67.4
19.176,95.668,329.1,3.4,1.7,2016-03-13,07:35,A,82,5.0       ,306.5,93.8
19.185,95.662,329.7,3.4,1.7,2016-03-13,07:35,A,83,5.0       ,306,101.5
19.3,95.578,329.4,3.4,1.7,2016-03-13,07:35,A,82,5.0       ,305.3,84.6
19.309,94.745,331.8,2.9,1.6,2016-03-13,07:35,A,84,5.0       ,310.9,82.5
19.309,94.74,332,2.9,1.6,2016-03-13,07:35,A,84,5.0       ,310.8,83.4
19.433,94.914,331.4,3,1.6,2016-03-13,07:35,A,84,5.0       ,301.4,102.9
19.43,94.887,331.7,3,1.6,2016-03-13,07:35,A,84,5.0       ,304.1,101.1
19.498,94.966,347,3,1.7,2016-03-13,07:35,A,94,5.0       ,309.1,222.1
19.495,94.937,328.5,3,1.7,2016-03-13,07:35,A,65,5.0       ,308.9,60.2
19.513,94.963,331.2,3,1.7,2016-03-13,07:35,A,84,5.0       ,310,75.1
19.51,94.935,326.9,3,1.7,2016-03-13,07:35,A,57,5.0       ,309.1,42.7
19.496,94.961,348.1,3,1.7,2016-03-13,07:35,A,94,5.0       ,309,237.5
19.511,94.959,334.2,3,1.7,2016-03-13,07:35,A,86,5.0       ,310.1,104.7
19.515,94.844,326.3,3,1.6,2016-03-13,07:35,A,70,5.0       ,309.4,49.8
19.785,96.973,315.1,4.3,1.9,2016-03-13,07:35,A,39,5.0       ,296.7,63.3
19.594,94.715,340.4,2.9,1.6,2016-03-13,07:35,A,90,5.0       ,308.7,151.7
19.591,94.688,334.9,2.9,1.6,2016-03-13,07:35,A,87,5.0       ,310.4,107.7
19.609,94.714,328,2.9,1.6,2016-03-13,07:35,A,81,5.0       ,309,57.6
19.606,94.686,327.3,2.9,1.6,2016-03-13,07:35,A,80,5.0       ,310.7,53.1
19.678,94.811,328.3,3,1.6,2016-03-13,07:35,A,61,5.0       ,310.3,59.2
19.836,94.592,332.6,2.9,1.6,2016-03-13,07:35,A,76,5.0       ,309.9,83.5
19.837,94.587,330.9,2.9,1.6,2016-03-13,07:35,A,67,5.0       ,309.5,73.8
21.286,97.133,316.5,4.6,2,2016-03-13,07:35,A,59,5.0       ,295.3,74
21.284,97.129,316.1,4.6,2,2016-03-13,07:35,A,61,5.0       ,294.7,67.2
21.433,97.205,312.7,4.7,2,2016-03-13,07:35,A,31,5.0       ,294.9,58.1
14.311,108.163,314.6,1.5,1.2,2016-03-13,05:55,A,48,5.0       ,299.4,14.1
14.309,108.15,316.2,1.5,1.2,2016-03-13,05:55,A,42,5.0       ,299.4,15
14.401,108.457,330.2,1.4,1.2,2016-03-13,05:55,A,78,5.0       ,300.3,49.5
14.417,108.385,313.2,1.4,1.2,2016-03-13,05:55,A,37,5.0       ,298.7,17.9
14.331,107.73,325.7,1.6,1.2,2016-03-13,05:55,A,34,5.0       ,307.4,34
22.42,92.686,339.6,2.2,1.5,2016-03-13,07:35,A,90,5.0       ,297.9,148.4
22.418,92.667,331.1,2.2,1.4,2016-03-13,07:35,A,35,5.0       ,298.4,97.8
22.433,92.684,327.6,2.2,1.5,2016-03-13,07:35,A,70,5.0       ,298.9,79.2
22.442,92.644,332.1,2.2,1.4,2016-03-13,07:35,A,84,5.0       ,301.4,92.1
22.419,92.68,338.9,2.2,1.5,2016-03-13,07:35,A,85,5.0       ,298.8,132.2
22.434,92.695,320.3,2.3,1.5,2016-03-13,07:35,A,52,5.0       ,296.1,47.1
22.432,92.678,321.9,2.2,1.5,2016-03-13,07:35,A,44,5.0       ,299.8,49.1
22.441,92.637,327.6,2.2,1.4,2016-03-13,07:35,A,81,5.0       ,301.8,69.4
22.834,92.543,314.9,2.2,1.4,2016-03-13,07:35,A,23,5.0       ,296.2,36.4
23.31,95.778,332.4,3.9,1.8,2016-03-13,07:35,A,85,5.0       ,298,213.5
22.967,91.956,316.9,2,1.4,2016-03-13,07:35,A,50,5.0       ,299.8,22.6
22.965,91.937,321.9,2,1.4,2016-03-13,07:35,A,63,5.0       ,299,38.7
23.315,95.772,324.3,3.9,1.8,2016-03-13,07:35,A,61,5.0       ,298.6,123
23.302,92.434,334.8,2.2,1.4,2016-03-13,07:35,A,75,5.0       ,293.5,113
23.301,92.427,345.6,2.2,1.4,2016-03-13,07:35,A,0,5.0       ,295.2,175.2
23.048,89.717,318.3,1.4,1.2,2016-03-13,07:35,A,57,5.0       ,299.8,15.9
23.734,95.484,314,3.8,1.8,2016-03-13,07:35,A,51,5.0       ,295.5,33.7
23.837,93.899,321,2.9,1.6,2016-03-13,07:35,A,68,5.0       ,297.2,79.6
23.84,93.892,318.5,2.9,1.6,2016-03-13,07:35,A,70,5.0       ,297.6,69.8
24.154,93.692,321.4,2.8,1.6,2016-03-13,07:35,A,74,5.0       ,296.8,75.9
24.205,93.769,325.2,2.9,1.6,2016-03-13,07:35,A,78,5.0       ,298.8,93.7
24.389,93.65,313.7,2.8,1.6,2016-03-13,07:35,A,27,5.0       ,296.3,37.1
25.195,93.032,316,2.6,1.5,2016-03-13,07:35,A,60,5.0       ,290.9,51.7
25.668,92.67,321.7,2.5,1.5,2016-03-13,07:35,A,74,5.0       ,293.8,67.6
25.666,92.645,314.8,2.5,1.5,2016-03-13,07:35,A,55,5.0       ,291.5,38.5
25.699,92.567,316.3,2.4,1.5,2016-03-13,07:35,A,40,5.0       ,289.3,48.4
25.695,92.56,314.9,2.4,1.5,2016-03-13,07:35,A,51,5.0       ,289.1,46.7
25.559,90.89,326.2,1.8,1.3,2016-03-13,07:35,A,74,5.0       ,296.5,50.2
25.557,90.872,334.8,1.8,1.3,2016-03-13,07:35,A,86,5.0       ,298.5,78.3
1.019,98.985,314.8,3.3,1.7,2016-03-13,07:30,A,46,5.0       ,294.4,47.7
16.383,97.492,315.2,4.3,1.9,2016-03-13,07:35,A,0,5.0       ,298.9,61
16.526,96.11,324.2,3.4,1.7,2016-03-13,07:35,A,36,5.0       ,305.1,53.8
18.593,97.54,317.2,4.6,2,2016-03-13,07:35,A,40,5.0       ,297.9,68
18.598,97.572,316.1,4.6,2,2016-03-13,07:35,A,50,5.0       ,295.9,60.9
6.359,125.268,305.4,2,1.4,2016-03-13,13:40,T,28,5.0       ,293.4,20.2
6.642,125.053,305.6,2.1,1.4,2016-03-13,13:40,T,32,5.0       ,292,28.1
6.716,124.859,307.3,2.1,1.4,2016-03-13,13:40,T,49,5.0       ,294.7,25.7
14.881,120.148,306.7,3.5,1.8,2016-03-13,13:40,T,48,5.0       ,293,58.7
4.522,114.051,305.9,2.6,1.5,2016-03-13,15:20,T,21,5.0       ,286,36.9
3.722,102.386,308.5,1.6,1.3,2016-03-13,15:20,T,61,5.0       ,293.1,18.2
3.172,98.407,319.3,3.4,1.7,2016-03-13,15:20,T,98,5.0       ,288.2,154.2
15.563,100.82,311.3,1.3,1.1,2016-03-13,15:20,T,75,5.0       ,299.2,15.2
15.836,102.302,307.8,1.1,1.1,2016-03-13,15:20,T,42,5.0       ,295.4,9.8
15.937,102.549,324.4,1.1,1,2016-03-13,15:20,T,100,5.0       ,297.2,29.6
15.946,102.547,309.1,1.1,1,2016-03-13,15:20,T,64,5.0       ,296.6,10.8
16.283,104.79,308.7,1,1,2016-03-13,15:20,T,62,5.0       ,295.7,9.9
15.987,102.693,308.6,1.1,1,2016-03-13,15:20,T,62,5.0       ,295.6,10.8
15.512,99.357,310.7,1.7,1.3,2016-03-13,15:20,T,34,5.0       ,297.7,18.6
15.523,99.356,310.7,1.7,1.3,2016-03-13,15:20,T,28,5.0       ,297.8,17.5
15.966,101.762,310.6,1.2,1.1,2016-03-13,15:20,T,72,5.0       ,297.7,12.3
15.583,99.368,309.1,1.7,1.3,2016-03-13,15:20,T,64,5.0       ,297.9,18.4
15.595,99.303,308.3,1.7,1.3,2016-03-13,15:20,T,17,5.0       ,298.1,14.8
15.593,99.288,311.8,1.7,1.3,2016-03-13,15:20,T,65,5.0       ,297.8,22.6
15.593,99.298,309.7,1.7,1.3,2016-03-13,15:20,T,33,5.0       ,298.1,17.2
15.59,99.284,310.4,1.7,1.3,2016-03-13,15:20,T,29,5.0       ,297.4,19.8
15.638,99.291,308.4,1.7,1.3,2016-03-13,15:20,T,44,5.0       ,296.9,17.1
15.673,99.287,308.4,1.7,1.3,2016-03-13,15:20,T,60,5.0       ,295.7,18.8
16.527,104.62,307.9,1,1,2016-03-13,15:20,T,57,5.0       ,296.7,9.1
16.456,103.74,311.6,1,1,2016-03-13,15:20,T,76,5.0       ,296.5,12.2
16.207,102.004,314.5,1.1,1.1,2016-03-13,15:20,T,85,5.0       ,297.4,16.6
16.752,103.687,312,1,1,2016-03-13,15:20,T,77,5.0       ,296.7,13.4
16.751,103.678,307.8,1,1,2016-03-13,15:20,T,56,5.0       ,296.5,9.3
16.613,102.496,310.1,1.1,1,2016-03-13,15:20,T,69,5.0       ,296.5,12.3
16.267,100.097,311.7,1.5,1.2,2016-03-13,15:20,T,76,5.0       ,297.2,19.2
16.265,100.083,309.1,1.5,1.2,2016-03-13,15:20,T,64,5.0       ,297.2,14.9
16.873,103.691,312.9,1,1,2016-03-13,15:20,T,80,5.0       ,297,13.4
16.871,103.681,309.3,1,1,2016-03-13,15:20,T,65,5.0       ,296.5,9.9
3.167,98.375,340.2,3.4,1.7,2016-03-13,15:20,T,100,5.0       ,288.4,338.9
3.167,98.404,328.1,3.4,1.7,2016-03-13,15:20,T,100,5.0       ,289.1,224.5
3.162,98.366,330.9,3.4,1.7,2016-03-13,15:20,T,100,5.0       ,288.1,249.5
4.345,102.64,313.8,1.5,1.2,2016-03-13,15:20,T,83,5.0       ,293.3,27.3
4.347,102.634,313.1,1.5,1.2,2016-03-13,15:20,T,81,5.0       ,293.4,26.4
10.689,107.568,313.9,1.1,1.1,2016-03-13,15:20,T,84,5.0       ,295,17.5
10.7,107.577,305.7,1.1,1.1,2016-03-13,15:20,T,36,5.0       ,294.7,8.4
10.698,107.567,321.8,1.1,1.1,2016-03-13,15:20,T,100,5.0       ,294.8,28.1
11.056,107.358,305.5,1.1,1,2016-03-13,15:20,T,32,5.0       ,294.5,8
11.914,106.581,309,1,1,2016-03-13,15:20,T,64,5.0       ,296.7,9.7
12.138,106.07,311.7,1,1,2016-03-13,15:20,T,76,5.0       ,297.5,12.3
12.083,103.946,312.4,1,1,2016-03-13,15:20,T,78,5.0       ,296.6,11.4
12.387,105.808,308.2,1,1,2016-03-13,15:20,T,59,5.0       ,297.2,8.1
12.621,105.836,310.1,1,1,2016-03-13,15:20,T,69,5.0       ,297.8,9.4
12.631,105.844,309.5,1,1,2016-03-13,15:20,T,67,5.0       ,297.7,8.8
12.63,105.835,317.7,1,1,2016-03-13,15:20,T,94,5.0       ,297.6,17.7
12.636,105.359,314.4,1,1,2016-03-13,15:20,T,85,5.0       ,296.4,14.8
12.728,105.62,306.8,1,1,2016-03-13,15:20,T,49,5.0       ,296.6,7
12.795,105.769,319,1,1,2016-03-13,15:20,T,97,5.0       ,297.5,19.5
13.001,106.934,322.8,1.1,1,2016-03-13,15:20,T,100,5.0       ,297.7,26.1
13,106.924,317,1.1,1,2016-03-13,15:20,T,92,5.0       ,297.5,18
12.924,105.899,313.9,1,1,2016-03-13,15:20,T,83,5.0       ,297.5,13.9
12.96,105.629,309.1,1,1,2016-03-13,15:20,T,65,5.0       ,296.8,8.6
13.269,106.204,308.4,1,1,2016-03-13,15:20,T,61,5.0       ,296.4,9
13.102,104.879,306.2,1,1,2016-03-13,15:20,T,43,5.0       ,296.1,7
13.486,107.275,323,1.2,1.1,2016-03-13,15:20,T,100,5.0       ,298.2,29.3
13.496,107.273,318.8,1.2,1.1,2016-03-13,15:20,T,97,5.0       ,297.6,23.5
13.505,107.272,316.3,1.2,1.1,2016-03-13,15:20,T,91,5.0       ,297.5,19.3
13.523,107.259,307.4,1.2,1.1,2016-03-13,15:20,T,54,5.0       ,297.3,8.9
13.207,104.969,306.2,1,1,2016-03-13,15:20,T,43,5.0       ,295.6,6.9
13.175,104.685,306,1,1,2016-03-13,15:20,T,40,5.0       ,295.5,6.7
13.032,103.701,306.9,1,1,2016-03-13,15:20,T,49,5.0       ,295,8.3
13.031,103.692,310.4,1,1,2016-03-13,15:20,T,70,5.0       ,295,11.7
13.041,103.7,307.1,1,1,2016-03-13,15:20,T,52,5.0       ,295,8.7
13.252,105.093,308.8,1,1,2016-03-13,15:20,T,63,5.0       ,295.8,9.3
13.254,105.046,311.6,1,1,2016-03-13,15:20,T,76,5.0       ,296.4,11.3
13.253,105.037,309,1,1,2016-03-13,15:20,T,64,5.0       ,296.4,8.9
13.252,105.028,309.9,1,1,2016-03-13,15:20,T,68,5.0       ,296.5,9.7
13.449,105.972,306.4,1,1,2016-03-13,15:20,T,45,5.0       ,296.3,7
13.46,105.98,316.7,1,1,2016-03-13,15:20,T,92,5.0       ,296.5,17.1
13.458,105.971,327.1,1,1,2016-03-13,15:20,T,100,5.0       ,296.8,30.5
13.518,106.331,332.1,1.1,1,2016-03-13,15:20,T,100,5.0       ,298.6,39
13.516,106.322,310.4,1.1,1,2016-03-13,15:20,T,70,5.0       ,297.8,9.8
13.547,106.282,314.7,1.1,1,2016-03-13,15:20,T,86,5.0       ,297.7,14.4
13.545,106.272,316.1,1.1,1,2016-03-13,15:20,T,90,5.0       ,297.6,16
13.181,103.271,311.2,1.1,1,2016-03-13,15:20,T,74,5.0       ,296.2,11.3
13.648,106.349,311.5,1.1,1,2016-03-13,15:20,T,75,5.0       ,297.4,11.4
13.434,104.496,316.4,1,1,2016-03-13,15:20,T,91,5.0       ,296.8,16.3
13.442,104.495,311.9,1,1,2016-03-13,15:20,T,77,5.0       ,296.7,11.4
13.705,105.302,312.8,1,1,2016-03-13,15:20,T,80,5.0       ,296.7,11.7
13.704,105.293,311.2,1,1,2016-03-13,15:20,T,74,5.0       ,296.6,10
13.703,105.284,311,1,1,2016-03-13,15:20,T,73,5.0       ,296.7,9.9
13.701,105.275,310.4,1,1,2016-03-13,15:20,T,71,5.0       ,296.8,9.4
13.714,105.301,320.7,1,1,2016-03-13,15:20,T,100,5.0       ,297,20.7
13.647,104.638,307.1,1,1,2016-03-13,15:20,T,51,5.0       ,296.6,7.2
13.408,103.003,307.1,1.1,1,2016-03-13,15:20,T,51,5.0       ,296.4,7.1
14.024,107.276,306,1.2,1.1,2016-03-13,15:20,T,40,5.0       ,295.8,8.9
13.731,105.158,318.6,1,1,2016-03-13,15:20,T,96,5.0       ,296.9,19.1
14.026,107.269,315.4,1.2,1.1,2016-03-13,15:20,T,88,5.0       ,295.8,21
13.464,102.147,320.8,1.2,1.1,2016-03-13,15:20,T,100,5.0       ,295.9,29
14.39,107.417,316,1.2,1.1,2016-03-13,15:20,T,90,5.0       ,292.9,24.8
13.929,103.914,327.7,1,1,2016-03-13,15:20,T,100,5.0       ,296.9,31.1
14.056,104.087,307.3,1,1,2016-03-13,15:20,T,53,5.0       ,296.8,7.4
14.055,104.078,319.1,1,1,2016-03-13,15:20,T,97,5.0       ,297.2,19.7
14.727,106.862,311.8,1.1,1.1,2016-03-13,15:20,T,76,5.0       ,296.1,15
13.58,99.19,312,1.9,1.3,2016-03-13,15:20,T,77,5.0       ,294.3,33.7
13.635,98.974,306.8,2,1.4,2016-03-13,15:20,T,49,5.0       ,294.8,21.3
13.633,98.958,305.2,2,1.4,2016-03-13,15:20,T,22,5.0       ,294,18.1
14.414,99.479,308.7,1.7,1.3,2016-03-13,15:20,T,62,5.0       ,296,21.3
14.411,99.464,307.5,1.7,1.3,2016-03-13,15:20,T,54,5.0       ,296.1,19.2
14.881,102.379,308,1.1,1.1,2016-03-13,15:20,T,58,5.0       ,295.7,10.4
15.648,106.668,306,1.1,1.1,2016-03-13,15:20,T,26,5.0       ,295.5,7.3
15.658,106.666,306.5,1.1,1.1,2016-03-13,15:20,T,46,5.0       ,295.3,7.8
15.571,105.422,308,1,1,2016-03-13,15:20,T,57,5.0       ,296.1,8.8
16.23,106.829,308.8,1.2,1.1,2016-03-13,15:20,T,63,5.0       ,294,13.8
15.218,99.129,310.8,1.8,1.3,2016-03-13,15:20,T,72,5.0       ,296.4,24.8
16.127,104.855,311.3,1,1,2016-03-13,15:20,T,75,5.0       ,295.7,12.8
13.491,107.278,307.8,1.9,1.3,2016-03-13,18:10,A,57,5.0       ,295,23.3
13.515,106.342,305.6,2.2,1.4,2016-03-13,18:10,A,34,5.0       ,295.3,21.9
11.039,106.538,309.4,2,1.4,2016-03-13,18:10,A,66,5.0       ,293.7,30.9
11.037,106.556,309.8,2,1.4,2016-03-13,18:10,A,68,5.0       ,293.8,31.5
4.523,114.049,307.5,1.3,1.1,2016-03-13,18:10,A,55,5.0       ,289.6,15.6
4.521,114.061,313.5,1.3,1.1,2016-03-13,18:10,A,82,5.0       ,289.6,24.3
16.889,103.612,311.6,1,1,2016-03-13,15:20,T,76,5.0       ,296.7,12.8
16.314,99.683,311.8,1.6,1.2,2016-03-13,15:20,T,76,5.0       ,296.7,23.6
16.312,99.669,310.9,1.6,1.2,2016-03-13,15:20,T,73,5.0       ,296.9,22
16.315,99.676,318.8,1.6,1.2,2016-03-13,15:20,T,97,5.0       ,296.9,38.1
16.898,102.072,308.4,1.1,1.1,2016-03-13,15:20,T,42,5.0       ,296,10.7
16.907,102.07,335.6,1.1,1.1,2016-03-13,15:20,T,100,5.0       ,298.2,49.1
16.905,102.06,310.5,1.1,1.1,2016-03-13,15:20,T,67,5.0       ,297,10.9
16.89,101.711,305.4,1.2,1.1,2016-03-13,15:20,T,20,5.0       ,294,9
16.822,101.07,310.3,1.2,1.1,2016-03-13,15:20,T,70,5.0       ,296.6,16.8
16.945,101.781,307.6,1.1,1.1,2016-03-13,15:20,T,55,5.0       ,297.2,9.2
17.041,102.343,307.5,1.1,1,2016-03-13,15:20,T,54,5.0       ,296.4,9.1
17.111,101.886,316.8,1.1,1.1,2016-03-13,15:20,T,92,5.0       ,296,21.3
17.121,101.884,317.5,1.1,1.1,2016-03-13,15:20,T,94,5.0       ,294.7,22.4
17.191,102.244,306.7,1.1,1,2016-03-13,15:20,T,48,5.0       ,295.5,8.8
17.096,101.568,306.7,1.2,1.1,2016-03-13,15:20,T,48,5.0       ,296.4,9.1
17.139,101.779,311.7,1.1,1.1,2016-03-13,15:20,T,76,5.0       ,295,15.3
17.322,100.349,307,1.4,1.2,2016-03-13,15:20,T,51,5.0       ,295.4,12.6
17.594,102.027,308.2,1.1,1,2016-03-13,15:20,T,59,5.0       ,294.7,11
17.592,102.017,310.5,1.1,1,2016-03-13,15:20,T,71,5.0       ,295.5,13.6
17.633,101.867,308.8,1.1,1.1,2016-03-13,15:20,T,63,5.0       ,296.8,11
17.993,104.255,308.4,1,1,2016-03-13,15:20,T,60,5.0       ,295.4,9.9
18.228,99.869,311.5,1.4,1.2,2016-03-13,15:20,T,75,5.0       ,295.8,18.6
18.677,100.23,312.7,1.3,1.1,2016-03-13,15:20,T,79,5.0       ,297,17.9
19.904,103.701,310.7,1,1,2016-03-13,15:20,T,72,5.0       ,289.9,15.5
19.902,103.691,307.9,1,1,2016-03-13,15:20,T,58,5.0       ,289.6,12.9
19.913,103.699,323.6,1,1,2016-03-13,15:20,T,100,5.0       ,290.9,29.6
19.913,103.574,309.6,1,1,2016-03-13,15:20,T,67,5.0       ,289.7,14.3
20.101,103.473,315.8,1,1,2016-03-13,15:20,T,89,5.0       ,290,20.1
20.166,103.476,314.2,1,1,2016-03-13,15:20,T,84,5.0       ,289.8,18.8
20.175,103.474,320.4,1,1,2016-03-13,15:20,T,100,5.0       ,290.6,25.7
20.174,103.465,327.5,1,1,2016-03-13,15:20,T,100,5.0       ,290.7,34.8
20.313,103.736,307.9,1,1,2016-03-13,15:20,T,57,5.0       ,291,12.1
20.307,103.689,310.3,1,1,2016-03-13,15:20,T,46,5.0       ,290.8,13.3
20.305,103.679,310.1,1,1,2016-03-13,15:20,T,47,5.0       ,290.5,13
20.257,103.339,316.6,1,1,2016-03-13,15:20,T,91,5.0       ,290.1,21.7
20.402,103.58,312.1,1,1,2016-03-13,15:20,T,77,5.0       ,291,15.4
20.41,103.579,309.7,1,1,2016-03-13,15:20,T,68,5.0       ,291.7,13.3
20.508,104.073,308.8,1,1,2016-03-13,15:20,T,63,5.0       ,286.4,18.1
20.435,103.491,315.1,1,1,2016-03-13,15:20,T,87,5.0       ,289.8,19.4
20.673,103.741,317,1,1,2016-03-13,15:20,T,92,5.0       ,289,22.1
20.67,103.722,321.4,1,1,2016-03-13,15:20,T,100,5.0       ,289.2,27.6
20.487,99.497,311,1.4,1.2,2016-03-13,15:20,T,73,5.0       ,291.3,23.8
20.348,97.883,307.2,1.8,1.3,2016-03-13,15:20,T,53,5.0       ,292.6,20.3
1.107,104.273,308,1.3,1.1,2016-03-13,15:15,T,58,5.0       ,290.5,12.9
1.045,102.992,306.5,1.6,1.2,2016-03-13,15:15,T,43,5.0       ,289.1,16.8
0.988,102.434,315.5,1.8,1.3,2016-03-13,15:15,T,88,5.0       ,286.6,41.4
0.985,102.419,312.9,1.8,1.3,2016-03-13,15:15,T,80,5.0       ,288.8,35.1
0.999,102.433,317.1,1.8,1.3,2016-03-13,15:15,T,93,5.0       ,288.2,44.3
0.997,102.417,318.1,1.8,1.3,2016-03-13,15:15,T,95,5.0       ,290.5,46.5
0.995,102.428,329.2,1.8,1.3,2016-03-13,15:15,T,100,5.0       ,290.6,80.5
0.993,102.412,308.1,1.8,1.3,2016-03-13,15:15,T,45,5.0       ,290.3,21.8
1.007,102.426,311,1.8,1.3,2016-03-13,15:15,T,59,5.0       ,289.4,28.7
1.362,102.483,339.7,1.7,1.3,2016-03-13,15:15,T,100,5.0       ,293.7,112.8
1.359,102.467,306.6,1.7,1.3,2016-03-13,15:15,T,47,5.0       ,291.7,16.7
1.37,102.476,307.4,1.7,1.3,2016-03-13,15:15,T,47,5.0       ,292,16.5
23.414,96.379,306.6,2,1.4,2016-03-13,15:25,T,46,5.0       ,281.3,31.5
26.564,101.782,310.8,1,1,2016-03-13,15:25,T,72,5.0       ,291.8,14.6
26.563,101.772,315.5,1,1,2016-03-13,15:25,T,88,5.0       ,293.1,19.2
26.566,101.67,306.1,1,1,2016-03-13,15:25,T,41,5.0       ,294.1,9
26.575,101.668,338.2,1,1,2016-03-13,15:25,T,100,5.0       ,294.4,49.4
26.574,101.658,315.6,1,1,2016-03-13,15:25,T,89,5.0       ,292.2,17.8
27.728,102.205,310.2,1,1,2016-03-13,15:25,T,70,5.0       ,270,21.3