latitude,longitude,brightness,scan,track,acq_date,acq_time,satellite,confidence,version,bright_t31,frp
13.147,106.904,317.4,2,1.4,2016-02-08, 03:05,T,68,5.0       ,295.3,31.8
12.986,106.927,313.3,2,1.4,2016-02-08, 03:05,T,57,5.0       ,292.8,24.6
12.689,106.607,342.8,2.1,1.4,2016-02-08, 03:05,T,91,5.0       ,296.1,140.9
12.687,106.626,353.1,2.1,1.4,2016-02-08, 03:05,T,97,5.0       ,298.5,205.1
12.687,106.601,314.8,2.1,1.4,2016-02-08, 03:05,T,57,5.0       ,294.2,23.9
12.685,106.62,360.2,2.1,1.4,2016-02-08, 03:05,T,100,5.0       ,298.9,259.2
12.683,106.639,313.9,2.1,1.4,2016-02-08, 03:05,T,39,5.0       ,295.3,21.7
12.2,106.843,313.8,2,1.4,2016-02-08, 03:05,T,17,5.0       ,294.7,21.4
12.385,105.142,314.9,2.7,1.6,2016-02-08, 03:05,T,56,5.0       ,298.2,35.3
12.226,105.117,316.4,2.7,1.6,2016-02-08, 03:05,T,66,5.0       ,297.1,38
12.221,105.109,317.8,2.7,1.6,2016-02-08, 03:05,T,68,5.0       ,297,48.6
11.306,108.346,323.9,1.5,1.2,2016-02-08, 03:05,T,77,5.0       ,305.3,21.3
-2.93,132.304,317.3,1.1,1,2016-02-08, 01:30,T,0,5.0       ,299.5,10.7
12.411,103.173,325.4,2.2,1.4,2016-02-08, 06:05,A,73,5.0       ,295.5,75.1
12.784,105.528,316.1,1.5,1.2,2016-02-08, 06:05,A,54,5.0       ,298.7,18.6
12.664,104.738,313.8,1.7,1.3,2016-02-08, 06:05,A,59,5.0       ,298.7,20.4
12.774,105.337,333.4,1.5,1.2,2016-02-08, 06:05,A,85,5.0       ,299.3,58.3
12.772,105.324,337.4,1.5,1.2,2016-02-08, 06:05,A,88,5.0       ,300.1,67.9
12.663,104.66,313.7,1.7,1.3,2016-02-08, 06:05,A,24,5.0       ,297.1,17.4
12.413,103.188,318,2.2,1.4,2016-02-08, 06:05,A,69,5.0       ,296.1,47
12.409,103.168,316.2,2.2,1.4,2016-02-08, 06:05,A,63,5.0       ,294.9,43.1
12.813,105.51,324,1.5,1.2,2016-02-08, 06:05,A,77,5.0       ,296.4,38.3
12.811,105.497,340.9,1.5,1.2,2016-02-08, 06:05,A,90,5.0       ,298.5,84.8
13.07,106.94,323.3,1.2,1.1,2016-02-08, 06:05,A,76,5.0       ,298.3,16.6
12.866,105.636,310.5,1.4,1.2,2016-02-08, 06:05,A,27,5.0       ,295.1,12.8
12.864,105.623,337.4,1.4,1.2,2016-02-08, 06:05,A,88,5.0       ,297.8,71.7
12.858,105.583,312.8,1.4,1.2,2016-02-08, 06:05,A,52,5.0       ,298.5,12.8
12.839,105.465,317.3,1.5,1.2,2016-02-08, 06:05,A,45,5.0       ,299.3,20.3
13.076,106.917,317.3,1.2,1.1,2016-02-08, 06:05,A,36,5.0       ,296.8,9.1
12.94,106.036,324.6,1.3,1.1,2016-02-08, 06:05,A,72,5.0       ,299.1,25.7
12.92,105.913,326.6,1.4,1.2,2016-02-08, 06:05,A,80,5.0       ,298.2,32.7
12.964,106,321.4,1.3,1.1,2016-02-08, 06:05,A,73,5.0       ,299.6,22.2
12.962,105.988,320.5,1.3,1.2,2016-02-08, 06:05,A,64,5.0       ,297.4,20.2
13.166,107.093,323.3,1.2,1.1,2016-02-08, 06:05,A,76,5.0       ,297.5,16.5
12.979,105.896,327.8,1.4,1.2,2016-02-08, 06:05,A,81,5.0       ,299.8,39.4
12.977,105.884,336.6,1.4,1.2,2016-02-08, 06:05,A,88,5.0       ,298.5,62.8
12.961,105.784,314.8,1.4,1.2,2016-02-08, 06:05,A,39,5.0       ,296.5,13.6
12.507,103.042,319.5,2.3,1.5,2016-02-08, 06:05,A,69,5.0       ,292.2,68.5
12.768,104.524,315,1.7,1.3,2016-02-08, 06:05,A,63,5.0       ,298.4,25.2
13.078,106.395,321.9,1.3,1.1,2016-02-08, 06:05,A,75,5.0       ,306.3,9.1
12.78,104.522,311.4,1.7,1.3,2016-02-08, 06:05,A,21,5.0       ,298.5,14.6
12.576,103.215,310.7,2.2,1.4,2016-02-08, 06:05,A,29,5.0       ,295.7,26.4
12.974,105.597,321.1,1.4,1.2,2016-02-08, 06:05,A,73,5.0       ,299,28.9
12.972,105.584,328.3,1.4,1.2,2016-02-08, 06:05,A,81,5.0       ,298.4,47
12.523,102.822,320.7,2.3,1.5,2016-02-08, 06:05,A,69,5.0       ,296.6,59.9
12.52,102.801,315,2.3,1.5,2016-02-08, 06:05,A,47,5.0       ,293.5,42.1
12.964,105.464,346.7,1.5,1.2,2016-02-08, 06:05,A,93,5.0       ,302.8,96.6
12.962,105.451,341,1.5,1.2,2016-02-08, 06:05,A,90,5.0       ,301.5,76.3
12.809,104.485,314.4,1.7,1.3,2016-02-08, 06:05,A,38,5.0       ,298.2,19
12.571,103.027,315.5,2.3,1.5,2016-02-08, 06:05,A,34,5.0       ,300.3,33.2
12.547,102.883,319,2.3,1.5,2016-02-08, 06:05,A,58,5.0       ,298,41.4
12.978,105.591,328.9,1.4,1.2,2016-02-08, 06:05,A,82,5.0       ,299.3,44.8
12.939,105.353,320.5,1.5,1.2,2016-02-08, 06:05,A,67,5.0       ,305.9,13.5
12.786,104.435,312,1.7,1.3,2016-02-08, 06:05,A,0,5.0       ,297.9,15.1
12.968,105.458,361.9,1.5,1.2,2016-02-08, 06:05,A,100,5.0       ,305.3,161.8
12.805,104.48,319,1.7,1.3,2016-02-08, 06:05,A,70,5.0       ,298.8,29.7
12.519,102.818,319.4,2.3,1.5,2016-02-08, 06:05,A,63,5.0       ,296.3,53.4
12.877,104.842,319.9,1.6,1.3,2016-02-08, 06:05,A,68,5.0       ,301.1,26
12.569,103.023,314.1,2.3,1.5,2016-02-08, 06:05,A,35,5.0       ,299.9,29.9
12.543,102.878,316.4,2.3,1.5,2016-02-08, 06:05,A,33,5.0       ,297.7,31.6
13.115,106.24,325.7,1.3,1.1,2016-02-08, 06:05,A,33,5.0       ,306.6,21.4
13.395,107.999,318.5,1.1,1,2016-02-08, 06:05,A,70,5.0       ,297.6,9.2
12.58,102.936,315.1,2.3,1.5,2016-02-08, 06:05,A,58,5.0       ,299.7,25.4
12.577,102.915,314.9,2.3,1.5,2016-02-08, 06:05,A,27,5.0       ,297.9,22.9
13.245,106.944,319.2,1.2,1.1,2016-02-08, 06:05,A,69,5.0       ,298.8,8.5
13.243,106.933,321,1.2,1.1,2016-02-08, 06:05,A,70,5.0       ,301.6,11.2
13.225,106.814,323.3,1.2,1.1,2016-02-08, 06:05,A,58,5.0       ,302.4,17
13.012,105.464,321,1.5,1.2,2016-02-08, 06:05,A,57,5.0       ,300.2,28.1
13.442,108.001,328.9,1.1,1,2016-02-08, 06:05,A,82,5.0       ,298.2,23.7
30.082,114.734,312.1,1.1,1,2016-02-08, 03:00,T,51,5.0       ,289.8,16.8
29.727,114.827,322.9,1.1,1,2016-02-08, 03:00,T,76,5.0       ,293.2,30.9
29.091,118.936,316.3,1.1,1.1,2016-02-08, 03:00,T,66,5.0       ,287.9,26.2
29.651,114.92,334.6,1.1,1,2016-02-08, 03:00,T,86,5.0       ,291.3,48.4
29.642,114.918,339.4,1.1,1,2016-02-08, 03:00,T,89,5.0       ,292,58.2
29.641,114.929,314.5,1.1,1,2016-02-08, 03:00,T,54,5.0       ,288.3,19.8
29.633,114.916,319.4,1.1,1,2016-02-08, 03:00,T,71,5.0       ,288.4,25.5
29.559,115.065,310.7,1.1,1,2016-02-08, 03:00,T,41,5.0       ,289.1,15.2
28.546,118.521,316.9,1.1,1,2016-02-08, 03:00,T,52,5.0       ,287.9,23.4
28.815,113.176,328.7,1.2,1.1,2016-02-08, 03:00,T,82,5.0       ,289.3,48.3
28.815,113.17,311,1.2,1.1,2016-02-08, 03:00,T,45,5.0       ,289.1,20.4
28.813,113.182,320.3,1.2,1.1,2016-02-08, 03:00,T,72,5.0       ,288.2,34.3
28.444,112.371,316.8,1.4,1.2,2016-02-08, 03:00,T,67,5.0       ,290.9,31.8
28.434,112.37,346.2,1.4,1.2,2016-02-08, 03:00,T,93,5.0       ,292.9,103.3
28.005,111.756,318.2,1.5,1.2,2016-02-08, 03:00,T,69,5.0       ,290.7,37.2
27.831,112.9,313.2,1.3,1.1,2016-02-08, 03:00,T,57,5.0       ,291.1,22.9
27.902,111.764,314.5,1.5,1.2,2016-02-08, 03:00,T,61,5.0       ,291.7,30.1
27.803,111.638,324.8,1.5,1.2,2016-02-08, 03:00,T,78,5.0       ,292.7,51.3
27.811,111.634,312.4,1.5,1.2,2016-02-08, 03:00,T,54,5.0       ,292.3,25.5
27.627,111.584,312.5,1.5,1.2,2016-02-08, 03:00,T,54,5.0       ,289.3,26.3
27.622,111.593,310.4,1.5,1.2,2016-02-08, 03:00,T,38,5.0       ,289.7,25.2
27.596,111.724,311.1,1.5,1.2,2016-02-08, 03:00,T,46,5.0       ,289.4,24.8
27.15,113.056,314.6,1.2,1.1,2016-02-08, 03:00,T,61,5.0       ,293.6,23
26.466,112.901,317.7,1.2,1.1,2016-02-08, 03:00,T,68,5.0       ,290.6,27
26.456,112.9,312.9,1.2,1.1,2016-02-08, 03:00,T,56,5.0       ,290,19.6
25.424,112.444,318.3,1.2,1.1,2016-02-08, 03:00,T,69,5.0       ,291.1,28.2
25.423,112.45,310,1.2,1.1,2016-02-08, 03:00,T,15,5.0       ,290.7,16.5
25.013,113.11,321.7,1.1,1.1,2016-02-08, 03:00,T,74,5.0       ,291.3,29.6
25.012,113.121,316,1.1,1.1,2016-02-08, 03:00,T,65,5.0       ,293.8,21.3
24.982,113.049,318.9,1.1,1.1,2016-02-08, 03:00,T,70,5.0       ,290.1,26.3
24.981,113.06,328.7,1.1,1.1,2016-02-08, 03:00,T,82,5.0       ,290.2,41.2
24.979,113.071,327.1,1.1,1.1,2016-02-08, 03:00,T,80,5.0       ,289.7,37
24.977,113.053,330.1,1.1,1.1,2016-02-08, 03:00,T,83,5.0       ,291.4,45.8
24.976,113.064,327.7,1.1,1.1,2016-02-08, 03:00,T,81,5.0       ,291,39.6
24.974,113.075,327.3,1.1,1.1,2016-02-08, 03:00,T,80,5.0       ,290.7,39.1
24.965,113.073,346,1.1,1.1,2016-02-08, 03:00,T,93,5.0       ,293.5,79.1
24.964,113.084,338.8,1.1,1.1,2016-02-08, 03:00,T,89,5.0       ,293.7,61.6
24.133,116.857,327.6,1.1,1,2016-02-08, 03:00,T,81,5.0       ,292.1,36.4
24.055,116.649,318.5,1,1,2016-02-08, 03:00,T,70,5.0       ,290.1,25
24.053,116.66,314.1,1,1,2016-02-08, 03:00,T,60,5.0       ,289.4,20.1
24.546,112.84,312,1.2,1.1,2016-02-08, 03:00,T,52,5.0       ,290.7,18.9
24.128,114.612,367.8,1,1,2016-02-08, 03:00,T,100,5.0       ,294.1,124.3
24.127,114.622,340.2,1,1,2016-02-08, 03:00,T,90,5.0       ,291.7,55.3
23.454,114.561,310.9,1,1,2016-02-08, 03:00,T,44,5.0       ,290,14.5
22.4,113.945,319.5,1,1,2016-02-08, 03:00,T,48,5.0       ,293.9,19.1
22.396,111.256,311.4,1.3,1.1,2016-02-08, 03:00,T,48,5.0       ,292.5,20.7
-0.455,116.393,319.4,2.3,1.5,2016-02-08, 03:10,T,71,5.0       ,291.8,50
-0.453,116.388,317.3,2.3,1.5,2016-02-08, 03:10,T,68,5.0       ,291.9,39.7
-6.964,107.806,316.1,1,1,2016-02-08, 03:10,T,17,5.0       ,296,8.9
-7.01,107.743,313.3,1,1,2016-02-08, 03:10,T,57,5.0       ,295.3,8.4
-7.048,107.75,317.9,1,1,2016-02-08, 03:10,T,28,5.0       ,295.7,11.1
-11.724,142.51,330.8,1.2,1.1,2016-02-08, 04:20,A,58,5.0       ,303.7,25.5
-11.716,142.497,330,1.2,1.1,2016-02-08, 04:20,A,51,5.0       ,304,24.2
26.752,95.212,314.4,1.3,1.2,2016-02-08, 04:40,T,41,5.0       ,295.7,22.2
26.725,95.128,310.1,1.3,1.1,2016-02-08, 04:40,T,29,5.0       ,293.7,16.8
26.088,92.837,311.7,1.1,1,2016-02-08, 04:40,T,50,5.0       ,298.6,9.1
25.648,91.747,319.3,1,1,2016-02-08, 04:40,T,71,5.0       ,296,21.2
22.463,95.778,315.1,1.8,1.3,2016-02-08, 04:40,T,46,5.0       ,295.2,18.4
23.089,89.593,317,1,1,2016-02-08, 04:40,T,64,5.0       ,302.2,13.9
22.002,93.323,315.4,1.2,1.1,2016-02-08, 04:40,T,63,5.0       ,288.6,24.4
19.675,96.354,317.1,2.2,1.4,2016-02-08, 04:40,T,30,5.0       ,297.5,42.3
19.784,95.029,314.1,1.8,1.3,2016-02-08, 04:40,T,50,5.0       ,296.8,18.5
16.307,97.676,328.3,3.2,1.7,2016-02-08, 04:40,T,71,5.0       ,303.1,148.2
16.292,97.673,322,3.2,1.7,2016-02-08, 04:40,T,56,5.0       ,302,104.2
16.31,97.67,323.7,3.2,1.7,2016-02-08, 04:40,T,67,5.0       ,303.2,118.9
16.295,97.667,333.5,3.2,1.7,2016-02-08, 04:40,T,65,5.0       ,302.4,190.7
16.145,95.372,329.3,2.2,1.4,2016-02-08, 04:40,T,82,5.0       ,297.9,99
16.026,95.448,312.5,2.2,1.4,2016-02-08, 04:40,T,52,5.0       ,292.5,35.4
14.004,99.193,312.8,4.7,2,2016-02-08, 04:40,T,56,5.0       ,298.6,96.7
14.005,99.186,313.9,4.7,2,2016-02-08, 04:40,T,59,5.0       ,298.7,107.1
-0.038,117.389,333.7,1.7,1.3,2016-02-08, 06:05,A,82,5.0       ,298.7,51.6
-0.053,116.411,324.4,1.5,1.2,2016-02-08, 06:05,A,52,5.0       ,297.3,25.3
0.202,117.48,325.3,1.8,1.3,2016-02-08, 06:05,A,62,5.0       ,293.2,38.2
10.693,104.301,330.6,1.9,1.4,2016-02-08, 06:05,A,83,5.0       ,305.6,68.8
10.638,103.658,310.9,2.2,1.4,2016-02-08, 06:05,A,32,5.0       ,293.5,23.8
10.647,103.555,311.6,2.2,1.4,2016-02-08, 06:05,A,47,5.0       ,291.3,29.9
10.692,103.588,310.5,2.2,1.4,2016-02-08, 06:05,A,25,5.0       ,295,22.1
11.142,106.327,319.4,1.4,1.2,2016-02-08, 06:05,A,38,5.0       ,303.2,15.2
10.714,103.644,316.3,2.2,1.4,2016-02-08, 06:05,A,58,5.0       ,299.6,34
10.838,104.325,319.5,1.9,1.4,2016-02-08, 06:05,A,71,5.0       ,303.9,21.8
10.717,103.657,316.4,2.2,1.4,2016-02-08, 06:05,A,27,5.0       ,300.2,27.9
10.842,104.318,320.9,1.9,1.4,2016-02-08, 06:05,A,73,5.0       ,302.8,24.1
10.834,104.193,319,2,1.4,2016-02-08, 06:05,A,65,5.0       ,303.1,30.6
10.885,104.202,318.3,2,1.4,2016-02-08, 06:05,A,58,5.0       ,303.6,25.2
11.186,105.137,312.8,1.6,1.3,2016-02-08, 06:05,A,56,5.0       ,297.2,17.8
11.197,105.135,312.7,1.6,1.3,2016-02-08, 06:05,A,55,5.0       ,297.8,17.3
10.956,103.271,337.4,2.3,1.5,2016-02-08, 06:05,A,83,5.0       ,293.6,138.6
11.846,108.863,322.4,1,1,2016-02-08, 06:05,A,65,5.0       ,303.4,11.9
10.969,103.286,317.1,2.3,1.5,2016-02-08, 06:05,A,67,5.0       ,291.3,45.2
10.966,103.265,329.8,2.3,1.5,2016-02-08, 06:05,A,83,5.0       ,293.7,100.9
11.141,104.232,318.9,1.9,1.4,2016-02-08, 06:05,A,65,5.0       ,304.3,25.2
11.038,103.295,311.6,2.3,1.5,2016-02-08, 06:05,A,47,5.0       ,295.9,29.5
14.236,105.184,315.2,1.5,1.2,2016-02-08, 06:10,A,61,5.0       ,292.9,23.6
14.234,105.17,313.5,1.5,1.2,2016-02-08, 06:10,A,57,5.0       ,288.6,20.7
14.093,104.315,333.9,1.7,1.3,2016-02-08, 06:10,A,86,5.0       ,300.9,69.9
14.031,103.95,320.9,1.8,1.3,2016-02-08, 06:10,A,63,5.0       ,299,30.1
14.015,103.782,351.3,1.9,1.3,2016-02-08, 06:10,A,96,5.0       ,294.7,167.2
14.374,105.908,315.1,1.3,1.1,2016-02-08, 06:10,A,43,5.0       ,295.3,15.3
14.198,104.81,322.4,1.5,1.2,2016-02-08, 06:10,A,75,5.0       ,296.4,26.7
14.044,103.88,319,1.8,1.3,2016-02-08, 06:10,A,64,5.0       ,303.7,20.6
14.188,104.68,321.7,1.6,1.2,2016-02-08, 06:10,A,33,5.0       ,301.9,22.7
14.03,103.727,328.6,1.9,1.3,2016-02-08, 06:10,A,82,5.0       ,288.4,73.3
14.189,104.62,317.5,1.6,1.2,2016-02-08, 06:10,A,68,5.0       ,300.4,14.5
14.089,104.007,336.4,1.8,1.3,2016-02-08, 06:10,A,88,5.0       ,300.6,72.7
14.503,106.472,317.5,1.2,1.1,2016-02-08, 06:10,A,67,5.0       ,300.3,17.8
14.501,106.461,314.6,1.2,1.1,2016-02-08, 06:10,A,60,5.0       ,299.7,13.9
14.246,104.831,329.6,1.5,1.2,2016-02-08, 06:10,A,82,5.0       ,300.5,39.5
14.218,104.712,316.3,1.6,1.2,2016-02-08, 06:10,A,32,5.0       ,300.4,10
14.25,104.838,320.3,1.5,1.2,2016-02-08, 06:10,A,61,5.0       ,300,17
14.248,104.824,330.4,1.5,1.2,2016-02-08, 06:10,A,83,5.0       ,302.2,42.6
14.234,104.739,320.2,1.6,1.2,2016-02-08, 06:10,A,63,5.0       ,303.8,19.2
14.252,104.78,328.9,1.6,1.2,2016-02-08, 06:10,A,82,5.0       ,302.6,39.6
14.249,104.766,330.9,1.6,1.2,2016-02-08, 06:10,A,83,5.0       ,303.5,45.5
14.426,105.781,321.3,1.3,1.1,2016-02-08, 06:10,A,52,5.0       ,306.2,16.2
14.281,104.89,318.9,1.5,1.2,2016-02-08, 06:10,A,50,5.0       ,300.5,13.8
11.418,105.571,323.3,1.5,1.2,2016-02-08, 06:05,A,74,5.0       ,306.5,22.8
11.409,105.164,323.1,1.6,1.3,2016-02-08, 06:05,A,76,5.0       ,300.5,39.5
11.401,104.316,319.1,1.9,1.3,2016-02-08, 06:05,A,63,5.0       ,305.5,20.6
11.426,104.426,318.5,1.8,1.3,2016-02-08, 06:05,A,70,5.0       ,303.3,19
12.081,108.514,310.4,1,1,2016-02-08, 06:05,A,21,5.0       ,293.7,7.4
11.413,104.202,335.2,1.9,1.4,2016-02-08, 06:05,A,87,5.0       ,303,83.8
11.41,104.185,316.3,1.9,1.4,2016-02-08, 06:05,A,40,5.0       ,302.2,17
11.428,104.217,318.4,1.9,1.4,2016-02-08, 06:05,A,63,5.0       ,302.3,20
11.425,104.2,333.1,1.9,1.4,2016-02-08, 06:05,A,85,5.0       ,304.4,73.6
12.062,108.073,331.3,1.1,1,2016-02-08, 06:05,A,84,5.0       ,293.4,37.1
11.451,104.03,315.1,2,1.4,2016-02-08, 06:05,A,55,5.0       ,296.2,38.4
11.498,104.235,318.3,1.9,1.3,2016-02-08, 06:05,A,58,5.0       ,303.6,17.9
11.495,104.218,327.3,1.9,1.3,2016-02-08, 06:05,A,80,5.0       ,303.7,48.1
11.535,104.386,324,1.9,1.3,2016-02-08, 06:05,A,77,5.0       ,304.3,32.6
11.507,104.216,319.9,1.9,1.3,2016-02-08, 06:05,A,72,5.0       ,304.2,24.6
11.429,103.749,315.1,2.1,1.4,2016-02-08, 06:05,A,61,5.0       ,298.8,36.8
11.687,105.249,323.4,1.6,1.2,2016-02-08, 06:05,A,76,5.0       ,305,21.6
11.685,105.234,323.7,1.6,1.2,2016-02-08, 06:05,A,77,5.0       ,304.3,23.4
11.481,103.988,311,2,1.4,2016-02-08, 06:05,A,44,5.0       ,296.4,29.4
11.478,103.97,334.4,2,1.4,2016-02-08, 06:05,A,86,5.0       ,298,112.1
11.808,105.804,325.4,1.4,1.2,2016-02-08, 06:05,A,60,5.0       ,306.6,20.7
11.926,106.369,324.5,1.3,1.1,2016-02-08, 06:05,A,78,5.0       ,303.1,18.1
11.924,106.357,323.9,1.3,1.1,2016-02-08, 06:05,A,70,5.0       ,304,16
11.83,105.767,320.9,1.5,1.2,2016-02-08, 06:05,A,46,5.0       ,301.3,14.4
11.843,105.779,321.4,1.4,1.2,2016-02-08, 06:05,A,43,5.0       ,302.9,13.9
11.841,105.766,325.4,1.5,1.2,2016-02-08, 06:05,A,79,5.0       ,302.5,24.1
11.53,103.801,315.2,2.1,1.4,2016-02-08, 06:05,A,59,5.0       ,299.4,31
11.941,106.267,322.4,1.3,1.1,2016-02-08, 06:05,A,71,5.0       ,302.9,15.9
11.434,103.151,324.2,2.3,1.5,2016-02-08, 06:05,A,77,5.0       ,293.3,78.6
11.431,103.131,369.9,2.3,1.5,2016-02-08, 06:05,A,100,5.0       ,297.1,418.6
11.94,106.192,321.8,1.4,1.2,2016-02-08, 06:05,A,74,5.0       ,302.9,18.3
12.012,106.584,325.6,1.3,1.1,2016-02-08, 06:05,A,67,5.0       ,300.9,23.3
11.607,103.958,322.7,2,1.4,2016-02-08, 06:05,A,76,5.0       ,302.2,38.5
11.604,103.94,317.1,2,1.4,2016-02-08, 06:05,A,54,5.0       ,301.3,21.5
11.702,104.469,319.7,1.8,1.3,2016-02-08, 06:05,A,40,5.0       ,304.1,18
11.656,104.184,319.5,1.9,1.3,2016-02-08, 06:05,A,61,5.0       ,302.7,23.5
11.619,103.955,330.3,2,1.4,2016-02-08, 06:05,A,83,5.0       ,300.8,64.9
12.201,107.667,326,1.1,1.1,2016-02-08, 06:05,A,67,5.0       ,298.4,25.7
12.21,107.666,317.9,1.1,1.1,2016-02-08, 06:05,A,26,5.0       ,297.7,15.4
11.612,103.97,319.7,2,1.4,2016-02-08, 06:05,A,43,5.0       ,301.5,27.1
11.609,103.952,334.3,2,1.4,2016-02-08, 06:05,A,86,5.0       ,302.2,81.9
11.736,104.339,321.6,1.9,1.3,2016-02-08, 06:05,A,74,5.0       ,305.8,28.6
11.674,103.885,320,2,1.4,2016-02-08, 06:05,A,70,5.0       ,302.9,30.2
11.751,104.285,319.2,1.9,1.3,2016-02-08, 06:05,A,44,5.0       ,304.1,25.6
12.065,106.204,318.7,1.3,1.2,2016-02-08, 06:05,A,45,5.0       ,296.5,11.9
11.677,103.878,318.8,2,1.4,2016-02-08, 06:05,A,51,5.0       ,303.1,25.6
12.196,106.845,320.5,1.2,1.1,2016-02-08, 06:05,A,52,5.0       ,290,17.7
12.194,106.834,343.6,1.2,1.1,2016-02-08, 06:05,A,92,5.0       ,292.9,64.8
12.101,106.241,337,1.3,1.1,2016-02-08, 06:05,A,88,5.0       ,298.1,52.1
11.735,103.997,347,2,1.4,2016-02-08, 06:05,A,94,5.0       ,305.9,138.5
11.732,103.979,337.7,2,1.4,2016-02-08, 06:05,A,88,5.0       ,303.5,94.8
12.082,106.055,317.2,1.4,1.2,2016-02-08, 06:05,A,51,5.0       ,294,13.4
12.191,106.684,318.3,1.3,1.1,2016-02-08, 06:05,A,57,5.0       ,289.8,12.2
12.094,106.066,332.7,1.4,1.2,2016-02-08, 06:05,A,85,5.0       ,297.6,44.3
12.218,106.796,333.6,1.2,1.1,2016-02-08, 06:05,A,84,5.0       ,292.2,42.4
12.174,106.51,326.4,1.3,1.1,2016-02-08, 06:05,A,80,5.0       ,297.9,25.6
12.042,105.597,318.4,1.5,1.2,2016-02-08, 06:05,A,68,5.0       ,298.4,17.5
12.238,106.792,326.1,1.2,1.1,2016-02-08, 06:05,A,62,5.0       ,292.1,28.4
12.233,106.759,323.6,1.2,1.1,2016-02-08, 06:05,A,75,5.0       ,292.7,19.4
11.945,104.914,315.4,1.7,1.3,2016-02-08, 06:05,A,40,5.0       ,299.1,15.9
11.811,104.002,317.3,2,1.4,2016-02-08, 06:05,A,52,5.0       ,299.3,18.5
11.943,104.91,318.6,1.7,1.3,2016-02-08, 06:05,A,53,5.0       ,298.5,23.1
12.342,107.262,328.2,1.2,1.1,2016-02-08, 06:05,A,81,5.0       ,294.5,37
12.34,107.252,314.4,1.2,1.1,2016-02-08, 06:05,A,54,5.0       ,296.2,15.9
12.255,106.703,353.3,1.2,1.1,2016-02-08, 06:05,A,97,5.0       ,298.1,91.5
12.253,106.692,339.1,1.3,1.1,2016-02-08, 06:05,A,89,5.0       ,297.2,50.9
11.817,104.014,317.4,2,1.4,2016-02-08, 06:05,A,58,5.0       ,300.4,20
12.275,106.7,326.9,1.2,1.1,2016-02-08, 06:05,A,66,5.0       ,295.5,22.1
12.178,106.084,315.7,1.4,1.2,2016-02-08, 06:05,A,64,5.0       ,297.7,9.6
12.17,106.035,316.1,1.4,1.2,2016-02-08, 06:05,A,52,5.0       ,296.9,9.7
12.219,106.278,319.9,1.3,1.1,2016-02-08, 06:05,A,57,5.0       ,296.9,12
11.681,102.982,314.1,2.4,1.5,2016-02-08, 06:05,A,60,5.0       ,295.2,47.2
12.286,106.64,316.9,1.3,1.1,2016-02-08, 06:05,A,49,5.0       ,294.7,9.2
12.308,106.718,340.7,1.2,1.1,2016-02-08, 06:05,A,90,5.0       ,303,51.4
12.306,106.706,343,1.2,1.1,2016-02-08, 06:05,A,92,5.0       ,302.5,56.2
12.139,105.63,324.7,1.5,1.2,2016-02-08, 06:05,A,53,5.0       ,300.9,30.3
11.944,104.41,323,1.8,1.3,2016-02-08, 06:05,A,76,5.0       ,304.1,31.2
12.328,106.784,325.1,1.2,1.1,2016-02-08, 06:05,A,60,5.0       ,292,26.9
12.338,106.782,323.1,1.2,1.1,2016-02-08, 06:05,A,20,5.0       ,295.4,21.8
12.326,106.703,337.7,1.2,1.1,2016-02-08, 06:05,A,88,5.0       ,298.7,45
12.326,106.696,327.2,1.2,1.1,2016-02-08, 06:05,A,48,5.0       ,299.8,23.2
11.953,104.419,318.3,1.8,1.3,2016-02-08, 06:05,A,37,5.0       ,302.8,17.9
12.206,105.814,318.6,1.4,1.2,2016-02-08, 06:05,A,62,5.0       ,296.9,21.4
12.219,105.759,320.2,1.4,1.2,2016-02-08, 06:05,A,70,5.0       ,296.3,25.2
11.936,104.023,316.5,1.9,1.4,2016-02-08, 06:05,A,59,5.0       ,298,38
11.993,103.994,322.8,1.9,1.4,2016-02-08, 06:05,A,73,5.0       ,298.4,52.8
12.476,107.064,313.6,1.2,1.1,2016-02-08, 06:05,A,43,5.0       ,295.5,12.3
12.474,107.053,320.2,1.2,1.1,2016-02-08, 06:05,A,72,5.0       ,294.1,21.8
12.447,106.878,315.1,1.2,1.1,2016-02-08, 06:05,A,24,5.0       ,291.4,13.4
11.991,104.099,311,1.9,1.3,2016-02-08, 06:05,A,23,5.0       ,294.7,25.2
12.455,106.865,328.4,1.2,1.1,2016-02-08, 06:05,A,81,5.0       ,292.6,35.3
12.546,107.387,316.3,1.1,1.1,2016-02-08, 06:05,A,65,5.0       ,289.7,15.5
11.997,103.989,316.4,1.9,1.4,2016-02-08, 06:05,A,58,5.0       ,298.4,34.2
12.55,107.355,316.7,1.1,1.1,2016-02-08, 06:05,A,41,5.0       ,292,12.9
12.515,106.866,315.8,1.2,1.1,2016-02-08, 06:05,A,64,5.0       ,293.3,13.8
12.327,105.655,310,1.5,1.2,2016-02-08, 06:05,A,14,5.0       ,293.2,8.9
12.13,104.35,333.6,1.8,1.3,2016-02-08, 06:05,A,86,5.0       ,301.4,75.4
12.519,106.763,318.9,1.2,1.1,2016-02-08, 06:05,A,61,5.0       ,298.9,11.1
12.518,106.752,318.6,1.2,1.1,2016-02-08, 06:05,A,62,5.0       ,298.8,10.8
12.52,106.756,323.3,1.2,1.1,2016-02-08, 06:05,A,76,5.0       ,299.2,17.7
12.125,104.344,328.4,1.8,1.3,2016-02-08, 06:05,A,81,5.0       ,301,55.7
12.608,107.123,318.9,1.2,1.1,2016-02-08, 06:05,A,70,5.0       ,297.6,18.8
12.376,105.653,313.5,1.4,1.2,2016-02-08, 06:05,A,51,5.0       ,296.4,12.2
12.556,106.728,318.7,1.2,1.1,2016-02-08, 06:05,A,56,5.0       ,300,14.2
12.499,106.163,317.5,1.3,1.1,2016-02-08, 06:05,A,68,5.0       ,296.7,10.8
12.298,104.892,325.5,1.6,1.3,2016-02-08, 06:05,A,39,5.0       ,305.6,33.4
12.152,103.917,317.2,2,1.4,2016-02-08, 06:05,A,65,5.0       ,300.1,30.3
12.239,104.374,315.2,1.8,1.3,2016-02-08, 06:05,A,63,5.0       ,300.6,15.9
12.215,104.226,316.4,1.9,1.3,2016-02-08, 06:05,A,42,5.0       ,301.1,21.6
12.19,104.073,326.1,1.9,1.3,2016-02-08, 06:05,A,66,5.0       ,303,51
12.045,103.182,336.2,2.2,1.5,2016-02-08, 06:05,A,87,5.0       ,295.5,138.2
12.462,105.82,317.1,1.4,1.2,2016-02-08, 06:05,A,56,5.0       ,297,11
12.143,103.914,319.8,2,1.4,2016-02-08, 06:05,A,71,5.0       ,299.9,38.7
12.208,104.222,318.5,1.9,1.3,2016-02-08, 06:05,A,68,5.0       ,301.2,27.9
12.182,104.07,329.1,1.9,1.3,2016-02-08, 06:05,A,78,5.0       ,301,64.7
12.046,103.198,313.4,2.2,1.4,2016-02-08, 06:05,A,52,5.0       ,296,38.8
12.042,103.178,330.5,2.2,1.5,2016-02-08, 06:05,A,83,5.0       ,294.8,111.5
12.614,106.573,330.6,1.3,1.1,2016-02-08, 06:05,A,83,5.0       ,299.9,31.8
12.612,106.562,326.4,1.3,1.1,2016-02-08, 06:05,A,80,5.0       ,300.2,23.2
14.51,105.743,314.5,2.6,1.5,2016-02-08, 03:05,T,61,5.0       ,301,32.2
14.04,107.516,315.3,1.9,1.3,2016-02-08, 03:05,T,55,5.0       ,295.5,30.2
13.699,107.516,328.4,1.8,1.3,2016-02-08, 03:05,T,81,5.0       ,299,62.5
13.928,105.316,313.9,2.7,1.6,2016-02-08, 03:05,T,51,5.0       ,296.2,37.5
13.692,107.509,326,1.8,1.3,2016-02-08, 03:05,T,79,5.0       ,299.1,52.7
13.69,107.526,317.4,1.8,1.3,2016-02-08, 03:05,T,65,5.0       ,299.5,27.7
13.924,105.309,312.2,2.7,1.6,2016-02-08, 03:05,T,47,5.0       ,295.4,35.5
13.613,107.465,311,1.8,1.3,2016-02-08, 03:05,T,25,5.0       ,297.2,14.3
13.638,106.827,316.1,2.1,1.4,2016-02-08, 03:05,T,65,5.0       ,289,34.7
13.57,106.638,314.3,2.1,1.4,2016-02-08, 03:05,T,56,5.0       ,295.2,23.3
13.242,107.883,315.6,1.7,1.3,2016-02-08, 03:05,T,64,5.0       ,297.5,16.3
13.149,106.886,328.3,2,1.4,2016-02-08, 03:05,T,81,5.0       ,293.9,71.6
12.542,106.051,320.1,1.4,1.2,2016-02-08, 06:05,A,62,5.0       ,298.6,12.6
12.198,103.942,311.4,1.9,1.4,2016-02-08, 06:05,A,38,5.0       ,297.2,16.6
12.701,107.003,313.8,1.2,1.1,2016-02-08, 06:05,A,31,5.0       ,296.4,10.7
12.722,107.077,310.4,1.2,1.1,2016-02-08, 06:05,A,21,5.0       ,294.2,8.4
12.471,105.468,314,1.5,1.2,2016-02-08, 06:05,A,38,5.0       ,296.7,12.3
12.746,107.171,318.6,1.2,1.1,2016-02-08, 06:05,A,60,5.0       ,296,11.7
12.694,106.768,317.2,1.2,1.1,2016-02-08, 06:05,A,60,5.0       ,298.1,10.9
12.585,106.056,318.3,1.4,1.2,2016-02-08, 06:05,A,61,5.0       ,297.8,10.8
12.704,106.766,316.5,1.2,1.1,2016-02-08, 06:05,A,59,5.0       ,297.4,9.9
12.682,106.621,370,1.2,1.1,2016-02-08, 06:05,A,100,5.0       ,303.8,155.4
12.68,106.609,397.7,1.2,1.1,2016-02-08, 06:05,A,100,5.0       ,306.5,321.6
12.542,105.714,317.4,1.4,1.2,2016-02-08, 06:05,A,60,5.0       ,297.3,10.6
12.25,103.877,320.1,2,1.4,2016-02-08, 06:05,A,55,5.0       ,301.8,37.3
12.232,103.77,312.6,2,1.4,2016-02-08, 06:05,A,48,5.0       ,300,24.4
12.75,107.043,328.2,1.2,1.1,2016-02-08, 06:05,A,39,5.0       ,295.8,25.3
12.747,107.022,324.3,1.2,1.1,2016-02-08, 06:05,A,73,5.0       ,296.3,22.6
12.745,107.011,321.1,1.2,1.1,2016-02-08, 06:05,A,47,5.0       ,295.6,17.6
12.684,106.625,336.4,1.2,1.1,2016-02-08, 06:05,A,88,5.0       ,300.7,43
12.682,106.614,385.6,1.2,1.1,2016-02-08, 06:05,A,100,5.0       ,307.8,237.9
12.681,106.603,344.4,1.2,1.1,2016-02-08, 06:05,A,92,5.0       ,300.4,64.2
12.76,107.042,330.9,1.2,1.1,2016-02-08, 06:05,A,70,5.0       ,298,31.1
12.692,106.612,322.4,1.2,1.1,2016-02-08, 06:05,A,68,5.0       ,298.6,16.9
12.547,105.707,319.3,1.4,1.2,2016-02-08, 06:05,A,50,5.0       ,297.9,13
12.502,105.358,319.2,1.5,1.2,2016-02-08, 06:05,A,62,5.0       ,300.1,17.2
12.257,103.887,320.4,2,1.4,2016-02-08, 06:05,A,61,5.0       ,299,41
12.44,104.916,324.5,1.6,1.3,2016-02-08, 06:05,A,78,5.0       ,297.2,45.4
21.53,107.802,313.4,1,1,2016-02-08, 06:10,A,58,5.0       ,297.3,13
21.529,107.793,323,1,1,2016-02-08, 06:10,A,76,5.0       ,298,23.7
22.386,113.94,315.4,2.1,1.4,2016-02-08, 06:10,A,0,5.0       ,298.8,38.1
22.386,113.935,322.3,2.1,1.4,2016-02-08, 06:10,A,0,5.0       ,298.8,63.1
21.825,108.8,342.8,1,1,2016-02-08, 06:10,A,91,5.0       ,295.6,58.2
21.823,108.79,329.1,1,1,2016-02-08, 06:10,A,82,5.0       ,297.2,34
22.04,110.173,313.3,1.2,1.1,2016-02-08, 06:10,A,58,5.0       ,297.1,15.6
22.04,110.093,313.2,1.2,1.1,2016-02-08, 06:10,A,57,5.0       ,297.5,14.9
22.273,111.436,324.6,1.4,1.2,2016-02-08, 06:10,A,74,5.0       ,294.7,42.4
22.215,110.292,310.2,1.2,1.1,2016-02-08, 06:10,A,32,5.0       ,296,12.5
22.411,110.792,313.1,1.3,1.1,2016-02-08, 06:10,A,57,5.0       ,293.3,19.9
22.361,110.305,317.2,1.2,1.1,2016-02-08, 06:10,A,67,5.0       ,296.2,22.8
22.694,109.543,314.1,1.1,1.1,2016-02-08, 06:10,A,60,5.0       ,295.2,16.6
21.217,99.884,310.8,2.6,1.6,2016-02-08, 06:10,A,43,5.0       ,288.5,58.8
21.209,99.882,312.3,2.6,1.6,2016-02-08, 06:10,A,53,5.0       ,288,63.5
21.774,102.644,319.3,1.6,1.2,2016-02-08, 06:10,A,71,5.0       ,290,47.6
22.49,107.054,312.7,1,1,2016-02-08, 06:10,A,55,5.0       ,298.3,11.5
21.881,103.004,314.6,1.5,1.2,2016-02-08, 06:10,A,57,5.0       ,291.2,30.4
21.884,102.997,318.5,1.5,1.2,2016-02-08, 06:10,A,70,5.0       ,291.4,39.7
22.997,109.25,310.3,1.1,1,2016-02-08, 06:10,A,36,5.0       ,292.8,14.3
22.45,104.966,323.4,1.1,1.1,2016-02-08, 06:10,A,76,5.0       ,294.4,30.9
23.243,108.901,312.7,1.1,1,2016-02-08, 06:10,A,55,5.0       ,296.9,12.6
23.37,109.364,315.4,1.1,1.1,2016-02-08, 06:10,A,64,5.0       ,295.4,18
23.09,106.868,337.2,1,1,2016-02-08, 06:10,A,88,5.0       ,296.5,46.1
24.132,115.49,311.9,2.9,1.6,2016-02-08, 06:10,A,52,5.0       ,294.5,57.2
24.13,115.462,314,2.8,1.6,2016-02-08, 06:10,A,60,5.0       ,294.3,66.9
24.133,115.485,316.5,2.9,1.6,2016-02-08, 06:10,A,56,5.0       ,294.6,75.4
23.164,106.81,310.9,1,1,2016-02-08, 06:10,A,44,5.0       ,294.5,11.9
24.125,114.615,318.8,2.5,1.5,2016-02-08, 06:10,A,70,5.0       ,294.2,81.9
24.179,114.091,313.2,2.3,1.5,2016-02-08, 06:10,A,57,5.0       ,293.9,48.3
23.659,108.704,311.7,1.1,1,2016-02-08, 06:10,A,50,5.0       ,295.3,12.7
24.267,112.778,314.6,1.8,1.3,2016-02-08, 06:10,A,61,5.0       ,293.7,37.6
24.286,112.849,311.8,1.8,1.3,2016-02-08, 06:10,A,51,5.0       ,292.9,32.1
23.589,107.138,311.6,1,1,2016-02-08, 06:10,A,50,5.0       ,296.5,10.3
23.718,107.924,311.6,1,1,2016-02-08, 06:10,A,49,5.0       ,293.5,13
24.335,112.63,321.4,1.8,1.3,2016-02-08, 06:10,A,74,5.0       ,295.6,50.6
24.333,112.613,324.9,1.8,1.3,2016-02-08, 06:10,A,78,5.0       ,296.6,60.5
24.331,112.624,329.6,1.8,1.3,2016-02-08, 06:10,A,82,5.0       ,296.2,77.3
24.507,114.003,323.7,2.3,1.5,2016-02-08, 06:10,A,77,5.0       ,291.9,85.2
24.52,114.001,319.6,2.3,1.5,2016-02-08, 06:10,A,71,5.0       ,291.3,68.7
23.145,103.436,325.5,1.4,1.2,2016-02-08, 06:10,A,79,5.0       ,288.8,48.5
23.446,105.25,342.5,1.1,1,2016-02-08, 06:10,A,91,5.0       ,297.9,61.3
23.445,105.24,316.5,1.1,1,2016-02-08, 06:10,A,49,5.0       ,297.1,18.7
23.453,105.255,323.5,1.1,1,2016-02-08, 06:10,A,76,5.0       ,293.5,28.7
23.451,105.244,331.5,1.1,1,2016-02-08, 06:10,A,84,5.0       ,297.2,41.5
24.61,114.282,314.9,2.4,1.5,2016-02-08, 06:10,A,62,5.0       ,293,60.6
24.608,114.262,319.1,2.4,1.5,2016-02-08, 06:10,A,71,5.0       ,294.7,76
23.501,105.257,322,1.1,1,2016-02-08, 06:10,A,75,5.0       ,292.8,26
24.544,112.814,312.7,1.9,1.3,2016-02-08, 06:10,A,55,5.0       ,292.7,31.3
24.6,112.881,319.9,1.9,1.3,2016-02-08, 06:10,A,72,5.0       ,292.8,54.6
24.612,112.376,310.5,1.7,1.3,2016-02-08, 06:10,A,39,5.0       ,295.3,22.3
24.681,112.575,310.3,1.8,1.3,2016-02-08, 06:10,A,35,5.0       ,296.4,20.3
24.677,112.568,311.2,1.8,1.3,2016-02-08, 06:10,A,19,5.0       ,296.9,19.9
24.716,112.599,312.1,1.8,1.3,2016-02-08, 06:10,A,53,5.0       ,297.2,26.1
24.381,109.375,310.9,1.1,1.1,2016-02-08, 06:10,A,38,5.0       ,299.9,9.7
23.764,105.039,315.4,1.1,1,2016-02-08, 06:10,A,64,5.0       ,291.5,20.6
24.181,107.678,324.6,1,1,2016-02-08, 06:10,A,78,5.0       ,294.1,29
24.451,109.588,312.5,1.2,1.1,2016-02-08, 06:10,A,53,5.0       ,297.4,15
23.816,104.968,339.9,1.1,1,2016-02-08, 06:10,A,90,5.0       ,292.6,61.1
24.367,108.5,328.1,1.1,1,2016-02-08, 06:10,A,81,5.0       ,296.4,33.4
24.312,107.69,316.6,1,1,2016-02-08, 06:10,A,66,5.0       ,293.8,18.1
25.025,113.108,343.3,2,1.4,2016-02-08, 06:10,A,92,5.0       ,295.5,142.8
25.015,113.104,334.6,2,1.4,2016-02-08, 06:10,A,83,5.0       ,296.7,100.8
25.027,113.102,319.2,2,1.4,2016-02-08, 06:10,A,21,5.0       ,294.4,43.1
23.839,103.908,312.3,1.2,1.1,2016-02-08, 06:10,A,53,5.0       ,295.2,13.6
25.08,113.019,311.3,1.9,1.4,2016-02-08, 06:10,A,48,5.0       ,292.2,33.2
25.054,112.697,310.6,1.8,1.3,2016-02-08, 06:10,A,41,5.0       ,294.6,25.8
24.011,104.392,310.8,1.2,1.1,2016-02-08, 06:10,A,43,5.0       ,293.2,14.4
13.437,106.867,318.8,1.2,1.1,2016-02-08, 06:05,A,50,5.0       ,300.3,7.2
13.435,106.856,318.6,1.2,1.1,2016-02-08, 06:05,A,54,5.0       ,300.4,7.3
13.369,106.424,339.3,1.3,1.1,2016-02-08, 06:05,A,89,5.0       ,304.9,49
13.367,106.412,320.1,1.3,1.1,2016-02-08, 06:05,A,50,5.0       ,303.4,11
13.572,107.698,322.7,1.1,1,2016-02-08, 06:05,A,44,5.0       ,300.5,17.9
13.379,106.422,328.7,1.3,1.1,2016-02-08, 06:05,A,82,5.0       ,304.2,24.7
13.377,106.411,319.6,1.3,1.1,2016-02-08, 06:05,A,22,5.0       ,303.2,9.5
13.359,106.296,321.7,1.3,1.1,2016-02-08, 06:05,A,71,5.0       ,300.1,21.1
13.501,107.16,328.5,1.1,1.1,2016-02-08, 06:05,A,81,5.0       ,301.9,22.5
13.489,107.076,330.3,1.2,1.1,2016-02-08, 06:05,A,83,5.0       ,303.1,25.5
13.487,107.066,335.3,1.2,1.1,2016-02-08, 06:05,A,87,5.0       ,302.5,34.8
13.481,107.024,326,1.2,1.1,2016-02-08, 06:05,A,79,5.0       ,300.6,17.7
13.172,105.032,322.4,1.6,1.2,2016-02-08, 06:05,A,75,5.0       ,302.3,28.2
13.612,107.846,325.9,1.1,1,2016-02-08, 06:10,A,79,5.0       ,303,17.4
13.507,107.163,325.3,1.1,1.1,2016-02-08, 06:10,A,78,5.0       ,303.2,16.5
13.486,107.027,326.6,1.2,1.1,2016-02-08, 06:10,A,80,5.0       ,300.3,16.5
13.71,108.436,316.1,1,1,2016-02-08, 06:10,A,30,5.0       ,297.6,7.6
13.708,108.426,320.5,1,1,2016-02-08, 06:10,A,70,5.0       ,300.6,12
13.507,107.099,333.7,1.1,1.1,2016-02-08, 06:10,A,86,5.0       ,304.9,31.9
13.502,107.068,321.3,1.2,1.1,2016-02-08, 06:10,A,69,5.0       ,301.3,9.1
13.5,107.057,325.4,1.2,1.1,2016-02-08, 06:10,A,79,5.0       ,301.6,15.5
13.174,105.025,321.2,1.6,1.2,2016-02-08, 06:10,A,68,5.0       ,303.6,25.5
13.466,106.778,323.7,1.2,1.1,2016-02-08, 06:10,A,64,5.0       ,301.9,13.6
13.391,106.296,318.1,1.3,1.1,2016-02-08, 06:10,A,61,5.0       ,300.1,14.9
13.503,106.948,355,1.2,1.1,2016-02-08, 06:10,A,97,5.0       ,303.7,85.6
13.501,106.938,321.6,1.2,1.1,2016-02-08, 06:10,A,29,5.0       ,303.8,10
13.564,107.281,327.7,1.1,1.1,2016-02-08, 06:10,A,59,5.0       ,300.6,21.7
13.43,106.419,319.8,1.3,1.1,2016-02-08, 06:10,A,58,5.0       ,304.4,8.9
12.98,103.582,316.2,2,1.4,2016-02-08, 06:10,A,65,5.0       ,297.9,38.7
13.503,106.693,327.9,1.2,1.1,2016-02-08, 06:10,A,81,5.0       ,306.6,18.1
13.285,105.233,315.3,1.5,1.2,2016-02-08, 06:10,A,42,5.0       ,299.8,13.1
13.554,106.896,328.8,1.2,1.1,2016-02-08, 06:10,A,82,5.0       ,304.3,22.3
13.536,106.778,323.4,1.2,1.1,2016-02-08, 06:10,A,66,5.0       ,305.7,12.2
13.533,106.756,327.5,1.2,1.1,2016-02-08, 06:10,A,68,5.0       ,305.3,18.8
13.531,106.745,328.7,1.2,1.1,2016-02-08, 06:10,A,72,5.0       ,304.1,21
13.409,105.769,317.1,1.4,1.2,2016-02-08, 06:10,A,32,5.0       ,302.8,15.8
13.322,105.235,320,1.5,1.2,2016-02-08, 06:10,A,49,5.0       ,302.3,19.9
13.691,107.515,326,1.1,1,2016-02-08, 06:10,A,70,5.0       ,298.3,21.6
13.55,106.601,337.5,1.2,1.1,2016-02-08, 06:10,A,88,5.0       ,307.1,43.1
13.484,106.179,325.6,1.3,1.1,2016-02-08, 06:10,A,69,5.0       ,306.1,25
13.494,106.177,335.6,1.3,1.1,2016-02-08, 06:10,A,87,5.0       ,305.3,43.2
13.492,106.165,329.1,1.3,1.1,2016-02-08, 06:10,A,81,5.0       ,304.5,29.1
13.437,105.815,312.9,1.4,1.2,2016-02-08, 06:10,A,56,5.0       ,301.5,10.3
13.322,105.094,321.8,1.5,1.2,2016-02-08, 06:10,A,74,5.0       ,303.5,24
13.273,104.795,318.1,1.6,1.2,2016-02-08, 06:10,A,61,5.0       ,301.5,24.1
13.495,106.116,323.1,1.3,1.1,2016-02-08, 06:10,A,74,5.0       ,306.6,17.5
13.493,106.104,320.9,1.3,1.1,2016-02-08, 06:10,A,59,5.0       ,306.2,12.5
13.23,104.462,315.8,1.7,1.3,2016-02-08, 06:10,A,60,5.0       ,302.5,17
13.823,108.21,320.1,1,1,2016-02-08, 06:10,A,67,5.0       ,302.3,7.1
13.822,108.201,325.2,1,1,2016-02-08, 06:10,A,71,5.0       ,302.5,13.7
13.819,108.182,324.8,1,1,2016-02-08, 06:10,A,59,5.0       ,300.6,16.9
13.595,106.695,320.1,1.2,1.1,2016-02-08, 06:10,A,55,5.0       ,303.2,6.1
13.525,106.244,321.7,1.3,1.1,2016-02-08, 06:10,A,64,5.0       ,306.3,12.3
13.613,106.748,338.5,1.2,1.1,2016-02-08, 06:10,A,89,5.0       ,302.7,44.1
13.327,104.92,322,1.6,1.2,2016-02-08, 06:10,A,59,5.0       ,305,24.1
13.065,103.313,321.3,2.1,1.4,2016-02-08, 06:10,A,74,5.0       ,302.2,34.9
13.062,103.294,321.8,2.1,1.4,2016-02-08, 06:10,A,74,5.0       ,303.3,38.1
12.992,102.879,315.2,2.3,1.5,2016-02-08, 06:10,A,49,5.0       ,300.9,21.1
13.636,106.833,324.4,1.2,1.1,2016-02-08, 06:10,A,50,5.0       ,305,13.9
13.634,106.822,367.6,1.2,1.1,2016-02-08, 06:10,A,100,5.0       ,307.4,131.2
13.639,106.826,329,1.2,1.1,2016-02-08, 06:10,A,82,5.0       ,305.7,25.3
13.86,108.208,319.5,1,1,2016-02-08, 06:10,A,51,5.0       ,300.8,9.2
13.066,103.306,327,2.1,1.4,2016-02-08, 06:10,A,80,5.0       ,302.4,57
12.99,102.872,315,2.3,1.5,2016-02-08, 06:10,A,37,5.0       ,300.5,19.7
13.643,106.725,330.9,1.2,1.1,2016-02-08, 06:10,A,83,5.0       ,302.6,29.7
13.5,105.823,329.8,1.4,1.2,2016-02-08, 06:10,A,83,5.0       ,304.1,35.5
13.498,105.811,345.8,1.4,1.2,2016-02-08, 06:10,A,93,5.0       ,304.6,81.3
13.496,105.799,322.2,1.4,1.2,2016-02-08, 06:10,A,70,5.0       ,302,21.6
13.494,105.786,342.3,1.4,1.2,2016-02-08, 06:10,A,91,5.0       ,303.9,73
13.618,106.503,323.8,1.2,1.1,2016-02-08, 06:10,A,76,5.0       ,307,13.4
13.616,106.492,329.1,1.2,1.1,2016-02-08, 06:10,A,82,5.0       ,305.7,24
13.506,105.797,325.7,1.4,1.2,2016-02-08, 06:10,A,74,5.0       ,304.7,26.7
13.504,105.785,333.2,1.4,1.2,2016-02-08, 06:10,A,85,5.0       ,304.6,45.8
13.494,105.722,312.9,1.4,1.2,2016-02-08, 06:10,A,56,5.0       ,298.6,12.8
13.492,105.71,340.7,1.4,1.2,2016-02-08, 06:10,A,90,5.0       ,299.1,75.6
13.45,105.386,315.9,1.5,1.2,2016-02-08, 06:10,A,29,5.0       ,299.7,11.8
13.431,105.266,325.9,1.5,1.2,2016-02-08, 06:10,A,70,5.0       ,299.6,31.1
13.615,106.352,321.7,1.3,1.1,2016-02-08, 06:10,A,37,5.0       ,305.4,16.4
13.333,104.595,316.6,1.7,1.3,2016-02-08, 06:10,A,21,5.0       ,299.2,20.6
13.269,104.205,318,1.8,1.3,2016-02-08, 06:10,A,69,5.0       ,299.9,25.4
13.612,106.27,318.6,1.3,1.1,2016-02-08, 06:10,A,61,5.0       ,304.3,12.1
13.596,106.165,322.9,1.3,1.1,2016-02-08, 06:10,A,76,5.0       ,303.3,19.8
13.546,105.853,359.7,1.3,1.2,2016-02-08, 06:10,A,99,5.0       ,310.3,126.6
13.545,105.841,344.5,1.4,1.2,2016-02-08, 06:10,A,92,5.0       ,307.7,71
13.455,105.276,339.1,1.5,1.2,2016-02-08, 06:10,A,89,5.0       ,296.1,68.9
13.701,106.783,316.9,1.2,1.1,2016-02-08, 06:10,A,45,5.0       ,296.5,14.2
13.457,105.22,324.5,1.5,1.2,2016-02-08, 06:10,A,63,5.0       ,300.9,27.1
13.446,105.152,321.4,1.5,1.2,2016-02-08, 06:10,A,67,5.0       ,304.2,21.5
13.651,106.393,323,1.2,1.1,2016-02-08, 06:10,A,76,5.0       ,303.3,18.6
13.65,106.382,327.6,1.2,1.1,2016-02-08, 06:10,A,81,5.0       ,305.6,26.9
13.682,106.527,328.5,1.2,1.1,2016-02-08, 06:10,A,75,5.0       ,302.8,26.7
13.684,106.532,320.7,1.2,1.1,2016-02-08, 06:10,A,39,5.0       ,302.2,14.1
18.502,98.179,310.6,3.2,1.7,2016-02-08, 04:40,T,41,5.0       ,291.4,76.9
18.503,98.173,318.9,3.2,1.7,2016-02-08, 04:40,T,70,5.0       ,291.2,126
18.385,96.689,321.9,2.5,1.5,2016-02-08, 04:40,T,75,5.0       ,302.8,64.1
18.29,95.041,322.4,1.9,1.3,2016-02-08, 04:40,T,75,5.0       ,302,41.3
17.397,95.962,316.5,2.3,1.5,2016-02-08, 04:40,T,62,5.0       ,304.8,31.2
16.51,97.823,314.5,3.3,1.7,2016-02-08, 04:40,T,56,5.0       ,300.6,55.7
13.682,106.521,321.5,1.2,1.1,2016-02-08, 06:10,A,58,5.0       ,301.3,16.3
13.709,106.63,325.7,1.2,1.1,2016-02-08, 06:10,A,64,5.0       ,298.8,25.4
13.708,106.619,340.3,1.2,1.1,2016-02-08, 06:10,A,90,5.0       ,302.7,55.2
13.685,106.475,326.1,1.2,1.1,2016-02-08, 06:10,A,79,5.0       ,302.3,25.7
13.695,106.473,338.4,1.2,1.1,2016-02-08, 06:10,A,89,5.0       ,302.2,50.4
13.693,106.462,328.8,1.2,1.1,2016-02-08, 06:10,A,82,5.0       ,302.3,28.7
13.813,107.171,332.4,1.1,1.1,2016-02-08, 06:10,A,80,5.0       ,296.8,35
13.81,107.15,321.8,1.1,1.1,2016-02-08, 06:10,A,69,5.0       ,295.8,19.2
13.715,106.538,316.6,1.2,1.1,2016-02-08, 06:10,A,25,5.0       ,297.7,15.7
13.389,104.162,321.7,1.8,1.3,2016-02-08, 06:10,A,74,5.0       ,294,42.9
13.386,104.146,313.2,1.8,1.3,2016-02-08, 06:10,A,47,5.0       ,292.8,21.4
13.288,103.547,330.1,2,1.4,2016-02-08, 06:10,A,83,5.0       ,298,86.8
13.791,106.639,314.4,1.2,1.1,2016-02-08, 06:10,A,41,5.0       ,298,8.9
13.789,106.628,317.9,1.2,1.1,2016-02-08, 06:10,A,59,5.0       ,299.4,13.8
13.688,105.973,348.8,1.3,1.1,2016-02-08, 06:10,A,95,5.0       ,297.2,87.3
13.688,105.979,327.3,1.3,1.1,2016-02-08, 06:10,A,66,5.0       ,295.9,33.4
13.686,105.967,326,1.3,1.1,2016-02-08, 06:10,A,45,5.0       ,297.3,29.2
13.385,104.156,321.9,1.8,1.3,2016-02-08, 06:10,A,72,5.0       ,293.5,40.1
13.719,106.108,314.6,1.3,1.1,2016-02-08, 06:10,A,62,5.0       ,285.5,11.3
13.702,106.002,328.2,1.3,1.1,2016-02-08, 06:10,A,74,5.0       ,289.6,39.5
13.7,105.99,326.7,1.3,1.1,2016-02-08, 06:10,A,71,5.0       ,293.1,38.3
13.698,105.978,328.6,1.3,1.1,2016-02-08, 06:10,A,66,5.0       ,290.7,40.4
13.294,103.557,312.6,2,1.4,2016-02-08, 06:10,A,55,5.0       ,296.8,25.5
13.291,103.539,321.1,2,1.4,2016-02-08, 06:10,A,74,5.0       ,297,52
13.745,106.14,312.7,1.3,1.1,2016-02-08, 06:10,A,51,5.0       ,280.9,11.9
13.331,103.624,312.4,2,1.4,2016-02-08, 06:10,A,54,5.0       ,296.9,24.4
14.223,105.601,321.7,1.4,1.2,2016-02-08, 06:10,A,74,5.0       ,301.7,32.5
13.958,103.918,322.7,1.8,1.3,2016-02-08, 06:10,A,76,5.0       ,299,39.4
13.955,103.901,321.4,1.8,1.3,2016-02-08, 06:10,A,74,5.0       ,299,34.1
14.028,104.268,332.9,1.7,1.3,2016-02-08, 06:10,A,74,5.0       ,295.6,69.5
14.074,104.402,326.6,1.7,1.3,2016-02-08, 06:10,A,80,5.0       ,299.9,47.6
14.235,105.338,324.3,1.4,1.2,2016-02-08, 06:10,A,59,5.0       ,294.4,31.5
14.231,105.346,321.6,1.4,1.2,2016-02-08, 06:10,A,38,5.0       ,296,25.9
14.072,104.397,322.3,1.7,1.3,2016-02-08, 06:10,A,75,5.0       ,300,32.8
14.241,105.345,322.6,1.4,1.2,2016-02-08, 06:10,A,61,5.0       ,295.9,29.6
14.317,105.744,318.2,1.3,1.1,2016-02-08, 06:10,A,53,5.0       ,302.5,11.7
14.165,104.816,318,1.5,1.2,2016-02-08, 06:10,A,52,5.0       ,298.6,15.8
14.139,104.659,314.1,1.6,1.2,2016-02-08, 06:10,A,25,5.0       ,295.8,14.5
14.301,104.943,318.8,1.5,1.2,2016-02-08, 06:10,A,44,5.0       ,299.4,15.2
14.221,104.456,314.5,1.6,1.3,2016-02-08, 06:10,A,52,5.0       ,296.5,16
14.57,106.567,312.1,1.2,1.1,2016-02-08, 06:10,A,45,5.0       ,298.3,9.7
13.977,102.942,319.1,2.1,1.4,2016-02-08, 06:10,A,71,5.0       ,304.2,23.4
13.803,101.865,322.1,2.6,1.6,2016-02-08, 06:10,A,75,5.0       ,301,68.8
14.327,104.896,322.3,1.5,1.2,2016-02-08, 06:10,A,52,5.0       ,301.9,18.6
14.324,104.882,323.4,1.5,1.2,2016-02-08, 06:10,A,53,5.0       ,304,21.2
14.295,104.699,317.7,1.6,1.2,2016-02-08, 06:10,A,43,5.0       ,303,16.2
14.564,106.33,318.3,1.2,1.1,2016-02-08, 06:10,A,65,5.0       ,303.8,15.3
14.328,104.839,319,1.5,1.2,2016-02-08, 06:10,A,64,5.0       ,304.4,13.9
14.585,106.407,323.9,1.2,1.1,2016-02-08, 06:10,A,57,5.0       ,307.1,15
14.584,106.395,327.8,1.2,1.1,2016-02-08, 06:10,A,54,5.0       ,307.7,25.4
14.247,104.264,332,1.7,1.3,2016-02-08, 06:10,A,84,5.0       ,301.1,58.1
14.586,106.401,327.7,1.2,1.1,2016-02-08, 06:10,A,75,5.0       ,307.5,22.3
14.33,104.833,321.1,1.5,1.2,2016-02-08, 06:10,A,70,5.0       ,304.1,17.3
13.808,101.859,314.4,2.6,1.6,2016-02-08, 06:10,A,53,5.0       ,300.6,30
14.476,105.655,323.9,1.3,1.1,2016-02-08, 06:10,A,77,5.0       ,308.5,15.9
14.245,104.26,329.2,1.7,1.3,2016-02-08, 06:10,A,82,5.0       ,301.9,51.8
14.205,103.957,319,1.8,1.3,2016-02-08, 06:10,A,70,5.0       ,295.1,28
14.68,106.686,323.3,1.2,1.1,2016-02-08, 06:10,A,71,5.0       ,305.4,15.7
14.329,104.417,323.4,1.6,1.3,2016-02-08, 06:10,A,58,5.0       ,303,34.8
14.326,104.402,326.4,1.6,1.3,2016-02-08, 06:10,A,76,5.0       ,302.9,41
14.735,106.915,321.7,1.1,1.1,2016-02-08, 06:10,A,72,5.0       ,305.5,14.7
14.534,105.62,320.4,1.3,1.2,2016-02-08, 06:10,A,71,5.0       ,306.8,12.1
14.31,104.232,316.2,1.7,1.3,2016-02-08, 06:10,A,46,5.0       ,300,18.6
14.308,104.216,313.6,1.7,1.3,2016-02-08, 06:10,A,37,5.0       ,298.2,13
12.593,105.725,321.6,1.4,1.2,2016-02-08, 06:05,A,66,5.0       ,297,18.1
12.585,105.673,318.1,1.4,1.2,2016-02-08, 06:05,A,55,5.0       ,297.8,11.4
12.581,105.58,323.4,1.5,1.2,2016-02-08, 06:05,A,76,5.0       ,299.1,26.2
12.305,103.879,322.8,2,1.4,2016-02-08, 06:05,A,76,5.0       ,301,42.5
12.594,105.591,335.2,1.5,1.2,2016-02-08, 06:05,A,87,5.0       ,299.7,55.3
12.449,104.683,313.7,1.7,1.3,2016-02-08, 06:05,A,38,5.0       ,298.5,15.5
12.814,106.805,316.5,1.2,1.1,2016-02-08, 06:05,A,66,5.0       ,295.6,11.4
12.474,104.705,316.5,1.7,1.3,2016-02-08, 06:05,A,33,5.0       ,300.3,20.8
12.659,105.762,345.8,1.4,1.2,2016-02-08, 06:05,A,93,5.0       ,298.8,87
12.374,104.041,315.9,1.9,1.3,2016-02-08, 06:05,A,32,5.0       ,302.3,18.2
12.409,104.175,321.3,1.9,1.3,2016-02-08, 06:05,A,68,5.0       ,298.4,42.3
12.406,104.158,315.3,1.9,1.3,2016-02-08, 06:05,A,37,5.0       ,298.8,25.8
12.847,106.822,316.8,1.2,1.1,2016-02-08, 06:05,A,67,5.0       ,299,10.6
12.702,105.897,321.8,1.4,1.2,2016-02-08, 06:05,A,74,5.0       ,300.4,17.4
12.384,103.95,322.6,1.9,1.4,2016-02-08, 06:05,A,75,5.0       ,305.3,30.7
12.663,105.588,317.5,1.4,1.2,2016-02-08, 06:05,A,65,5.0       ,299.9,16.5
12.606,105.164,320,1.6,1.2,2016-02-08, 06:05,A,65,5.0       ,302.9,23.6
12.604,105.15,317,1.6,1.2,2016-02-08, 06:05,A,61,5.0       ,302.1,15.4
12.26,103.061,324.6,2.3,1.5,2016-02-08, 06:05,A,78,5.0       ,300.2,68.3
12.697,105.663,318.8,1.4,1.2,2016-02-08, 06:05,A,67,5.0       ,298.1,22.5
12.342,103.471,313.2,2.1,1.4,2016-02-08, 06:05,A,51,5.0       ,297.3,33.1
12.8,106.256,318.5,1.3,1.1,2016-02-08, 06:05,A,69,5.0       ,300.4,10.5
12.556,104.706,347.1,1.7,1.3,2016-02-08, 06:05,A,94,5.0       ,298.7,128
12.553,104.691,324.8,1.7,1.3,2016-02-08, 06:05,A,78,5.0       ,297.7,47
12.361,103.508,312.3,2.1,1.4,2016-02-08, 06:05,A,50,5.0       ,293.8,32.5
12.557,104.715,320.3,1.7,1.3,2016-02-08, 06:05,A,72,5.0       ,297.1,34.3
12.554,104.7,338.6,1.7,1.3,2016-02-08, 06:05,A,89,5.0       ,299.1,90.3
12.343,103.464,315.7,2.1,1.4,2016-02-08, 06:05,A,53,5.0       ,297.1,40.4
12.727,105.678,313.2,1.4,1.2,2016-02-08, 06:05,A,57,5.0       ,294.6,17.7
12.725,105.665,310.5,1.4,1.2,2016-02-08, 06:05,A,31,5.0       ,295.9,13
12.706,105.547,324.6,1.5,1.2,2016-02-08, 06:05,A,78,5.0       ,298.5,35.8
12.704,105.534,327.7,1.5,1.2,2016-02-08, 06:05,A,81,5.0       ,298.6,44.2
12.362,103.501,313,2.1,1.4,2016-02-08, 06:05,A,41,5.0       ,294.2,34.1
12.325,103.208,317.9,2.2,1.4,2016-02-08, 06:05,A,69,5.0       ,300.2,42.9
12.338,103.206,313.7,2.2,1.4,2016-02-08, 06:05,A,50,5.0       ,299,28.7
12.334,103.186,311.1,2.2,1.4,2016-02-08, 06:05,A,20,5.0       ,297.6,21.1
12.694,105.272,318.4,1.5,1.2,2016-02-08, 06:05,A,39,5.0       ,303.9,18.2
12.75,105.553,317.7,1.5,1.2,2016-02-08, 06:05,A,67,5.0       ,296.2,23.2
12.652,104.943,327,1.6,1.2,2016-02-08, 06:05,A,80,5.0       ,303,35.7
12.976,106.928,323.1,1.2,1.1,2016-02-08, 06:05,A,67,5.0       ,301.3,18.1
12.731,105.364,319.9,1.5,1.2,2016-02-08, 06:05,A,66,5.0       ,300.4,22.6
12.634,104.686,315.3,1.7,1.3,2016-02-08, 06:05,A,32,5.0       ,302.5,22.9
12.778,105.521,320.2,1.5,1.2,2016-02-08, 06:05,A,72,5.0       ,300,27.8
12.645,104.684,320.8,1.7,1.3,2016-02-08, 06:05,A,73,5.0       ,299.2,36
12.664,104.728,311.5,1.7,1.3,2016-02-08, 06:05,A,33,5.0       ,297.5,14
13.345,107.244,319.5,1.1,1.1,2016-02-08, 06:05,A,71,5.0       ,298.5,11.7
13.497,108.182,327.3,1,1,2016-02-08, 06:05,A,80,5.0       ,299.4,21.5
13.5,107.956,316.4,1.1,1,2016-02-08, 06:05,A,41,5.0       ,296.1,10.9
13.462,107.701,318.3,1.1,1,2016-02-08, 06:05,A,65,5.0       ,297.8,10.5
13.52,108.022,316.4,1.1,1,2016-02-08, 06:05,A,52,5.0       ,298.3,7.9
13.518,108.012,344.4,1.1,1,2016-02-08, 06:05,A,92,5.0       ,298.2,54.7
12.993,104.631,318.2,1.7,1.3,2016-02-08, 06:05,A,59,5.0       ,304.2,17.6
12.991,104.616,320.1,1.7,1.3,2016-02-08, 06:05,A,65,5.0       ,305.2,23.4
12.745,103.046,318.9,2.2,1.4,2016-02-08, 06:05,A,57,5.0       ,303.7,32
13.528,107.951,329.7,1.1,1,2016-02-08, 06:05,A,83,5.0       ,298.6,26.2
13.526,107.942,326.2,1.1,1,2016-02-08, 06:05,A,79,5.0       ,299.4,20.2
12.834,103.506,318,2,1.4,2016-02-08, 06:05,A,48,5.0       ,301.6,23.3
13.534,107.945,317.5,1.1,1,2016-02-08, 06:05,A,54,5.0       ,298.8,8.1
13.416,107.11,341.8,1.1,1.1,2016-02-08, 06:05,A,91,5.0       ,300.9,50.2
13.414,107.099,323.3,1.2,1.1,2016-02-08, 06:05,A,73,5.0       ,299.7,13.9
13.308,106.422,337.9,1.3,1.1,2016-02-08, 06:05,A,88,5.0       ,302.7,52.2
13.306,106.411,328.8,1.3,1.1,2016-02-08, 06:05,A,78,5.0       ,300.1,34.8
12.743,103.041,317.2,2.2,1.4,2016-02-08, 06:05,A,46,5.0       ,303.4,27.1
13.317,106.421,332.4,1.3,1.1,2016-02-08, 06:05,A,85,5.0       ,304,38.1
13.316,106.409,327.1,1.3,1.1,2016-02-08, 06:05,A,70,5.0       ,300.9,30.5
12.839,103.519,321.6,2,1.4,2016-02-08, 06:05,A,68,5.0       ,301.7,41.3
13.638,108.454,323.9,1,1,2016-02-08, 06:05,A,55,5.0       ,300.6,15.3
13.335,106.336,315.9,1.3,1.1,2016-02-08, 06:05,A,65,5.0       ,299.4,15.5
13.031,104.445,327.6,1.7,1.3,2016-02-08, 06:05,A,81,5.0       ,305,40.8
13.537,107.592,321.4,1.1,1,2016-02-08, 06:05,A,67,5.0       ,295.3,17.2
12.879,103.455,322.7,2.1,1.4,2016-02-08, 06:05,A,76,5.0       ,303.6,41.1
19.685,103.395,333.4,1.6,1.2,2016-02-08, 06:10,A,85,5.0       ,290,83.8
19.411,101.25,310.7,2.3,1.5,2016-02-08, 06:10,A,42,5.0       ,295.6,39.8
19.902,103.517,315.9,1.5,1.2,2016-02-08, 06:10,A,62,5.0       ,294.6,31.9
19.913,103.515,311.5,1.5,1.2,2016-02-08, 06:10,A,32,5.0       ,294.2,21.4
19.982,103.509,319.7,1.5,1.2,2016-02-08, 06:10,A,71,5.0       ,294,40.3
20.005,103.446,312.6,1.5,1.2,2016-02-08, 06:10,A,55,5.0       ,291.6,29.5
21.084,107.332,355.3,1,1,2016-02-08, 06:10,A,98,5.0       ,299.4,82.5
21.588,110.474,316.8,1.2,1.1,2016-02-08, 06:10,A,67,5.0       ,298.3,19.3
21.586,110.462,312.3,1.2,1.1,2016-02-08, 06:10,A,53,5.0       ,297.8,12.9
19.962,99.833,310.4,2.8,1.6,2016-02-08, 06:10,A,38,5.0       ,297.6,33.6
19.894,99.405,330.6,3,1.7,2016-02-08, 06:10,A,83,5.0       ,293.1,171
21.714,110.748,310.9,1.2,1.1,2016-02-08, 06:10,A,44,5.0       ,297.2,12.3
19.895,99.398,311.5,3,1.7,2016-02-08, 06:10,A,44,5.0       ,292.8,54.2
21.624,109.417,315.2,1.1,1,2016-02-08, 06:10,A,63,5.0       ,298.7,12.5
21.622,109.406,311.4,1.1,1,2016-02-08, 06:10,A,49,5.0       ,299.4,8
21.679,109.761,310.8,1.1,1.1,2016-02-08, 06:10,A,43,5.0       ,296.9,11.1
15.939,103.903,315.1,1.7,1.3,2016-02-08, 06:10,A,63,5.0       ,301.7,19.5
15.464,101.174,315.4,2.7,1.6,2016-02-08, 06:10,A,59,5.0       ,300.8,33.6
15.765,102.766,313.3,2,1.4,2016-02-08, 06:10,A,57,5.0       ,301.3,17.9
15.778,102.547,313.1,2.1,1.4,2016-02-08, 06:10,A,57,5.0       ,300.9,22.4
15.511,101.034,314.1,2.8,1.6,2016-02-08, 06:10,A,60,5.0       ,299.9,32.3
15.778,102.542,316.1,2.1,1.4,2016-02-08, 06:10,A,65,5.0       ,301,30.2
15.303,99.494,310.7,3.7,1.8,2016-02-08, 06:10,A,24,5.0       ,300.5,54.5
16.334,105.089,312.3,1.4,1.2,2016-02-08, 06:10,A,53,5.0       ,295.3,12.6
15.76,101.626,313.2,2.5,1.5,2016-02-08, 06:10,A,57,5.0       ,301.5,25.6
15.462,100.017,313.8,3.4,1.7,2016-02-08, 06:10,A,59,5.0       ,302.7,47.7
15.874,102.035,311.7,2.3,1.5,2016-02-08, 06:10,A,50,5.0       ,299.7,18.1
15.87,102.03,313.8,2.3,1.5,2016-02-08, 06:10,A,59,5.0       ,299.8,24.2
16.373,104.772,328.5,1.4,1.2,2016-02-08, 06:10,A,81,5.0       ,293.5,47.9
16.197,103.661,319.5,1.7,1.3,2016-02-08, 06:10,A,71,5.0       ,299.2,35.7
16.194,103.645,312,1.7,1.3,2016-02-08, 06:10,A,52,5.0       ,298.3,17.1
16.046,102.499,312.5,2.1,1.4,2016-02-08, 06:10,A,54,5.0       ,301.8,19.4
15.734,100.804,318.2,2.9,1.6,2016-02-08, 06:10,A,63,5.0       ,307.4,37.9
16.25,103.429,317.2,1.8,1.3,2016-02-08, 06:10,A,67,5.0       ,301.3,29.8
16.247,103.412,325.8,1.8,1.3,2016-02-08, 06:10,A,79,5.0       ,300.7,53.7
15.944,101.627,322.1,2.5,1.5,2016-02-08, 06:10,A,75,5.0       ,300.5,68.8
15.94,101.605,312.6,2.5,1.5,2016-02-08, 06:10,A,28,5.0       ,298.3,29.7
16.767,106.393,310.9,1.1,1.1,2016-02-08, 06:10,A,34,5.0       ,289.1,15.3
16.538,104.453,315,1.5,1.2,2016-02-08, 06:10,A,63,5.0       ,301.7,16.5
16.035,101.389,317.5,2.6,1.5,2016-02-08, 06:10,A,68,5.0       ,296.3,68.1
16.081,101.57,326.1,2.5,1.5,2016-02-08, 06:10,A,79,5.0       ,304.5,76.9
16.049,101.386,312.9,2.6,1.5,2016-02-08, 06:10,A,46,5.0       ,295,48.7
16.076,101.564,316.3,2.5,1.5,2016-02-08, 06:10,A,59,5.0       ,304.5,32
16.042,101.381,317.8,2.6,1.5,2016-02-08, 06:10,A,61,5.0       ,296.8,69.3
16.362,103.082,320,1.9,1.3,2016-02-08, 06:10,A,72,5.0       ,304.2,30.6
16.093,101.584,315.3,2.5,1.5,2016-02-08, 06:10,A,39,5.0       ,303.7,27.6
16.089,101.561,315.3,2.5,1.5,2016-02-08, 06:10,A,60,5.0       ,303.1,29.3
16.374,103.08,317.9,1.9,1.3,2016-02-08, 06:10,A,64,5.0       ,303.9,23.3
16.115,101.626,314,2.5,1.5,2016-02-08, 06:10,A,55,5.0       ,302.2,25.3
16.433,103.21,318.6,1.8,1.3,2016-02-08, 06:10,A,70,5.0       ,306.3,21.4
16.316,102.529,316.1,2.1,1.4,2016-02-08, 06:10,A,65,5.0       ,302.4,26.8
16.699,104.599,312.7,1.5,1.2,2016-02-08, 06:10,A,55,5.0       ,299.5,13.6
16.206,101.698,311.6,2.4,1.5,2016-02-08, 06:10,A,34,5.0       ,294.3,46.3
16.524,103.343,317.9,1.8,1.3,2016-02-08, 06:10,A,69,5.0       ,304.7,21.3
16.733,104.448,312.8,1.5,1.2,2016-02-08, 06:10,A,42,5.0       ,300.6,15.9
16.735,104.392,311.7,1.5,1.2,2016-02-08, 06:10,A,35,5.0       ,298.5,13.6
16.438,102.559,314.3,2.1,1.4,2016-02-08, 06:10,A,61,5.0       ,302.6,20.9
16.448,102.666,315.9,2,1.4,2016-02-08, 06:10,A,65,5.0       ,303.4,23.7
16.755,104.223,322,1.5,1.2,2016-02-08, 06:10,A,75,5.0       ,300.4,36
16.752,104.209,323.7,1.5,1.2,2016-02-08, 06:10,A,77,5.0       ,300.6,38.8
16.478,102.622,317.7,2,1.4,2016-02-08, 06:10,A,68,5.0       ,304,29.2
16.53,102.553,322.8,2.1,1.4,2016-02-08, 06:10,A,75,5.0       ,307.8,43.3
16.623,103.022,317.3,1.9,1.3,2016-02-08, 06:10,A,49,5.0       ,303.2,21.2
16.543,102.551,321,2.1,1.4,2016-02-08, 06:10,A,49,5.0       ,307.5,36.6
16.496,102.281,345.2,2.2,1.4,2016-02-08, 06:10,A,93,5.0       ,305.1,162.3
16.531,102.548,329.5,2.1,1.4,2016-02-08, 06:10,A,82,5.0       ,307.3,71.9
16.431,101.994,310.2,2.3,1.5,2016-02-08, 06:10,A,32,5.0       ,298.8,15.3
16.499,102.295,322.6,2.1,1.4,2016-02-08, 06:10,A,75,5.0       ,303.7,49.7
16.495,102.275,337.5,2.2,1.4,2016-02-08, 06:10,A,88,5.0       ,304.7,118.2
16.24,100.889,313.3,2.8,1.6,2016-02-08, 06:10,A,51,5.0       ,300.1,36
16.621,102.908,328.9,1.9,1.4,2016-02-08, 06:10,A,82,5.0       ,304.9,58.3
16.617,102.89,326.1,1.9,1.4,2016-02-08, 06:10,A,79,5.0       ,307.4,49.3
16.427,101.821,321.7,2.3,1.5,2016-02-08, 06:10,A,69,5.0       ,302.6,61.8
16.663,102.937,317.3,1.9,1.3,2016-02-08, 06:10,A,68,5.0       ,301.6,22.8
16.539,102.226,328.4,2.2,1.4,2016-02-08, 06:10,A,81,5.0       ,304.3,70.7
16.952,104.59,317.6,1.4,1.2,2016-02-08, 06:10,A,68,5.0       ,301.5,19.3
16.552,102.224,324.4,2.2,1.4,2016-02-08, 06:10,A,77,5.0       ,304,57.3
16.548,102.204,336.2,2.2,1.4,2016-02-08, 06:10,A,87,5.0       ,304.9,115.3
16.545,102.184,341.5,2.2,1.4,2016-02-08, 06:10,A,91,5.0       ,303.1,145.9
16.268,100.64,321.1,2.9,1.6,2016-02-08, 06:10,A,66,5.0       ,302.2,74.7
16.548,102.197,338.6,2.2,1.4,2016-02-08, 06:10,A,89,5.0       ,305.1,126.7
16.544,102.178,324.6,2.2,1.4,2016-02-08, 06:10,A,49,5.0       ,301.2,61.1
17.195,105.212,315.6,1.3,1.1,2016-02-08, 06:10,A,64,5.0       ,296.4,21.2
17.185,105.025,310.5,1.3,1.1,2016-02-08, 06:10,A,31,5.0       ,299.7,10.8
16.909,103.298,325.2,1.8,1.3,2016-02-08, 06:10,A,78,5.0       ,304,43
16.881,103.062,313.1,1.9,1.3,2016-02-08, 06:10,A,43,5.0       ,301.9,15.2
16.941,103.342,324.5,1.8,1.3,2016-02-08, 06:10,A,78,5.0       ,306.7,37.1
16.893,103.06,325.7,1.9,1.3,2016-02-08, 06:10,A,79,5.0       ,300.1,52.5
16.712,102.013,329.4,2.2,1.4,2016-02-08, 06:10,A,82,5.0       ,304.5,82.8
17.008,103.672,317.1,1.7,1.3,2016-02-08, 06:10,A,40,5.0       ,302.4,21.1
16.89,103.071,327.6,1.8,1.3,2016-02-08, 06:10,A,81,5.0       ,301.5,58.1
16.887,103.054,316.8,1.9,1.3,2016-02-08, 06:10,A,51,5.0       ,299.5,25.6
16.715,102.027,319.2,2.2,1.4,2016-02-08, 06:10,A,71,5.0       ,305,38.8
16.711,102.007,323.3,2.2,1.4,2016-02-08, 06:10,A,76,5.0       ,302.9,56.7
17.221,104.672,326.1,1.4,1.2,2016-02-08, 06:10,A,79,5.0       ,305.5,33.8
17.219,104.659,317.5,1.4,1.2,2016-02-08, 06:10,A,68,5.0       ,304.9,15.4
16.922,102.832,315.1,1.9,1.4,2016-02-08, 06:10,A,63,5.0       ,303.5,14.6
16.952,102.935,317.3,1.9,1.3,2016-02-08, 06:10,A,67,5.0       ,304.8,19.2
16.854,102.368,316.4,2.1,1.4,2016-02-08, 06:10,A,57,5.0       ,302.5,31
16.993,103.103,315.9,1.8,1.3,2016-02-08, 06:10,A,65,5.0       ,304.3,16.8
17.345,105.179,316.5,1.3,1.1,2016-02-08, 06:10,A,66,5.0       ,301.2,20.9
17.342,105.174,312.7,1.3,1.1,2016-02-08, 06:10,A,52,5.0       ,300.3,15.1
16.855,102.363,317.2,2.1,1.4,2016-02-08, 06:10,A,64,5.0       ,302.9,31.6
16.852,102.059,311.1,2.2,1.4,2016-02-08, 06:10,A,22,5.0       ,299.9,16.4
16.869,101.929,312.1,2.3,1.5,2016-02-08, 06:10,A,52,5.0       ,298.3,22.7
16.867,101.922,311.5,2.3,1.5,2016-02-08, 06:10,A,49,5.0       ,299.6,19.2
17.507,105.49,310.4,1.2,1.1,2016-02-08, 06:10,A,33,5.0       ,298.3,12.6
17.163,102.698,315.3,1.9,1.4,2016-02-08, 06:10,A,63,5.0       ,288.6,45.2
16.306,97.662,312.7,4.8,2,2016-02-08, 06:10,A,19,5.0       ,302.5,79.9
17.704,103.696,320.2,1.6,1.2,2016-02-08, 06:10,A,72,5.0       ,304,26.3
18.121,104.594,312.2,1.4,1.2,2016-02-08, 06:10,A,23,5.0       ,299.5,17.1
18.096,104.247,315.3,1.5,1.2,2016-02-08, 06:10,A,63,5.0       ,302.5,18.5
18.106,104.245,316.7,1.5,1.2,2016-02-08, 06:10,A,66,5.0       ,302.3,21.2
18.088,104.136,311.5,1.5,1.2,2016-02-08, 06:10,A,46,5.0       ,299.6,15.7
18.094,104.144,314.4,1.5,1.2,2016-02-08, 06:10,A,58,5.0       ,299,20.6
18.268,104.175,315.1,1.5,1.2,2016-02-08, 06:10,A,53,5.0       ,301.9,19
18.266,104.161,313.4,1.5,1.2,2016-02-08, 06:10,A,36,5.0       ,303,16.2
18.106,102.951,313,1.8,1.3,2016-02-08, 06:10,A,34,5.0       ,301.9,21
18.453,104.044,313.3,1.5,1.2,2016-02-08, 06:10,A,55,5.0       ,299.4,23.3
18.555,103.677,355.4,1.6,1.2,2016-02-08, 06:10,A,98,5.0       ,302.2,156
18.553,103.663,310,1.6,1.2,2016-02-08, 06:10,A,18,5.0       ,298.3,16.3
18.652,103.496,321,1.6,1.2,2016-02-08, 06:10,A,73,5.0       ,295.1,47.4
18.735,103.78,315.3,1.5,1.2,2016-02-08, 06:10,A,63,5.0       ,298.4,28.1
18.468,99.05,313.1,3.4,1.7,2016-02-08, 06:10,A,57,5.0       ,299.2,56.8
18.906,99.621,312.2,3,1.7,2016-02-08, 06:10,A,48,5.0       ,300.5,38.5
19.687,103.409,318.5,1.6,1.2,2016-02-08, 06:10,A,70,5.0       ,288.9,44
24.996,111.411,316.3,1.5,1.2,2016-02-08, 06:10,A,66,5.0       ,297.2,25.8
24.994,111.396,317.2,1.5,1.2,2016-02-08, 06:10,A,67,5.0       ,297.4,27.5
25.007,111.409,341.8,1.5,1.2,2016-02-08, 06:10,A,91,5.0       ,297.3,90.5
25.017,111.407,328.1,1.5,1.2,2016-02-08, 06:10,A,70,5.0       ,294.5,49.5
25.01,111.418,326.8,1.5,1.2,2016-02-08, 06:10,A,60,5.0       ,296.2,46.4
25.008,111.403,323.4,1.5,1.2,2016-02-08, 06:10,A,42,5.0       ,296.5,38.1
25.019,111.402,315.1,1.5,1.2,2016-02-08, 06:10,A,42,5.0       ,294.8,23.5
24.129,104.434,318.7,1.2,1.1,2016-02-08, 06:10,A,70,5.0       ,289.8,27.2
24.127,104.422,313.3,1.2,1.1,2016-02-08, 06:10,A,57,5.0       ,289.9,19.3
24.113,104.273,312.1,1.2,1.1,2016-02-08, 06:10,A,53,5.0       ,292.8,17.5
24.198,104.584,311.7,1.1,1.1,2016-02-08, 06:10,A,50,5.0       ,291.4,15.6
25.476,113.325,312.9,2.1,1.4,2016-02-08, 06:10,A,56,5.0       ,293,44
25.473,113.304,323.1,2.1,1.4,2016-02-08, 06:10,A,76,5.0       ,295.7,76.6
24.289,104.156,326.3,1.2,1.1,2016-02-08, 06:10,A,79,5.0       ,290.8,39.7
24.287,104.145,323.8,1.2,1.1,2016-02-08, 06:10,A,77,5.0       ,290.1,35.4
25.478,113.317,325.5,2.1,1.4,2016-02-08, 06:10,A,79,5.0       ,294.2,81.4
24.812,107.579,323.2,1,1,2016-02-08, 06:10,A,76,5.0       ,295.7,25.9
24.81,107.569,323.1,1,1,2016-02-08, 06:10,A,76,5.0       ,295.6,25.5
24.376,104.424,321.7,1.1,1.1,2016-02-08, 06:10,A,74,5.0       ,291.7,30.5
24.386,104.423,310.1,1.1,1.1,2016-02-08, 06:10,A,20,5.0       ,291.1,14.5
24.542,105.231,322.9,1.1,1,2016-02-08, 06:10,A,76,5.0       ,290.1,29.5
24.54,105.22,312.8,1.1,1,2016-02-08, 06:10,A,56,5.0       ,290.1,16.9
25.507,112.339,329.9,1.8,1.3,2016-02-08, 06:10,A,83,5.0       ,297.1,75
25.466,111.851,312.1,1.6,1.3,2016-02-08, 06:10,A,52,5.0       ,295.1,24.2
25.465,111.835,316,1.6,1.3,2016-02-08, 06:10,A,65,5.0       ,295.5,32.4
25.547,111.546,314.2,1.6,1.2,2016-02-08, 06:10,A,60,5.0       ,295.4,26
13.766,106.208,318.8,1.3,1.1,2016-02-08, 06:10,A,65,5.0       ,279.4,24.5
14.076,108.171,316.5,1,1,2016-02-08, 06:10,A,47,5.0       ,297.9,10.6
13.873,106.764,314.3,1.2,1.1,2016-02-08, 06:10,A,45,5.0       ,289.5,15.4
13.249,102.918,320.1,2.2,1.4,2016-02-08, 06:10,A,59,5.0       ,305.2,31.5
13.498,104.333,315.2,1.7,1.3,2016-02-08, 06:10,A,38,5.0       ,294.7,18.1
13.865,106.587,312.6,1.2,1.1,2016-02-08, 06:10,A,40,5.0       ,294.2,13.9
13.554,104.607,310.2,1.6,1.3,2016-02-08, 06:10,A,28,5.0       ,282.1,19.7
13.881,106.612,314.5,1.2,1.1,2016-02-08, 06:10,A,45,5.0       ,296.1,15.9
13.552,104.602,313.2,1.6,1.3,2016-02-08, 06:10,A,41,5.0       ,282.2,24.8
14.042,107.526,321.3,1.1,1,2016-02-08, 06:10,A,74,5.0       ,296.6,21.9
14.041,107.516,320.1,1.1,1,2016-02-08, 06:10,A,72,5.0       ,297.4,20.6
13.574,104.314,321.4,1.7,1.3,2016-02-08, 06:10,A,74,5.0       ,293.2,37.6
13.601,104.405,313.8,1.7,1.3,2016-02-08, 06:10,A,44,5.0       ,291.1,16.3
14,106.869,319.9,1.2,1.1,2016-02-08, 06:10,A,68,5.0       ,295.7,17.9
14.01,106.868,335,1.2,1.1,2016-02-08, 06:10,A,87,5.0       ,294.9,44.4
14.076,107.203,313.1,1.1,1.1,2016-02-08, 06:10,A,34,5.0       ,283.4,12.9
13.648,104.343,311.3,1.7,1.3,2016-02-08, 06:10,A,22,5.0       ,290.3,12.2
14.042,106.601,322.3,1.2,1.1,2016-02-08, 06:10,A,75,5.0       ,288.9,26.9
13.848,105.361,313.9,1.4,1.2,2016-02-08, 06:10,A,59,5.0       ,282.2,26.5
13.704,104.397,322.3,1.7,1.3,2016-02-08, 06:10,A,75,5.0       ,296.5,30
13.413,102.642,321.6,2.3,1.5,2016-02-08, 06:10,A,74,5.0       ,302.2,42
13.697,104.297,312.2,1.7,1.3,2016-02-08, 06:10,A,42,5.0       ,291.7,11.3
13.689,104.25,318,1.7,1.3,2016-02-08, 06:10,A,69,5.0       ,293.7,25.6
13.409,102.638,320.8,2.3,1.5,2016-02-08, 06:10,A,72,5.0       ,302,35.9
13.729,104.419,317.9,1.7,1.3,2016-02-08, 06:10,A,34,5.0       ,295.5,21.6
13.727,104.403,324.5,1.7,1.3,2016-02-08, 06:10,A,75,5.0       ,296.5,39
14.275,107.779,312.6,1.1,1,2016-02-08, 06:10,A,50,5.0       ,294.2,10.6
13.68,104.055,317.7,1.8,1.3,2016-02-08, 06:10,A,44,5.0       ,297,31.8
13.432,102.612,322,2.3,1.5,2016-02-08, 06:10,A,75,5.0       ,302.6,42.1
13.789,104.639,315.5,1.6,1.3,2016-02-08, 06:10,A,43,5.0       ,289,15.4
13.787,104.625,318.7,1.6,1.3,2016-02-08, 06:10,A,51,5.0       ,291.2,21.9
13.772,104.395,313,1.7,1.3,2016-02-08, 06:10,A,54,5.0       ,292.8,14.8
13.744,104.224,315.3,1.7,1.3,2016-02-08, 06:10,A,50,5.0       ,295.8,14.7
13.741,104.208,320.1,1.7,1.3,2016-02-08, 06:10,A,72,5.0       ,297.4,28.4
13.757,104.156,315,1.8,1.3,2016-02-08, 06:10,A,39,5.0       ,296.6,15.9
12.811,98.74,351.3,4.7,2,2016-02-08, 06:10,A,96,5.0       ,296.9,706.8
12.803,98.693,314.4,4.8,2,2016-02-08, 06:10,A,46,5.0       ,293.9,140.9
13.779,104.162,319.7,1.8,1.3,2016-02-08, 06:10,A,48,5.0       ,293.5,24.2
12.81,98.73,352.3,4.7,2,2016-02-08, 06:10,A,96,5.0       ,297.2,728.1
13.921,104.876,314.5,1.5,1.2,2016-02-08, 06:10,A,34,5.0       ,280.7,20.2
13.694,103.443,314.8,2,1.4,2016-02-08, 06:10,A,21,5.0       ,294.9,20.3
13.836,104.217,321.1,1.7,1.3,2016-02-08, 06:10,A,74,5.0       ,295.2,29.8
13.939,104.636,319.9,1.6,1.2,2016-02-08, 06:10,A,37,5.0       ,294,26.4
13.936,104.622,320.6,1.6,1.2,2016-02-08, 06:10,A,37,5.0       ,296,27.7
14.111,105.678,316.8,1.4,1.2,2016-02-08, 06:10,A,51,5.0       ,294.1,17.7
14.095,105.578,312.2,1.4,1.2,2016-02-08, 06:10,A,48,5.0       ,295,10.5
13.938,104.631,322.7,1.6,1.2,2016-02-08, 06:10,A,76,5.0       ,295.2,35.7
13.992,104.887,316.5,1.5,1.2,2016-02-08, 06:10,A,66,5.0       ,283.7,25.6
13.84,103.979,322.9,1.8,1.3,2016-02-08, 06:10,A,76,5.0       ,297.8,40.2
14.091,105.422,321.5,1.4,1.2,2016-02-08, 06:10,A,68,5.0       ,294.1,32
14.089,105.409,317.4,1.4,1.2,2016-02-08, 06:10,A,53,5.0       ,291.8,24.9
14.061,105.24,316.7,1.5,1.2,2016-02-08, 06:10,A,43,5.0       ,295.7,21.1
13.979,104.743,314.7,1.6,1.2,2016-02-08, 06:10,A,48,5.0       ,291.2,15.4
13.959,104.552,315.2,1.6,1.3,2016-02-08, 06:10,A,60,5.0       ,293.6,18.8
14.018,104.839,323.6,1.6,1.2,2016-02-08, 06:10,A,77,5.0       ,282.2,40.8
14.103,105.232,312.8,1.5,1.2,2016-02-08, 06:10,A,51,5.0       ,294.5,9.7
14.138,105.274,312.2,1.4,1.2,2016-02-08, 06:10,A,38,5.0       ,288,14.3
14.098,105.033,324,1.5,1.2,2016-02-08, 06:10,A,72,5.0       ,286.8,37.6
14.109,105.031,323.4,1.5,1.2,2016-02-08, 06:10,A,76,5.0       ,285.7,33.5
13.65,102.354,312.3,2.4,1.5,2016-02-08, 06:10,A,54,5.0       ,299.3,19.1
27.846,111.531,317.1,1.7,1.3,2016-02-08, 06:10,A,67,5.0       ,293.5,36.4
27.88,111.632,317.2,1.7,1.3,2016-02-08, 06:10,A,67,5.0       ,294.8,40.7
27.86,111.331,326.4,1.6,1.3,2016-02-08, 06:10,A,79,5.0       ,295.8,59.2
27.058,105.088,321.4,1,1,2016-02-08, 06:10,A,68,5.0       ,295.2,23.6
27.959,111.835,319.6,1.8,1.3,2016-02-08, 06:10,A,71,5.0       ,292.8,49
27.958,111.818,323.7,1.8,1.3,2016-02-08, 06:10,A,77,5.0       ,294,60.7
27.927,111.216,317.6,1.6,1.2,2016-02-08, 06:10,A,68,5.0       ,294.7,36.7
27.993,111.751,315.2,1.7,1.3,2016-02-08, 06:10,A,63,5.0       ,293.3,37.1
28.001,110.544,341.8,1.5,1.2,2016-02-08, 06:10,A,91,5.0       ,296.3,92.8
27.995,109.885,315.1,1.3,1.1,2016-02-08, 06:10,A,63,5.0       ,294.1,24.8
28.19,110.504,319.2,1.5,1.2,2016-02-08, 06:10,A,71,5.0       ,294.8,35.8
28.193,110.498,311.6,1.5,1.2,2016-02-08, 06:10,A,50,5.0       ,294.6,20.4
28.157,109.889,310.2,1.3,1.1,2016-02-08, 06:10,A,31,5.0       ,293.1,17.9
28.889,117.062,314,4.2,1.9,2016-02-08, 06:10,A,60,5.0       ,290.1,132.6
28.463,110.353,312,1.4,1.2,2016-02-08, 06:10,A,52,5.0       ,292.9,22.9
29.058,113.429,310.4,2.3,1.5,2016-02-08, 06:10,A,22,5.0       ,295,35.3
29.076,113.476,322,2.4,1.5,2016-02-08, 06:10,A,75,5.0       ,294.8,83.5
29.099,113.14,322.1,2.2,1.5,2016-02-08, 06:10,A,69,5.0       ,294.7,71.6
29.112,113.139,319.5,2.2,1.5,2016-02-08, 06:10,A,71,5.0       ,294.7,61.2
29.11,113.116,317.4,2.2,1.4,2016-02-08, 06:10,A,65,5.0       ,294.8,52.6
29.097,113.133,319.4,2.2,1.5,2016-02-08, 06:10,A,71,5.0       ,294.8,64.7
29.111,113.131,325.6,2.2,1.5,2016-02-08, 06:10,A,79,5.0       ,294.9,86.7
29.1,112.861,386.5,2.1,1.4,2016-02-08, 06:10,A,100,5.0       ,300,570.7
29.098,112.839,349.8,2.1,1.4,2016-02-08, 06:10,A,90,5.0       ,296.3,204.3
29.112,112.859,320.6,2.1,1.4,2016-02-08, 06:10,A,73,5.0       ,294.8,62.6
29.11,112.837,311,2.1,1.4,2016-02-08, 06:10,A,40,5.0       ,294.2,30.3
29.282,114.337,314,2.7,1.6,2016-02-08, 06:10,A,60,5.0       ,293.5,69.9
29.28,114.307,323.1,2.7,1.6,2016-02-08, 06:10,A,76,5.0       ,293.4,114
29.197,113.215,312.1,2.3,1.5,2016-02-08, 06:10,A,47,5.0       ,294.2,38.4
29.285,114.332,321.1,2.7,1.6,2016-02-08, 06:10,A,74,5.0       ,293.9,104.8
29.282,114.303,318.4,2.7,1.6,2016-02-08, 06:10,A,69,5.0       ,293.1,89.1
29.345,113.708,320.5,2.5,1.5,2016-02-08, 06:10,A,53,5.0       ,293.8,72
29.358,113.751,321,2.5,1.5,2016-02-08, 06:10,A,73,5.0       ,295.7,85.1
29.355,113.725,313.1,2.5,1.5,2016-02-08, 06:10,A,57,5.0       ,293.6,54
29.353,113.699,310.3,2.5,1.5,2016-02-08, 06:10,A,22,5.0       ,292.1,39.8
29.31,113.19,318.6,2.3,1.5,2016-02-08, 06:10,A,70,5.0       ,294.8,62.4
29.378,113.827,330,2.5,1.5,2016-02-08, 06:10,A,83,5.0       ,295.2,135.6
29.51,114.931,312.1,3,1.7,2016-02-08, 06:10,A,52,5.0       ,295.5,65.3
29.535,115.052,310.3,3.1,1.7,2016-02-08, 06:10,A,34,5.0       ,294.8,53.4
29.628,114.915,319.2,3,1.7,2016-02-08, 06:10,A,70,5.0       ,296.5,93.8
29.625,114.884,310.7,3,1.7,2016-02-08, 06:10,A,19,5.0       ,296,50.4
29.574,114.264,340,2.7,1.6,2016-02-08, 06:10,A,90,5.0       ,295.5,219.4
29.572,114.236,322.6,2.7,1.6,2016-02-08, 06:10,A,75,5.0       ,295,105.2
29.629,114.907,323.1,3,1.7,2016-02-08, 06:10,A,76,5.0       ,296.8,125.8
29.579,114.256,348.8,2.7,1.6,2016-02-08, 06:10,A,95,5.0       ,296.7,297.8
29.721,115.124,322.3,3.1,1.7,2016-02-08, 06:10,A,75,5.0       ,294.5,126.9
29.357,111.167,310.8,1.7,1.3,2016-02-08, 06:10,A,43,5.0       ,296.3,22.7
29.717,115.119,314.1,3.1,1.7,2016-02-08, 06:10,A,60,5.0       ,293.9,77.9
26.726,95.139,318.2,4.2,1.9,2016-02-08, 06:10,A,54,5.0       ,290,152.3
29.726,114.827,326.7,3,1.6,2016-02-08, 06:10,A,80,5.0       ,295.5,148
29.724,114.799,311,3,1.6,2016-02-08, 06:10,A,45,5.0       ,296.9,59.7
29.803,114.628,311,2.9,1.6,2016-02-08, 06:10,A,45,5.0       ,294.1,61.3
30.204,113.845,312.4,2.6,1.5,2016-02-08, 06:10,A,54,5.0       ,290.9,58.4
28.004,95.469,313.6,3.7,1.8,2016-02-08, 06:10,A,59,5.0       ,291.4,86.1
27.996,95.432,316.3,3.8,1.8,2016-02-08, 06:10,A,66,5.0       ,292.4,105.8
27.996,95.464,316.4,3.7,1.8,2016-02-08, 06:10,A,66,5.0       ,290.8,105.8
30.436,108.533,310.5,1.2,1.1,2016-02-08, 06:10,A,39,5.0       ,293,16.5
30.845,111.724,315.7,1.9,1.3,2016-02-08, 06:10,A,64,5.0       ,296.1,37.6
14.722,106.767,342,1.2,1.1,2016-02-08, 06:10,A,91,5.0       ,303.4,55.1
14.716,106.724,318.4,1.2,1.1,2016-02-08, 06:10,A,55,5.0       ,305,10.5
14.584,105.872,319,1.3,1.1,2016-02-08, 06:10,A,34,5.0       ,304.9,18.9
14.741,106.829,323.4,1.1,1.1,2016-02-08, 06:10,A,76,5.0       ,309.4,12.1
14.336,104.252,316.9,1.7,1.3,2016-02-08, 06:10,A,55,5.0       ,301.7,22.8
14.255,103.632,320.2,1.9,1.3,2016-02-08, 06:10,A,72,5.0       ,301.4,24.3
14.592,105.603,325.9,1.3,1.2,2016-02-08, 06:10,A,74,5.0       ,307.4,27
13.94,101.678,313.4,2.7,1.6,2016-02-08, 06:10,A,55,5.0       ,298.9,29.7
14.321,103.811,315.8,1.8,1.3,2016-02-08, 06:10,A,40,5.0       ,298.7,25.8
14.29,103.626,317.7,1.9,1.3,2016-02-08, 06:10,A,59,5.0       ,301.1,17.6
14.346,103.738,314.9,1.8,1.3,2016-02-08, 06:10,A,50,5.0       ,299.7,18
13.996,101.667,313.8,2.7,1.6,2016-02-08, 06:10,A,57,5.0       ,301.3,31.5
13.992,101.642,316.4,2.7,1.6,2016-02-08, 06:10,A,66,5.0       ,300.4,45.2
13.974,101.543,312.1,2.8,1.6,2016-02-08, 06:10,A,52,5.0       ,299.2,29.5
13.986,101.664,316,2.7,1.6,2016-02-08, 06:10,A,65,5.0       ,300.7,42.1
13.981,101.639,314.6,2.7,1.6,2016-02-08, 06:10,A,62,5.0       ,300.6,38.4
13.978,101.538,310.8,2.8,1.6,2016-02-08, 06:10,A,37,5.0       ,298.6,25.1
14.893,106.866,323.8,1.1,1.1,2016-02-08, 06:10,A,68,5.0       ,308.6,14.1
14.92,106.979,328.5,1.1,1.1,2016-02-08, 06:10,A,76,5.0       ,308,22
14.863,106.141,316.3,1.2,1.1,2016-02-08, 06:10,A,52,5.0       ,302.2,14
14.896,106.159,310.5,1.2,1.1,2016-02-08, 06:10,A,20,5.0       ,299.4,9.3
14.91,105.532,313.3,1.3,1.2,2016-02-08, 06:10,A,27,5.0       ,293.6,18.8
15.03,106.288,310.3,1.2,1.1,2016-02-08, 06:10,A,13,5.0       ,299.8,10.3
14.95,105.531,315.5,1.3,1.1,2016-02-08, 06:10,A,51,5.0       ,297.8,18.2
15.196,106.633,329.7,1.2,1.1,2016-02-08, 06:10,A,83,5.0       ,294.8,42.2
15.195,106.623,328.5,1.2,1.1,2016-02-08, 06:10,A,81,5.0       ,299,40
15.135,106.243,310.9,1.2,1.1,2016-02-08, 06:10,A,44,5.0       ,295.5,13.5
15.204,106.621,310.3,1.2,1.1,2016-02-08, 06:10,A,35,5.0       ,296.4,13.2
15.159,106.33,311.1,1.2,1.1,2016-02-08, 06:10,A,28,5.0       ,297.1,9.2
13.881,98.964,314.6,4.3,1.9,2016-02-08, 06:10,A,58,5.0       ,290.3,134.2
15.19,106.403,316.6,1.2,1.1,2016-02-08, 06:10,A,66,5.0       ,297.8,15.6
15.188,106.392,313.6,1.2,1.1,2016-02-08, 06:10,A,55,5.0       ,297.6,12.2
13.898,98.958,310.1,4.3,1.9,2016-02-08, 06:10,A,14,5.0       ,290.8,92.8
13.962,99.176,313.5,4.2,1.9,2016-02-08, 06:10,A,55,5.0       ,295.3,85.4
15.111,105.515,322.7,1.3,1.1,2016-02-08, 06:10,A,76,5.0       ,308.4,18.5
14.529,102.04,317.5,2.5,1.5,2016-02-08, 06:10,A,68,5.0       ,299.2,40.4
15.244,106.218,311.9,1.2,1.1,2016-02-08, 06:10,A,51,5.0       ,299.2,11.4
15.262,106.272,316,1.2,1.1,2016-02-08, 06:10,A,60,5.0       ,302.1,15.1
15.427,106.806,316.6,1.1,1.1,2016-02-08, 06:10,A,38,5.0       ,295,13.2
15.449,106.759,315.3,1.1,1.1,2016-02-08, 06:10,A,53,5.0       ,297.6,9.7
15.42,106.571,314.4,1.2,1.1,2016-02-08, 06:10,A,61,5.0       ,301.1,11.3
14.289,99.293,315.7,4,1.9,2016-02-08, 06:10,A,64,5.0       ,292.9,107.5
14.294,99.288,312.6,4,1.9,2016-02-08, 06:10,A,55,5.0       ,292.9,84
14.843,102.1,319.1,2.4,1.5,2016-02-08, 06:10,A,70,5.0       ,301.2,39.2
14.84,102.078,317.3,2.4,1.5,2016-02-08, 06:10,A,63,5.0       ,299.7,31.6
14.816,101.945,317.3,2.5,1.5,2016-02-08, 06:10,A,68,5.0       ,302.3,33.3
14.866,102.089,323.3,2.4,1.5,2016-02-08, 06:10,A,76,5.0       ,300.5,60.9
15.5,105.574,314.5,1.3,1.1,2016-02-08, 06:10,A,61,5.0       ,300.8,10.6
15.374,103.633,341.3,1.8,1.3,2016-02-08, 06:10,A,91,5.0       ,303.8,100
14.922,100.997,312.1,2.9,1.6,2016-02-08, 06:10,A,30,5.0       ,298.2,35.9
15.482,103.726,316.8,1.8,1.3,2016-02-08, 06:10,A,67,5.0       ,302,18.6
15.221,102.07,315.4,2.4,1.5,2016-02-08, 06:10,A,51,5.0       ,301.3,24.9
15.217,102.049,319,2.4,1.5,2016-02-08, 06:10,A,71,5.0       ,301.3,38.6
15.23,102.046,317.7,2.4,1.5,2016-02-08, 06:10,A,53,5.0       ,303.1,33.5
15.034,100.775,316.7,3,1.6,2016-02-08, 06:10,A,63,5.0       ,301.4,51.4
15.035,100.768,313.9,3,1.6,2016-02-08, 06:10,A,53,5.0       ,301.7,37
15.528,103.456,321,1.8,1.3,2016-02-08, 06:10,A,73,5.0       ,304.6,25.9
15.155,101.181,325.8,2.8,1.6,2016-02-08, 06:10,A,79,5.0       ,301,94.8
15.15,101.155,314,2.8,1.6,2016-02-08, 06:10,A,60,5.0       ,301.2,35.1
15.445,102.753,315.9,2.1,1.4,2016-02-08, 06:10,A,65,5.0       ,304.1,24.3
15.169,101.178,326,2.8,1.6,2016-02-08, 06:10,A,79,5.0       ,300.2,93.9
15.164,101.152,316,2.8,1.6,2016-02-08, 06:10,A,50,5.0       ,300.5,42.9
15.397,102.397,318.7,2.2,1.4,2016-02-08, 06:10,A,70,5.0       ,303,36.7
15.394,102.377,316.9,2.2,1.4,2016-02-08, 06:10,A,61,5.0       ,301.5,29
15.202,101.197,320.3,2.8,1.6,2016-02-08, 06:10,A,71,5.0       ,300.7,59.2
15.446,102.748,317.5,2.1,1.4,2016-02-08, 06:10,A,68,5.0       ,304,27.8
15.158,101.176,335.6,2.8,1.6,2016-02-08, 06:10,A,87,5.0       ,301.3,161.1
15.153,101.15,312.5,2.8,1.6,2016-02-08, 06:10,A,53,5.0       ,301.1,28.5
15.395,102.393,320.4,2.2,1.4,2016-02-08, 06:10,A,72,5.0       ,302.9,43.7
15.712,104.134,311.5,1.6,1.3,2016-02-08, 06:10,A,41,5.0       ,295.4,15.4
14.933,99.83,314.1,3.6,1.8,2016-02-08, 06:10,A,60,5.0       ,302,40.3
15.204,101.192,317.3,2.8,1.6,2016-02-08, 06:10,A,68,5.0       ,300.4,49.1
15.775,103.564,314.1,1.8,1.3,2016-02-08, 06:10,A,57,5.0       ,300.8,15.2
15.9,103.948,318,1.7,1.3,2016-02-08, 06:10,A,62,5.0       ,302.7,22.1
15.684,102.612,315.9,2.1,1.4,2016-02-08, 06:10,A,65,5.0       ,300.6,29.9
15.925,103.959,334.5,1.7,1.3,2016-02-08, 06:10,A,86,5.0       ,299.3,72.4
15.464,101.284,311.9,2.7,1.6,2016-02-08, 06:10,A,35,5.0       ,298.5,24.4
14.893,98.125,311.9,4.8,2,2016-02-08, 06:10,A,51,5.0       ,296.2,120.3
15.94,103.909,316.8,1.7,1.3,2016-02-08, 06:10,A,44,5.0       ,301.7,20.2
15.474,101.179,320,2.7,1.6,2016-02-08, 06:10,A,72,5.0       ,300.5,55.1
25.161,108.389,319.1,1.1,1,2016-02-08, 06:10,A,71,5.0       ,292.5,23.3
25.159,108.379,312.3,1.1,1,2016-02-08, 06:10,A,53,5.0       ,294.2,15
25.73,112.071,311.3,1.7,1.3,2016-02-08, 06:10,A,48,5.0       ,296,21.8
25.551,110.54,311.4,1.4,1.2,2016-02-08, 06:10,A,47,5.0       ,293.5,19.2
25.377,108.566,318.7,1.1,1,2016-02-08, 06:10,A,70,5.0       ,291.4,23.4
25.376,108.555,352.6,1.1,1,2016-02-08, 06:10,A,96,5.0       ,295.6,87.8
25.927,112.314,317.6,1.8,1.3,2016-02-08, 06:10,A,68,5.0       ,297.1,37.9
25.093,105.827,311,1,1,2016-02-08, 06:10,A,45,5.0       ,291.2,12.7
25.998,112.867,314.4,2,1.4,2016-02-08, 06:10,A,61,5.0       ,296.3,36.6
25.938,111.261,315.4,1.5,1.2,2016-02-08, 06:10,A,64,5.0       ,295.6,28.8
25.936,111.245,311.8,1.5,1.2,2016-02-08, 06:10,A,51,5.0       ,295.3,22.1
25.569,108.08,314,1,1,2016-02-08, 06:10,A,60,5.0       ,294.4,16.1
26.156,112.755,319.6,1.9,1.4,2016-02-08, 06:10,A,71,5.0       ,295.7,49.3
25.588,108.014,312.7,1,1,2016-02-08, 06:10,A,55,5.0       ,294.1,14.4
25.586,108.004,321.9,1,1,2016-02-08, 06:10,A,74,5.0       ,294,25.3
26.151,112.769,311.9,1.9,1.4,2016-02-08, 06:10,A,51,5.0       ,296,27.5
26.149,112.748,317.8,1.9,1.4,2016-02-08, 06:10,A,68,5.0       ,296.5,43.1
25.665,107.901,326.9,1,1,2016-02-08, 06:10,A,80,5.0       ,293.2,32.9
25.336,105.537,313.1,1,1,2016-02-08, 06:10,A,57,5.0       ,293.9,15
25.379,105.523,318.1,1,1,2016-02-08, 06:10,A,69,5.0       ,290.6,22.3
26.305,112.67,314.3,1.9,1.3,2016-02-08, 06:10,A,61,5.0       ,297.5,32.9
26.303,112.651,311.1,1.9,1.3,2016-02-08, 06:10,A,46,5.0       ,297.7,24.4
25.704,107.65,326.4,1,1,2016-02-08, 06:10,A,69,5.0       ,292.6,28
26.411,113.611,312.8,2.2,1.4,2016-02-08, 06:10,A,56,5.0       ,293.2,47.3
26.41,113.604,317.9,2.2,1.4,2016-02-08, 06:10,A,69,5.0       ,293.9,62.2
25.686,107.054,319.4,1,1,2016-02-08, 06:10,A,71,5.0       ,291.4,22.9
26.424,112.943,321.8,2,1.4,2016-02-08, 06:10,A,74,5.0       ,296.6,59.7
26.493,113.375,314.6,2.2,1.4,2016-02-08, 06:10,A,53,5.0       ,295.3,40.8
26.438,112.321,310,1.8,1.3,2016-02-08, 06:10,A,23,5.0       ,295.2,22.3
26.437,112.303,314.4,1.8,1.3,2016-02-08, 06:10,A,61,5.0       ,295.8,32.6
26.537,112.621,314.3,1.9,1.3,2016-02-08, 06:10,A,61,5.0       ,296.7,32.9
26.669,113.452,317.1,2.2,1.4,2016-02-08, 06:10,A,67,5.0       ,295,57.3
26.667,113.447,311,2.2,1.4,2016-02-08, 06:10,A,39,5.0       ,294.7,34
26.495,110.774,315.8,1.4,1.2,2016-02-08, 06:10,A,65,5.0       ,297,24.4
25.885,106.132,321.1,1,1,2016-02-08, 06:10,A,74,5.0       ,291.8,24.7
25.889,106.094,310.6,1,1,2016-02-08, 06:10,A,41,5.0       ,290.8,12.8
25.863,105.916,313.9,1,1,2016-02-08, 06:10,A,59,5.0       ,291,16.7
25.915,105.712,312.5,1,1,2016-02-08, 06:10,A,55,5.0       ,293.3,13.2
26.907,113.385,311.4,2.2,1.4,2016-02-08, 06:10,A,48,5.0       ,295.5,34.9
26.947,113.111,314.3,2.1,1.4,2016-02-08, 06:10,A,61,5.0       ,293.1,45.8
26.712,110.638,313.2,1.4,1.2,2016-02-08, 06:10,A,57,5.0       ,296.1,19.7
26.786,111.196,312.1,1.5,1.2,2016-02-08, 06:10,A,53,5.0       ,296,21.9
26.725,110.564,314.5,1.4,1.2,2016-02-08, 06:10,A,61,5.0       ,296.7,22.6
26.82,110.703,319.3,1.4,1.2,2016-02-08, 06:10,A,71,5.0       ,296.4,31.9
27.136,113.054,315.1,2.1,1.4,2016-02-08, 06:10,A,63,5.0       ,296.1,43.1
26.976,111.268,314.8,1.6,1.2,2016-02-08, 06:10,A,62,5.0       ,294.7,27.6
26.974,111.253,324.7,1.6,1.2,2016-02-08, 06:10,A,78,5.0       ,295.6,50.7
27.116,112.43,313.4,1.9,1.3,2016-02-08, 06:10,A,49,5.0       ,293.3,32.3
27.106,111.739,311.1,1.7,1.3,2016-02-08, 06:10,A,46,5.0       ,294.4,24.7
27.267,112.827,314.4,2,1.4,2016-02-08, 06:10,A,61,5.0       ,294.1,42
27.209,112.266,310.4,1.8,1.3,2016-02-08, 06:10,A,38,5.0       ,293.4,27.3
27.259,112.841,310.6,2,1.4,2016-02-08, 06:10,A,40,5.0       ,294.4,32.3
27.217,112.276,313.1,1.8,1.3,2016-02-08, 06:10,A,57,5.0       ,293.8,35.9
27.297,112.058,312.3,1.8,1.3,2016-02-08, 06:10,A,54,5.0       ,294.1,27.6
27.358,111.757,314.1,1.7,1.3,2016-02-08, 06:10,A,60,5.0       ,294.6,32.4
27.386,111.913,326.2,1.8,1.3,2016-02-08, 06:10,A,79,5.0       ,294.2,64.5
27.369,111.533,319.2,1.6,1.3,2016-02-08, 06:10,A,71,5.0       ,294.3,41.4
27.456,111.952,311.4,1.8,1.3,2016-02-08, 06:10,A,48,5.0       ,294,27
27.508,112.11,336.6,1.8,1.3,2016-02-08, 06:10,A,88,5.0       ,294.1,109.6
27.488,111.911,326.6,1.8,1.3,2016-02-08, 06:10,A,80,5.0       ,293.3,66.4
27.486,111.894,352.6,1.8,1.3,2016-02-08, 06:10,A,96,5.0       ,297,173.3
27.494,111.858,310.7,1.7,1.3,2016-02-08, 06:10,A,42,5.0       ,294.4,27.1
26.731,105.68,310.4,1,1,2016-02-08, 06:10,A,37,5.0       ,288.7,14.3
27.387,110.334,311.1,1.4,1.2,2016-02-08, 06:10,A,46,5.0       ,293.2,21.1
27.797,113.734,320,2.4,1.5,2016-02-08, 06:10,A,72,5.0       ,293.3,74.8
27.805,113.729,314.4,2.4,1.5,2016-02-08, 06:10,A,61,5.0       ,292.9,55.4
27.661,111.718,315.6,1.7,1.3,2016-02-08, 06:10,A,56,5.0       ,295.8,31.4
27.671,111.699,317.2,1.7,1.3,2016-02-08, 06:10,A,67,5.0       ,295.5,34.9
27.729,111.598,317.8,1.7,1.3,2016-02-08, 06:10,A,69,5.0       ,296.1,37.3
27.79,111.729,322.3,1.7,1.3,2016-02-08, 06:10,A,62,5.0       ,294.7,46.1
27.76,111.455,330.4,1.6,1.3,2016-02-08, 06:10,A,83,5.0       ,295.8,65.1
27.787,111.741,321,1.7,1.3,2016-02-08, 06:10,A,73,5.0       ,295,45.8
27.785,111.724,316.5,1.7,1.3,2016-02-08, 06:10,A,66,5.0       ,295.2,34.5
27.759,111.466,320,1.7,1.3,2016-02-08, 06:10,A,72,5.0       ,296.4,38.1
27.758,111.45,322.2,1.6,1.3,2016-02-08, 06:10,A,75,5.0       ,295.8,43.4
27.793,111.46,315.7,1.7,1.3,2016-02-08, 06:10,A,64,5.0       ,293.6,30.8
27.823,111.524,316.3,1.7,1.3,2016-02-08, 06:10,A,66,5.0       ,293.8,32.9
26.381,101.339,310.1,1.6,1.2,2016-02-08, 06:10,A,25,5.0       ,296.2,20
27.847,111.538,312.6,1.7,1.3,2016-02-08, 06:10,A,52,5.0       ,293.4,26
26.689,90.81,316.6,3.1,1.7,2016-02-08, 07:50,A,66,5.0       ,292.7,72.3
26.692,90.833,312.4,3.1,1.7,2016-02-08, 07:50,A,36,5.0       ,293,42.5
26.689,90.802,311.9,3.1,1.7,2016-02-08, 07:50,A,35,5.0       ,292.3,42.2
1.118,124.744,316.7,1.6,1.2,2016-02-08, 13:50,T,92,5.0       ,277.4,47
1.116,124.73,317.7,1.6,1.2,2016-02-08, 13:50,T,94,5.0       ,275.4,48.6
1.12,124.739,319.7,1.6,1.2,2016-02-08, 13:50,T,99,5.0       ,275.9,53.7
29.643,114.9,308.8,2.3,1.5,2016-02-08, 14:00,T,63,5.0       ,279.5,66.8
29.825,114.813,328.3,2.3,1.5,2016-02-08, 14:00,T,100,5.0       ,280,145.9
9.182,123.098,311.9,1.5,1.2,2016-02-08, 13:55,T,77,5.0       ,292.8,27.1
11.549,103.074,305.2,1,1,2016-02-08, 15:35,T,21,5.0       ,289.1,10.3
12.128,106.205,305.8,1.5,1.2,2016-02-08, 15:35,T,37,5.0       ,287,17.1
12.139,106.203,306.7,1.5,1.2,2016-02-08, 15:35,T,48,5.0       ,286.5,18.2
12.572,105.799,306.7,1.4,1.2,2016-02-08, 15:35,T,38,5.0       ,278.9,22.6
12.686,106.625,315,1.6,1.3,2016-02-08, 15:35,T,87,5.0       ,289.9,37.7
12.685,106.611,329.4,1.6,1.3,2016-02-08, 15:35,T,100,5.0       ,291.1,74.1
11.783,99.497,312.6,1.2,1.1,2016-02-08, 15:35,T,79,5.0       ,275.7,27.5
11.794,99.507,318.3,1.2,1.1,2016-02-08, 15:35,T,96,5.0       ,278.3,34.6
11.792,99.496,311.5,1.2,1.1,2016-02-08, 15:35,T,75,5.0       ,277.8,25.2
12.782,105.68,316.3,1.4,1.2,2016-02-08, 15:35,T,91,5.0       ,277.9,38.6
13.216,106.564,310.8,1.6,1.3,2016-02-08, 15:35,T,72,5.0       ,282.9,34.3
13.214,106.549,306,1.6,1.3,2016-02-08, 15:35,T,39,5.0       ,281.9,25.3
13.313,106.424,306.3,1.6,1.2,2016-02-08, 15:35,T,44,5.0       ,270.9,29.4
14.807,98.193,308.7,1.3,1.1,2016-02-08, 15:35,T,62,5.0       ,291.2,19
14.805,98.18,308.1,1.3,1.1,2016-02-08, 15:35,T,59,5.0       ,289.9,18.3
15.109,99.232,305.8,1.1,1.1,2016-02-08, 15:35,T,36,5.0       ,286.6,14
15.108,99.222,306.1,1.1,1.1,2016-02-08, 15:35,T,34,5.0       ,286.8,14.2
14.938,98.115,305.2,1.3,1.1,2016-02-08, 15:35,T,25,5.0       ,290.7,14.9
15.167,99.196,307.4,1.1,1.1,2016-02-08, 15:35,T,33,5.0       ,288.3,15.5
15.175,99.184,310.5,1.1,1.1,2016-02-08, 15:35,T,24,5.0       ,287.4,18.5
15.173,99.173,316.5,1.1,1.1,2016-02-08, 15:35,T,63,5.0       ,286.1,26.3
15.23,99.291,306.7,1.1,1.1,2016-02-08, 15:35,T,40,5.0       ,285.8,15.5
15.234,99.284,308.2,1.1,1.1,2016-02-08, 15:35,T,59,5.0       ,286.9,17.7
16.033,101.391,325.2,1,1,2016-02-08, 15:35,T,100,5.0       ,285.5,33.6
16.059,101.378,312.2,1,1,2016-02-08, 15:35,T,50,5.0       ,283.6,18.5
15.709,98.997,312.4,1.1,1.1,2016-02-08, 15:35,T,79,5.0       ,284.1,23.2
16.094,101.562,309.5,1,1,2016-02-08, 15:35,T,66,5.0       ,285,17.6
15.72,99.006,310.8,1.1,1.1,2016-02-08, 15:35,T,68,5.0       ,284.5,20.7
15.719,98.996,319.1,1.1,1.1,2016-02-08, 15:35,T,97,5.0       ,284.2,31.5
16.186,101.494,305.8,1,1,2016-02-08, 15:35,T,37,5.0       ,284.5,13.3
16.209,101.595,313.1,1,1,2016-02-08, 15:35,T,81,5.0       ,284,20.7
16.178,100.922,306.6,1,1,2016-02-08, 15:35,T,47,5.0       ,286.3,13.5
16.003,98.238,310.3,1.2,1.1,2016-02-08, 15:35,T,70,5.0       ,290.8,20.7
16.409,99.417,308.3,1.1,1,2016-02-08, 15:35,T,60,5.0       ,290.5,16
16.753,98.396,312,1.2,1.1,2016-02-08, 15:35,T,77,5.0       ,283.8,25
16.757,98.401,309.3,1.2,1.1,2016-02-08, 15:35,T,66,5.0       ,283.5,22.8
16.807,98.212,306.4,1.2,1.1,2016-02-08, 15:35,T,44,5.0       ,292.2,13.1
16.806,98.201,305.1,1.2,1.1,2016-02-08, 15:35,T,15,5.0       ,292.8,11.3
17.659,103.466,308.6,1.2,1.1,2016-02-08, 15:35,T,62,5.0       ,286.5,20.5
17.545,101.546,306.5,1,1,2016-02-08, 15:35,T,46,5.0       ,284.9,15.6
17.459,99.725,308.5,1,1,2016-02-08, 15:35,T,61,5.0       ,287.4,16.6
26.577,101.663,314.8,1.2,1.1,2016-02-08, 15:35,T,86,5.0       ,285,29.7
12.932,102.433,307.3,1,1,2016-02-08, 15:35,T,53,5.0       ,287.7,14.3
12.93,102.423,313.6,1,1,2016-02-08, 15:35,T,82,5.0       ,287.7,20.5
13.569,104.61,322,1.2,1.1,2016-02-08, 15:35,T,100,5.0       ,287.1,38.7
13.283,102.381,309.8,1,1,2016-02-08, 15:35,T,68,5.0       ,290.6,15.4
13.282,102.372,319.5,1,1,2016-02-08, 15:35,T,98,5.0       ,291.5,25.8
12.805,98.76,307.5,1.3,1.1,2016-02-08, 15:35,T,14,5.0       ,288.7,15.9
12.804,98.749,328.4,1.3,1.1,2016-02-08, 15:35,T,100,5.0       ,290.1,49.4
14.032,103.954,308.9,1.1,1.1,2016-02-08, 15:35,T,63,5.0       ,288.5,18.6
14.254,105.182,305.3,1.4,1.2,2016-02-08, 15:35,T,27,5.0       ,289.8,15.5
14.343,104.366,306.2,1.2,1.1,2016-02-08, 15:35,T,43,5.0       ,291.7,13.8
14.362,103.744,309.2,1.1,1.1,2016-02-08, 15:35,T,65,5.0       ,291.6,15.8
14.106,99.849,314.3,1.1,1,2016-02-08, 15:35,T,85,5.0       ,286.4,24.3
14.254,98.327,344.2,1.3,1.1,2016-02-08, 15:35,T,100,5.0       ,293.1,88.8
14.252,98.315,326.2,1.3,1.1,2016-02-08, 15:35,T,100,5.0       ,290.6,46
14.255,98.333,309.2,1.3,1.1,2016-02-08, 15:35,T,65,5.0       ,290.7,19.1
14.253,98.322,339.9,1.3,1.1,2016-02-08, 15:35,T,100,5.0       ,292.7,77.7
14.263,98.32,330.3,1.3,1.1,2016-02-08, 15:35,T,100,5.0       ,291,55
14.385,98.843,307.7,1.2,1.1,2016-02-08, 15:35,T,56,5.0       ,289.3,17.7
14.421,98.797,305.2,1.2,1.1,2016-02-08, 15:35,T,23,5.0       ,289.1,15.5
14.646,99.149,317.7,1.1,1.1,2016-02-08, 15:35,T,94,5.0       ,287.1,28.5
14.665,99.117,308.5,1.1,1.1,2016-02-08, 15:35,T,44,5.0       ,288.8,15.8
14.711,99.098,306.1,1.1,1.1,2016-02-08, 15:35,T,21,5.0       ,287,14.5
14.822,98.939,305.5,1.2,1.1,2016-02-08, 15:35,T,22,5.0       ,287.8,14.8
14.82,98.929,306.8,1.2,1.1,2016-02-08, 15:35,T,43,5.0       ,287.4,16.6
15.158,101.129,319.5,1,1,2016-02-08, 15:35,T,98,5.0       ,286.8,27.9
15.157,101.12,306.3,1,1,2016-02-08, 15:35,T,43,5.0       ,285,14.2
26.97,111.613,308.6,1,1,2016-02-08, 18:20,A,62,5.0       ,275,22.1
25.11,113.139,305.5,1,1,2016-02-08, 18:20,A,33,5.0       ,276.3,18.2
25.109,113.149,319.6,1,1,2016-02-08, 18:20,A,99,5.0       ,277.1,32.8
25.065,113.074,329.2,1,1,2016-02-08, 18:20,A,100,5.0       ,278.1,44.5
25.064,113.084,327.1,1,1,2016-02-08, 18:20,A,100,5.0       ,279.3,41.6
24.413,113.942,314.1,1.1,1,2016-02-08, 18:20,A,84,5.0       ,278,27.8
23.554,109.114,315.9,1.2,1.1,2016-02-08, 18:20,A,89,5.0       ,281.6,34.9
23.553,109.126,311.4,1.2,1.1,2016-02-08, 18:20,A,75,5.0       ,281.8,28.6
13.316,106.425,312.7,1.3,1.1,2016-02-08, 18:20,A,80,5.0       ,285.6,26.2
13.319,106.419,307.1,1.3,1.1,2016-02-08, 18:20,A,52,5.0       ,285.9,18.8
13.227,106.564,314,1.3,1.1,2016-02-08, 18:20,A,84,5.0       ,287.5,28.5
13.217,106.562,313.4,1.3,1.1,2016-02-08, 18:20,A,82,5.0       ,287.2,27.7
12.69,106.618,324.3,1.3,1.1,2016-02-08, 18:20,A,100,5.0       ,283.7,44.7
12.688,106.629,306.2,1.3,1.1,2016-02-08, 18:20,A,42,5.0       ,282.5,17