latitude,longitude,brightness,scan,track,acq_date,acq_time,satellite,confidence,version,bright_t31,frp
-6.867,107.503,310.8,1.7,1.3,2017-01-21,03:35,T,19,5.0       ,284.7,15.2
18.551,104.403,323.6,1.3,1.1,2017-01-21,03:25,T,77,5.0       ,293.3,37.1
18.434,103.886,310.1,1.4,1.2,2017-01-21,03:25,T,25,5.0       ,296.5,11.4
18.266,104.15,315,1.4,1.2,2017-01-21,03:25,T,51,5.0       ,298.1,16
18.265,104.163,327.1,1.4,1.2,2017-01-21,03:25,T,80,5.0       ,297.8,38.6
18.269,104.158,328.3,1.4,1.2,2017-01-21,03:25,T,81,5.0       ,299.1,41
18.2,104.2,323.5,1.4,1.2,2017-01-21,03:25,T,76,5.0       ,298.5,27.1
18.19,104.199,317.2,1.4,1.2,2017-01-21,03:25,T,35,5.0       ,299,14.3
18.066,103.547,313.5,1.5,1.2,2017-01-21,03:25,T,58,5.0       ,296,13.2
18.074,103.541,315.6,1.5,1.2,2017-01-21,03:25,T,64,5.0       ,296.8,17.1
16.348,103.555,312.1,1.4,1.2,2017-01-21,03:30,T,52,5.0       ,297.9,11
16.181,101.677,314.1,1.9,1.3,2017-01-21,03:30,T,28,5.0       ,295.7,27.4
16.234,100.478,318.9,2.4,1.5,2017-01-21,03:30,T,55,5.0       ,299.1,36.8
15.26,106.628,322.5,1,1,2017-01-21,03:30,T,65,5.0       ,294.4,21.7
15.259,106.637,317,1,1,2017-01-21,03:30,T,29,5.0       ,294,14.7
15.251,106.626,324.7,1,1,2017-01-21,03:30,T,70,5.0       ,294.2,24.8
15.25,106.636,326.5,1,1,2017-01-21,03:30,T,73,5.0       ,294.8,27
15.945,100.943,310.7,2.2,1.4,2017-01-21,03:30,T,40,5.0       ,293.7,16.4
15.509,104.367,331.9,1.2,1.1,2017-01-21,03:30,T,84,5.0       ,300.9,37.6
15.005,106.419,315.8,1,1,2017-01-21,03:30,T,58,5.0       ,298.8,13.9
14.879,107.097,324,1,1,2017-01-21,03:30,T,38,5.0       ,294.4,20.7
14.877,107.106,339.9,1,1,2017-01-21,03:30,T,90,5.0       ,292.1,47.3
15.648,100.588,316.7,2.3,1.5,2017-01-21,03:30,T,57,5.0       ,293.9,26.6
15.643,100.63,319.5,2.3,1.5,2017-01-21,03:30,T,65,5.0       ,296.6,35.8
14.761,107.148,310.2,1,1,2017-01-21,03:30,T,31,5.0       ,284.4,10
14.69,106.683,330.6,1,1,2017-01-21,03:30,T,83,5.0       ,299.5,28
14.681,106.682,317.3,1,1,2017-01-21,03:30,T,58,5.0       ,299,9.6
15.091,102.175,320.5,1.7,1.3,2017-01-21,03:30,T,73,5.0       ,297.5,29.9
14.545,105.773,316,1,1,2017-01-21,03:30,T,48,5.0       ,300.3,7.5
14.052,107.757,313.7,1,1,2017-01-21,03:30,T,54,5.0       ,297,11.6
14.051,107.766,320.1,1,1,2017-01-21,03:30,T,72,5.0       ,295.5,19
14.022,107.098,311,1,1,2017-01-21,03:30,T,33,5.0       ,291,8.6
14.365,104.612,315.6,1.2,1.1,2017-01-21,03:30,T,64,5.0       ,298.6,13.3
14.355,104.61,316.5,1.2,1.1,2017-01-21,03:30,T,61,5.0       ,298,13.7
13.852,107.799,317.7,1,1,2017-01-21,03:30,T,68,5.0       ,299,12.4
14.095,105.705,319,1,1,2017-01-21,03:30,T,70,5.0       ,298.5,13.8
14.011,106.221,311.6,1,1,2017-01-21,03:30,T,50,5.0       ,298,7.3
14.01,106.23,311.6,1,1,2017-01-21,03:30,T,50,5.0       ,297,7.2
14.283,104.074,328.9,1.2,1.1,2017-01-21,03:30,T,82,5.0       ,301.8,29.4
14.273,104.073,319.3,1.2,1.1,2017-01-21,03:30,T,63,5.0       ,300.3,12.2
14.153,104.815,322.2,1.1,1.1,2017-01-21,03:30,T,75,5.0       ,298.4,16.9
14.152,104.825,332,1.1,1.1,2017-01-21,03:30,T,84,5.0       ,298.5,34.3
14.288,103.733,324.8,1.3,1.1,2017-01-21,03:30,T,78,5.0       ,300.2,23.1
14.289,103.727,324.2,1.3,1.1,2017-01-21,03:30,T,76,5.0       ,301.2,20.9
14.021,105.581,311.9,1.1,1,2017-01-21,03:30,T,51,5.0       ,295,8.5
14.019,105.59,318.8,1.1,1,2017-01-21,03:30,T,70,5.0       ,294.5,16.8
14.26,103.638,320,1.3,1.1,2017-01-21,03:30,T,63,5.0       ,299.6,15.6
14.004,105.5,312.1,1.1,1,2017-01-21,03:30,T,47,5.0       ,296.3,5.7
14.188,103.797,312.7,1.3,1.1,2017-01-21,03:30,T,42,5.0       ,296.8,9.1
14.189,103.791,316.1,1.3,1.1,2017-01-21,03:30,T,65,5.0       ,297.3,14.6
13.836,106.097,330.2,1,1,2017-01-21,03:30,T,83,5.0       ,300.1,25.2
13.552,107.829,315.3,1,1,2017-01-21,03:30,T,63,5.0       ,296.6,9.1
13.551,107.839,313.8,1,1,2017-01-21,03:30,T,59,5.0       ,296,7.6
14.152,103.311,318.9,1.4,1.2,2017-01-21,03:30,T,62,5.0       ,298.2,13
13.917,104.878,312.7,1.1,1.1,2017-01-21,03:30,T,55,5.0       ,296.7,8.7
13.97,104.427,318.6,1.2,1.1,2017-01-21,03:30,T,68,5.0       ,298.2,13.2
13.739,106.067,312.7,1,1,2017-01-21,03:30,T,55,5.0       ,297.1,7.9
13.738,106.076,312.4,1,1,2017-01-21,03:30,T,54,5.0       ,297.8,7.1
14.043,103.497,319.2,1.3,1.1,2017-01-21,03:30,T,61,5.0       ,298.1,11.5
13.778,105.464,339,1.1,1,2017-01-21,03:30,T,89,5.0       ,292.4,43.2
14.046,103.491,322,1.3,1.1,2017-01-21,03:30,T,75,5.0       ,299.1,16.5
13.77,105.466,317.6,1.1,1,2017-01-21,03:30,T,64,5.0       ,294.4,12.7
-5.461,122.607,312.1,1.7,1.3,2017-01-21,01:55,T,0,5.0       ,287.1,20.3
18.086,102.71,316.1,1.7,1.3,2017-01-21,03:25,T,41,5.0       ,298.2,19.1
18.077,102.703,316.1,1.7,1.3,2017-01-21,03:25,T,58,5.0       ,298,20.1
17.007,103.582,314,1.4,1.2,2017-01-21,03:25,T,29,5.0       ,298.3,12
17.005,103.595,318.5,1.4,1.2,2017-01-21,03:25,T,64,5.0       ,299,19.1
16.521,104.577,316.2,1.2,1.1,2017-01-21,03:30,T,65,5.0       ,298.7,12.2
13.769,105.476,325.9,1.1,1,2017-01-21,03:30,T,79,5.0       ,296.9,23.6
13.807,104.938,318,1.1,1,2017-01-21,03:30,T,65,5.0       ,300.4,9.9
13.375,107.723,316.6,1,1,2017-01-21,03:30,T,64,5.0       ,295,10.5
13.373,107.732,315.8,1,1,2017-01-21,03:30,T,61,5.0       ,295.7,9.6
13.343,107.813,325.8,1,1,2017-01-21,03:30,T,74,5.0       ,293.9,24.3
13.341,107.823,324.2,1,1,2017-01-21,03:30,T,77,5.0       ,293.5,22.6
13.548,106.3,313.4,1,1,2017-01-21,03:30,T,48,5.0       ,289.7,10
13.762,104.739,319,1.1,1.1,2017-01-21,03:30,T,56,5.0       ,299.3,11.2
13.807,104.348,315.1,1.2,1.1,2017-01-21,03:30,T,63,5.0       ,297.8,12.3
13.423,107.029,330.2,1,1,2017-01-21,03:30,T,83,5.0       ,297.2,28
13.422,107.038,315.2,1,1,2017-01-21,03:30,T,49,5.0       ,294.2,8.2
13.74,104.757,321.1,1.1,1.1,2017-01-21,03:30,T,71,5.0       ,298.9,14.9
13.513,106.352,320.2,1,1,2017-01-21,03:30,T,46,5.0       ,298.9,12.2
13.512,106.361,327.4,1,1,2017-01-21,03:30,T,81,5.0       ,298.2,22.1
13.906,103.466,323.6,1.3,1.1,2017-01-21,03:30,T,77,5.0       ,297.6,22.6
13.904,103.478,323.6,1.3,1.1,2017-01-21,03:30,T,77,5.0       ,297.9,22.1
13.494,106.358,324.2,1,1,2017-01-21,03:30,T,77,5.0       ,297.8,18.7
13.485,106.357,348.4,1,1,2017-01-21,03:30,T,94,5.0       ,297.1,60.6
13.484,106.366,326.6,1,1,2017-01-21,03:30,T,78,5.0       ,296.2,22.8
13.297,107.506,312,1,1,2017-01-21,03:30,T,35,5.0       ,293.6,5.2
13.269,107.691,310.4,1,1,2017-01-21,03:30,T,24,5.0       ,288.9,4.8
13.362,106.882,314.5,1,1,2017-01-21,03:30,T,52,5.0       ,296.3,7.5
14.099,101.339,328.8,1.9,1.3,2017-01-21,03:30,T,82,5.0       ,298.1,61.3
13.403,106.478,343.8,1,1,2017-01-21,03:30,T,92,5.0       ,292.3,54.5
13.402,106.488,321.7,1,1,2017-01-21,03:30,T,74,5.0       ,292,18.8
14.087,101.337,316.6,1.9,1.3,2017-01-21,03:30,T,60,5.0       ,298.4,21
13.815,103.459,333.2,1.3,1.1,2017-01-21,03:30,T,85,5.0       ,299.3,40.1
13.54,105.076,317.4,1.1,1,2017-01-21,03:30,T,68,5.0       ,290.4,13
13.838,102.836,322.3,1.5,1.2,2017-01-21,03:30,T,75,5.0       ,295.5,21.3
13.836,102.849,318.7,1.5,1.2,2017-01-21,03:30,T,70,5.0       ,295.6,13.8
13.694,103.903,314.5,1.2,1.1,2017-01-21,03:30,T,54,5.0       ,296.6,12.4
14.021,101.323,325.9,1.9,1.3,2017-01-21,03:30,T,79,5.0       ,299.3,51.8
13.756,103.371,318.3,1.3,1.1,2017-01-21,03:30,T,57,5.0       ,298.2,11
13.266,106.843,317,1,1,2017-01-21,03:30,T,67,5.0       ,295,11.9
13.746,103.369,339.7,1.3,1.1,2017-01-21,03:30,T,90,5.0       ,298.5,58.8
13.744,103.382,326.4,1.3,1.1,2017-01-21,03:30,T,79,5.0       ,297.5,26.5
13.648,103.943,319.4,1.2,1.1,2017-01-21,03:30,T,70,5.0       ,298.1,12.4
13.723,103.304,325.9,1.4,1.2,2017-01-21,03:30,T,59,5.0       ,298,23.3
13.585,104.337,358.7,1.2,1.1,2017-01-21,03:30,T,99,5.0       ,300,105.1
13.584,104.348,324.3,1.2,1.1,2017-01-21,03:30,T,77,5.0       ,297.6,21.4
13.233,106.82,328.7,1,1,2017-01-21,03:30,T,82,5.0       ,296.1,26.7
13.175,107.091,315.4,1,1,2017-01-21,03:30,T,49,5.0       ,296.4,8.9
13.173,107.1,316,1,1,2017-01-21,03:30,T,58,5.0       ,297.2,9.2
13.172,107.109,327.3,1,1,2017-01-21,03:30,T,80,5.0       ,297.4,23.3
13.645,103.436,338,1.3,1.1,2017-01-21,03:30,T,89,5.0       ,298.6,53.3
13.643,103.448,320.3,1.3,1.1,2017-01-21,03:30,T,68,5.0       ,297.7,15.1
13.119,107.029,327.6,1,1,2017-01-21,03:30,T,81,5.0       ,297.2,22
13.101,107.091,316.4,1,1,2017-01-21,03:30,T,59,5.0       ,296.4,11
13.216,106.185,311.6,1,1,2017-01-21,03:30,T,50,5.0       ,296.8,6.5
13.638,103.036,316,1.4,1.2,2017-01-21,03:30,T,62,5.0       ,295.9,13.2
13.404,104.736,313.7,1.1,1.1,2017-01-21,03:30,T,59,5.0       ,296.6,8.2
13.635,102.904,328.8,1.4,1.2,2017-01-21,03:30,T,82,5.0       ,297,34.5
13.624,102.902,323,1.4,1.2,2017-01-21,03:30,T,76,5.0       ,296.6,22.4
13.763,101.636,315.6,1.8,1.3,2017-01-21,03:30,T,57,5.0       ,296.7,16.4
13.608,102.86,329,1.4,1.2,2017-01-21,03:30,T,82,5.0       ,296.8,37
13.029,106.954,319.1,1,1,2017-01-21,03:30,T,68,5.0       ,295.5,14.6
13.028,106.963,315.4,1,1,2017-01-21,03:30,T,45,5.0       ,294.9,10.1
13.592,102.784,316.7,1.5,1.2,2017-01-21,03:30,T,43,5.0       ,295.5,11.9
13.228,105.133,324.7,1.1,1,2017-01-21,03:30,T,41,5.0       ,300,20.6
13.039,106.325,323.1,1,1,2017-01-21,03:30,T,76,5.0       ,300.4,12.5
13.202,105.119,326.7,1.1,1,2017-01-21,03:30,T,62,5.0       ,301.3,24
13.2,105.129,326.8,1.1,1,2017-01-21,03:30,T,58,5.0       ,299.9,23.9
13.036,106.277,319.1,1,1,2017-01-21,03:30,T,63,5.0       ,298.5,11.3
13.027,106.276,322.6,1,1,2017-01-21,03:30,T,75,5.0       ,299.3,15.7
13.468,102.855,321.9,1.4,1.2,2017-01-21,03:30,T,75,5.0       ,293.9,23.2
13.46,102.921,328.1,1.4,1.2,2017-01-21,03:30,T,81,5.0       ,296.5,38.9
13.458,102.934,327.9,1.4,1.2,2017-01-21,03:30,T,81,5.0       ,296.2,38.4
12.984,106.254,318.4,1,1,2017-01-21,03:30,T,46,5.0       ,298.4,10.7
12.976,106.244,322.3,1,1,2017-01-21,03:30,T,75,5.0       ,298.6,15.3
12.932,106.545,315.7,1,1,2017-01-21,03:30,T,55,5.0       ,299,7.1
12.926,106.591,318.3,1,1,2017-01-21,03:30,T,69,5.0       ,298.2,11.2
12.917,106.589,315.4,1,1,2017-01-21,03:30,T,57,5.0       ,296.9,8
12.937,106.201,318.2,1,1,2017-01-21,03:30,T,69,5.0       ,298.1,11.9
12.936,106.21,314.6,1,1,2017-01-21,03:30,T,62,5.0       ,297.7,7.8
13.094,104.98,314.2,1.1,1,2017-01-21,03:30,T,38,5.0       ,297.4,8.2
12.877,106.419,322.5,1,1,2017-01-21,03:30,T,66,5.0       ,299.8,13.4
12.852,106.592,312.7,1,1,2017-01-21,03:30,T,30,5.0       ,297.6,6.2
12.868,106.417,327.1,1,1,2017-01-21,03:30,T,61,5.0       ,299.2,18.5
12.87,106.343,327.5,1,1,2017-01-21,03:30,T,81,5.0       ,298.1,24.4
12.869,106.352,318.2,1,1,2017-01-21,03:30,T,69,5.0       ,298.5,12.8
12.858,106.425,328.8,1,1,2017-01-21,03:30,T,53,5.0       ,299.8,20.9
13.296,103.062,321.8,1.4,1.2,2017-01-21,03:30,T,67,5.0       ,297.3,17.6
12.848,106.303,316.2,1,1,2017-01-21,03:30,T,65,5.0       ,298,8.9
12.838,106.245,324.2,1,1,2017-01-21,03:30,T,77,5.0       ,299.4,17.4
12.787,106.465,327.1,1,1,2017-01-21,03:30,T,66,5.0       ,300.7,19.8
12.786,106.474,326.9,1,1,2017-01-21,03:30,T,61,5.0       ,299.3,20.5
12.769,106.592,314.6,1,1,2017-01-21,03:30,T,42,5.0       ,297.6,8.2
12.778,106.463,330.6,1,1,2017-01-21,03:30,T,83,5.0       ,298.7,25.3
12.777,106.472,320.2,1,1,2017-01-21,03:30,T,48,5.0       ,297.9,12.4
13.224,103.072,325.2,1.4,1.2,2017-01-21,03:30,T,78,5.0       ,296.8,22.6
13.223,103.084,323,1.4,1.2,2017-01-21,03:30,T,76,5.0       ,296.7,19.5
12.759,106.349,320.9,1,1,2017-01-21,03:30,T,37,5.0       ,299.9,10.7
12.728,106.493,326.9,1,1,2017-01-21,03:30,T,40,5.0       ,300.9,19.9
13.2,103.017,320.7,1.4,1.2,2017-01-21,03:30,T,49,5.0       ,296.4,16
12.741,106.346,324.8,1,1,2017-01-21,03:30,T,69,5.0       ,300.2,16
12.719,106.492,324.1,1,1,2017-01-21,03:30,T,32,5.0       ,297.7,16.4
12.71,106.555,340.8,1,1,2017-01-21,03:30,T,90,5.0       ,298.6,44.7
12.709,106.564,327.1,1,1,2017-01-21,03:30,T,80,5.0       ,297.2,22.5
12.689,106.636,317.6,1,1,2017-01-21,03:30,T,68,5.0       ,299,12
12.688,106.645,316.2,1,1,2017-01-21,03:30,T,65,5.0       ,298.6,10.9
13.192,103.022,326,1.4,1.2,2017-01-21,03:30,T,79,5.0       ,295.4,30.2
12.715,106.391,318.6,1,1,2017-01-21,03:30,T,70,5.0       ,298.5,11.2
12.659,106.523,323.6,1,1,2017-01-21,03:30,T,77,5.0       ,299.1,17.7
12.658,106.532,322.6,1,1,2017-01-21,03:30,T,75,5.0       ,298.7,16
13.181,102.704,318.7,1.5,1.2,2017-01-21,03:30,T,70,5.0       ,295.7,16.2
12.66,106.327,315,1,1,2017-01-21,03:30,T,53,5.0       ,298.5,7.3
12.655,106.364,315.7,1,1,2017-01-21,03:30,T,59,5.0       ,298.1,7.6
12.654,106.373,321.3,1,1,2017-01-21,03:30,T,74,5.0       ,298.9,13.7
12.627,106.555,316.6,1,1,2017-01-21,03:30,T,66,5.0       ,299.3,8
12.638,106.417,315.2,1,1,2017-01-21,03:30,T,63,5.0       ,298.9,7.7
12.538,106.657,327.3,1,1,2017-01-21,03:30,T,80,5.0       ,297.9,24
12.53,106.398,336.6,1,1,2017-01-21,03:30,T,88,5.0       ,299.5,36.1
12.528,106.407,324.8,1,1,2017-01-21,03:30,T,78,5.0       ,299.8,18.1
12.478,106.437,316.4,1,1,2017-01-21,03:30,T,66,5.0       ,297.1,10
12.175,107.666,313.1,1,1,2017-01-21,03:30,T,51,5.0       ,295.5,10.1
12.349,106.439,336.6,1,1,2017-01-21,03:30,T,88,5.0       ,299.5,36.4
12.348,106.449,321.1,1,1,2017-01-21,03:30,T,73,5.0       ,298.8,13.5
12.341,106.432,335.4,1,1,2017-01-21,03:30,T,87,5.0       ,297.4,35.1
12.339,106.441,338.1,1,1,2017-01-21,03:30,T,89,5.0       ,298,40.1
12.288,106.48,317.6,1,1,2017-01-21,03:30,T,67,5.0       ,297.6,9.2
12.316,106.224,315.2,1,1,2017-01-21,03:30,T,63,5.0       ,297.2,7.9
12.12,106.553,318.5,1,1,2017-01-21,03:30,T,70,5.0       ,298.9,10.8
11.977,105.703,316.4,1,1,2017-01-21,03:30,T,46,5.0       ,299.7,10.4
11.335,106.999,315.9,1,1,2017-01-21,03:30,T,65,5.0       ,296.2,13
10.665,106.669,317.3,1,1,2017-01-21,03:30,T,61,5.0       ,295.8,13.2
0.886,103.498,310.6,1,1,2017-01-21,03:30,T,38,5.0       ,291.8,6.2
0.409,102.986,311.3,1,1,2017-01-21,03:30,T,33,5.0       ,288.7,10.2
-1.102,103.486,316.5,1,1,2017-01-21,03:30,T,60,5.0       ,298.1,11.1
-1.257,103.596,313.2,1,1,2017-01-21,03:30,T,28,5.0       ,294.9,7.4
-1.327,103.641,315.3,1,1,2017-01-21,03:30,T,50,5.0       ,296.7,10.2
-1.36,103.612,313.5,1,1,2017-01-21,03:30,T,49,5.0       ,297.5,9
12.6,106.533,322,1.3,1.1,2017-01-21,06:30,A,66,5.0       ,295.2,17.1
12.619,106.601,321.4,1.3,1.1,2017-01-21,06:30,A,46,5.0       ,298.1,18
12.617,106.589,330.2,1.3,1.1,2017-01-21,06:30,A,83,5.0       ,297.6,34.5
12.685,106.639,320.2,1.3,1.1,2017-01-21,06:30,A,72,5.0       ,299.8,19.6
12.684,106.556,323.7,1.3,1.1,2017-01-21,06:30,A,76,5.0       ,296.5,20.8
12.663,106.397,324.9,1.2,1.1,2017-01-21,06:30,A,52,5.0       ,299.1,20.9
12.671,106.385,330.4,1.2,1.1,2017-01-21,06:30,A,76,5.0       ,299,30
12.671,106.379,325.7,1.2,1.1,2017-01-21,06:30,A,38,5.0       ,298.9,21.1
12.738,106.817,314.9,1.3,1.1,2017-01-21,06:30,A,62,5.0       ,296.6,14.3
12.715,106.641,315.4,1.3,1.1,2017-01-21,06:30,A,63,5.0       ,297.2,12.2
12.69,106.445,320.4,1.2,1.1,2017-01-21,06:30,A,68,5.0       ,296.7,18
12.238,103.03,317,1,1,2017-01-21,06:30,A,66,5.0       ,295.9,12.3
12.26,102.999,314.2,1,1,2017-01-21,06:30,A,53,5.0       ,296.9,7.8
12.744,106.323,326.1,1.2,1.1,2017-01-21,06:30,A,77,5.0       ,300.1,21.1
12.742,106.312,325.5,1.2,1.1,2017-01-21,06:30,A,72,5.0       ,298.4,20.8
12.769,106.434,323.2,1.2,1.1,2017-01-21,06:30,A,63,5.0       ,299.3,18.8
12.702,105.688,332.8,1.1,1.1,2017-01-21,06:30,A,85,5.0       ,299.5,34
12.718,105.664,321,1.1,1.1,2017-01-21,06:30,A,73,5.0       ,298.1,16.7
12.832,106.442,329.8,1.2,1.1,2017-01-21,06:30,A,83,5.0       ,300.9,30.4
12.831,106.43,327.3,1.2,1.1,2017-01-21,06:30,A,80,5.0       ,301.1,25.7
12.793,106.152,316.8,1.2,1.1,2017-01-21,06:30,A,63,5.0       ,298.5,9.5
12.792,106.141,319.4,1.2,1.1,2017-01-21,06:30,A,71,5.0       ,298.8,14
12.851,106.509,321.3,1.3,1.1,2017-01-21,06:30,A,74,5.0       ,298.8,17.3
12.867,106.554,315.7,1.3,1.1,2017-01-21,06:30,A,53,5.0       ,297.9,10.2
12.864,106.531,318,1.3,1.1,2017-01-21,06:30,A,36,5.0       ,297.8,12.2
12.857,106.473,318.5,1.3,1.1,2017-01-21,06:30,A,66,5.0       ,298.4,11
12.843,106.371,314.4,1.2,1.1,2017-01-21,06:30,A,50,5.0       ,296.5,9.4
12.841,106.36,319.1,1.2,1.1,2017-01-21,06:30,A,71,5.0       ,297.4,17.2
12.836,106.247,323.4,1.2,1.1,2017-01-21,06:30,A,55,5.0       ,298.6,16.6
12.925,106.927,313.1,1.3,1.1,2017-01-21,06:30,A,57,5.0       ,296.3,10.5
12.844,106.297,318.3,1.2,1.1,2017-01-21,06:30,A,51,5.0       ,296.8,12.3
12.873,106.442,324.6,1.2,1.1,2017-01-21,06:30,A,78,5.0       ,301.6,20
12.87,106.419,325.6,1.2,1.1,2017-01-21,06:30,A,76,5.0       ,301.9,20.6
12.732,105.377,323,1.1,1,2017-01-21,06:30,A,76,5.0       ,300.7,16.6
12.884,106.452,325.7,1.3,1.1,2017-01-21,06:30,A,69,5.0       ,300.2,23.2
12.882,106.441,330,1.2,1.1,2017-01-21,06:30,A,83,5.0       ,300.9,30.4
12.871,106.35,315.9,1.2,1.1,2017-01-21,06:30,A,49,5.0       ,296.8,9.8
12.926,106.695,315.2,1.3,1.1,2017-01-21,06:30,A,63,5.0       ,297.6,11
12.922,106.588,317.1,1.3,1.1,2017-01-21,06:30,A,46,5.0       ,297.8,12.1
12.834,105.448,321.3,1.1,1.1,2017-01-21,06:30,A,60,5.0       ,299.5,15.9
13.089,107.165,321.9,1.4,1.2,2017-01-21,06:30,A,75,5.0       ,297.2,23.3
13.17,107.709,322,1.5,1.2,2017-01-21,06:30,A,70,5.0       ,299.2,20.7
13.205,107.718,326.6,1.5,1.2,2017-01-21,06:30,A,80,5.0       ,300,30.2
13.199,107.677,320.5,1.5,1.2,2017-01-21,06:30,A,63,5.0       ,297.9,17.8
13.133,107.172,322.6,1.4,1.2,2017-01-21,06:30,A,75,5.0       ,297.8,25.6
13.206,107.712,325.7,1.5,1.2,2017-01-21,06:30,A,79,5.0       ,299.8,27.2
13.119,107.014,325.3,1.4,1.2,2017-01-21,06:30,A,33,5.0       ,295.9,22.1
12.9,105.33,318.9,1.1,1,2017-01-21,06:30,A,59,5.0       ,301.3,10.6
-2.922,129.292,313.4,1.1,1.1,2017-01-21,04:50,A,33,5.0       ,290.7,10.7
-2.912,129.291,315.2,1.1,1.1,2017-01-21,04:50,A,45,5.0       ,291.4,12.7
0.767,127.368,317,1.3,1.1,2017-01-21,04:50,A,0,5.0       ,298.7,20
0.615,122.54,312.9,3.1,1.7,2017-01-21,04:50,A,49,5.0       ,290.2,52
0.613,122.536,312.6,3.1,1.7,2017-01-21,04:50,A,45,5.0       ,290.2,45.4
1.438,125.121,311.9,1.9,1.3,2017-01-21,04:50,A,32,5.0       ,291.6,22.7
15.063,120.174,316.2,2.6,1.5,2017-01-21,04:55,A,65,5.0       ,295.5,45
15.406,120.99,312,2.2,1.4,2017-01-21,04:55,A,43,5.0       ,293,20.1
15.358,120.201,315.3,2.5,1.5,2017-01-21,04:55,A,60,5.0       ,293.6,59.2
16.037,121.137,312.5,2.1,1.4,2017-01-21,04:55,A,43,5.0       ,294.3,31.9
16.026,121,312.3,2.1,1.4,2017-01-21,04:55,A,24,5.0       ,295.6,22.7
26.713,95.252,401.3,3.5,1.8,2017-01-21,05:05,T,100,5.0       ,300.4,1648.8
26.707,95.28,414,3.5,1.8,2017-01-21,05:05,T,100,5.0       ,301,2183.5
26.719,95.247,359.7,3.5,1.8,2017-01-21,05:05,T,99,5.0       ,294.8,602.3
26.712,95.278,402,3.5,1.8,2017-01-21,05:05,T,100,5.0       ,299.8,1698
26.703,95.245,362,3.5,1.8,2017-01-21,05:05,T,100,5.0       ,293.9,641.5
26.697,95.274,384.5,3.5,1.8,2017-01-21,05:05,T,100,5.0       ,295,1146.7
13.145,106.973,318.3,1.4,1.2,2017-01-21,06:30,A,52,5.0       ,296.7,13.5
13.056,106.289,321,1.2,1.1,2017-01-21,06:30,A,64,5.0       ,299.1,14.1
12.845,104.72,319.8,1,1,2017-01-21,06:30,A,72,5.0       ,300.9,7.3
13.173,107.109,315.7,1.4,1.2,2017-01-21,06:30,A,50,5.0       ,296.7,9.7
13.171,107.096,321.7,1.4,1.2,2017-01-21,06:30,A,74,5.0       ,299.3,21.2
13.216,107.116,319,1.4,1.2,2017-01-21,06:30,A,24,5.0       ,297.3,14.8
13.332,107.717,325.7,1.5,1.2,2017-01-21,06:30,A,79,5.0       ,299.7,28.6
13.33,107.703,322,1.5,1.2,2017-01-21,06:30,A,75,5.0       ,299.4,19.5
13.354,107.8,317.5,1.6,1.2,2017-01-21,06:30,A,55,5.0       ,296.7,16.4
13.352,107.786,317,1.6,1.2,2017-01-21,06:30,A,32,5.0       ,297.9,13.4
13.317,107.509,336,1.5,1.2,2017-01-21,06:30,A,87,5.0       ,299.7,59.8
13.315,107.496,337,1.5,1.2,2017-01-21,06:30,A,88,5.0       ,299.8,62.5
13.34,107.603,325.6,1.5,1.2,2017-01-21,06:30,A,79,5.0       ,298.4,32.3
13.376,107.712,321.6,1.5,1.2,2017-01-21,06:30,A,68,5.0       ,299.6,22.3
13.39,107.549,316.6,1.5,1.2,2017-01-21,06:30,A,46,5.0       ,298.4,13.6
13.427,107.756,321.5,1.5,1.2,2017-01-21,06:30,A,74,5.0       ,298.1,27.4
13.298,106.74,319.2,1.3,1.1,2017-01-21,06:30,A,71,5.0       ,299.4,15.6
13.179,105.281,322.1,1.1,1,2017-01-21,06:30,A,72,5.0       ,297,17.9
13.422,107.069,329.2,1.4,1.2,2017-01-21,06:30,A,82,5.0       ,299.5,35.4
13.421,107.056,319.9,1.4,1.2,2017-01-21,06:30,A,45,5.0       ,300.1,14.3
13.388,106.795,319.6,1.3,1.1,2017-01-21,06:30,A,48,5.0       ,298.4,14.6
13.386,106.783,326.3,1.3,1.1,2017-01-21,06:30,A,79,5.0       ,300.9,27
13.398,106.479,320.9,1.3,1.1,2017-01-21,06:30,A,54,5.0       ,299.9,16.5
13.439,106.408,316.5,1.3,1.1,2017-01-21,06:30,A,44,5.0       ,298.2,8.8
13.482,106.355,335,1.3,1.1,2017-01-21,06:30,A,87,5.0       ,300.8,42.7
12.998,102.623,321,1,1,2017-01-21,06:30,A,70,5.0       ,300.3,8.8
12.997,102.613,322.9,1,1,2017-01-21,06:30,A,76,5.0       ,299.7,11.8
13.546,106.293,328.6,1.2,1.1,2017-01-21,06:30,A,77,5.0       ,298,29.6
13.075,102.893,321.1,1,1,2017-01-21,06:30,A,54,5.0       ,300.9,9.5
13.073,102.884,322.2,1,1,2017-01-21,06:30,A,73,5.0       ,300.8,9.8
13.441,105.293,320,1.1,1,2017-01-21,06:30,A,67,5.0       ,302.9,12.5
13.113,102.844,323.5,1,1,2017-01-21,06:30,A,54,5.0       ,301,8.6
13.112,102.835,330.1,1,1,2017-01-21,06:30,A,83,5.0       ,302,18.2
13.096,102.602,322,1,1,2017-01-21,06:30,A,75,5.0       ,299.5,10.3
13.642,106.403,317,1.3,1.1,2017-01-21,06:30,A,54,5.0       ,298.5,11.8
13.2,103.13,341,1,1,2017-01-21,06:30,A,90,5.0       ,303,41.5
13.199,103.121,340.5,1,1,2017-01-21,06:30,A,90,5.0       ,303.1,39
13.474,105.007,320.5,1.1,1,2017-01-21,06:30,A,63,5.0       ,302,8.7
13.209,103.129,348.6,1,1,2017-01-21,06:30,A,94,5.0       ,302.3,55.9
13.208,103.12,365.4,1,1,2017-01-21,06:30,A,100,5.0       ,302.1,97.4
16.437,103.163,324.2,1,1,2017-01-21,06:35,A,64,5.0       ,303.2,16.5
16.447,103.171,325.8,1,1,2017-01-21,06:35,A,53,5.0       ,303.4,17.7
16.159,100.83,319.8,1.1,1,2017-01-21,06:35,A,55,5.0       ,303.6,10.2
16.179,100.898,353,1.1,1,2017-01-21,06:35,A,97,5.0       ,291.9,79.3
16.177,100.888,360.3,1.1,1,2017-01-21,06:35,A,100,5.0       ,300.4,99.4
16.131,100.584,320.5,1.1,1.1,2017-01-21,06:35,A,30,5.0       ,302.4,10.1
16.127,100.563,325.8,1.1,1.1,2017-01-21,06:35,A,67,5.0       ,304.4,16.5
16.126,100.553,336.5,1.1,1.1,2017-01-21,06:35,A,88,5.0       ,304,35.5
16.784,105.11,327.1,1.2,1.1,2017-01-21,06:35,A,80,5.0       ,302.1,24.9
16.783,105.099,322,1.2,1.1,2017-01-21,06:35,A,75,5.0       ,301.2,16
16.188,100.897,326.9,1.1,1,2017-01-21,06:35,A,69,5.0       ,297.5,23.3
16.186,100.887,340.5,1.1,1,2017-01-21,06:35,A,90,5.0       ,301.3,46.7
16.379,102.122,317.4,1,1,2017-01-21,06:35,A,66,5.0       ,300.9,8.4
16.163,100.61,322.2,1.1,1.1,2017-01-21,06:35,A,63,5.0       ,302.5,13.3
16.162,100.6,319.6,1.1,1.1,2017-01-21,06:35,A,52,5.0       ,301,9.2
16.713,104.235,318.6,1.1,1,2017-01-21,06:35,A,39,5.0       ,301.4,11
16.745,104.404,314.7,1.1,1,2017-01-21,06:35,A,50,5.0       ,299.8,9
16.576,102.91,333.9,1,1,2017-01-21,06:35,A,86,5.0       ,304,30.1
16.575,102.901,326.6,1,1,2017-01-21,06:35,A,80,5.0       ,303.8,18.9
16.226,100.476,323.2,1.1,1.1,2017-01-21,06:35,A,76,5.0       ,304.9,13.2
16.225,100.466,321.7,1.1,1.1,2017-01-21,06:35,A,72,5.0       ,304.3,12.3
16.852,104.777,314.3,1.1,1.1,2017-01-21,06:35,A,37,5.0       ,296.9,9.7
16.273,100.621,323.4,1.1,1,2017-01-21,06:35,A,72,5.0       ,300.4,13.9
16.891,103.648,320.8,1,1,2017-01-21,06:35,A,71,5.0       ,304.2,9.5
16.969,104.027,325.7,1.1,1,2017-01-21,06:35,A,79,5.0       ,303.6,17.3
13.194,103.019,330.3,1,1,2017-01-21,06:30,A,83,5.0       ,302.5,19.8
13.527,105.327,314.4,1.1,1.1,2017-01-21,06:30,A,61,5.0       ,299.3,7
13.202,103.018,322.6,1,1,2017-01-21,06:30,A,53,5.0       ,300.8,8.7
13.483,104.936,316.9,1.1,1,2017-01-21,06:30,A,50,5.0       ,298.6,6.5
13.207,102.917,323.5,1,1,2017-01-21,06:30,A,60,5.0       ,302.3,10.3
13.206,102.908,324.9,1,1,2017-01-21,06:30,A,67,5.0       ,302,12.5
13.216,102.916,327.2,1,1,2017-01-21,06:30,A,69,5.0       ,301.9,14.6
13.455,104.471,318.8,1,1,2017-01-21,06:30,A,63,5.0       ,298.8,9.7
13.634,105.719,317.7,1.2,1.1,2017-01-21,06:30,A,63,5.0       ,299.7,10.7
13.52,104.874,321.8,1.1,1,2017-01-21,06:30,A,58,5.0       ,301.8,8.1
13.518,104.864,320.9,1.1,1,2017-01-21,06:30,A,57,5.0       ,302.2,8.1
13.239,102.884,324,1,1,2017-01-21,06:30,A,52,5.0       ,300.9,12.1
13.615,105.225,326.6,1.1,1,2017-01-21,06:30,A,79,5.0       ,305,15.2
13.614,105.215,323.9,1.1,1,2017-01-21,06:30,A,51,5.0       ,303.5,11.6
13.314,103.088,328.9,1,1,2017-01-21,06:30,A,69,5.0       ,303.4,15
13.313,103.079,327.1,1,1,2017-01-21,06:30,A,63,5.0       ,303.7,12.3
13.519,104.475,317,1,1,2017-01-21,06:30,A,57,5.0       ,299.1,8.6
13.499,104.199,321.8,1,1,2017-01-21,06:30,A,63,5.0       ,301.8,11.4
13.069,101.251,320.8,1.1,1.1,2017-01-21,06:30,A,73,5.0       ,299,13.6
13.326,102.912,326.7,1,1,2017-01-21,06:30,A,80,5.0       ,301.8,17.2
13.702,105.478,319,1.1,1.1,2017-01-21,06:30,A,56,5.0       ,299.8,13.6
13.553,104.383,319.5,1,1,2017-01-21,06:30,A,58,5.0       ,300.8,8.5
13.55,104.365,318.9,1,1,2017-01-21,06:30,A,49,5.0       ,301.3,8.8
13.746,105.73,326.9,1.2,1.1,2017-01-21,06:30,A,80,5.0       ,301.2,22.3
13.712,105.477,322.2,1.1,1.1,2017-01-21,06:30,A,71,5.0       ,299.9,18.3
13.71,105.466,316.8,1.1,1.1,2017-01-21,06:30,A,32,5.0       ,298.8,10.5
13.674,105.2,329.8,1.1,1,2017-01-21,06:30,A,83,5.0       ,289,26
13.673,105.19,319.5,1.1,1,2017-01-21,06:30,A,19,5.0       ,288.5,9.5
13.339,102.816,324.1,1,1,2017-01-21,06:30,A,50,5.0       ,299.5,13.1
13.375,102.998,323.7,1,1,2017-01-21,06:30,A,63,5.0       ,301.9,9.9
13.348,102.815,324.3,1,1,2017-01-21,06:30,A,76,5.0       ,299.9,12.9
13.728,105.453,326.8,1.1,1.1,2017-01-21,06:30,A,76,5.0       ,299.4,25.5
13.629,104.733,327.5,1.1,1,2017-01-21,06:30,A,76,5.0       ,304.7,15.7
13.825,106.098,332.2,1.2,1.1,2017-01-21,06:30,A,80,5.0       ,303.6,32.4
13.77,105.693,351.2,1.2,1.1,2017-01-21,06:30,A,96,5.0       ,300.2,79.8
13.769,105.683,351,1.2,1.1,2017-01-21,06:30,A,96,5.0       ,299.5,79.1
13.763,105.64,323.3,1.2,1.1,2017-01-21,06:30,A,76,5.0       ,300.2,18
13.762,105.63,322.2,1.2,1.1,2017-01-21,06:30,A,75,5.0       ,300,16.1
13.656,104.858,326.2,1.1,1,2017-01-21,06:30,A,71,5.0       ,304.1,17.4
13.596,104.425,325.7,1,1,2017-01-21,06:30,A,79,5.0       ,302.1,16.2
13.828,106.102,329.4,1.2,1.1,2017-01-21,06:30,A,69,5.0       ,303.3,27.8
13.827,106.091,324.1,1.2,1.1,2017-01-21,06:30,A,44,5.0       ,302.2,16.9
13.374,102.795,325.8,1,1,2017-01-21,06:30,A,37,5.0       ,300.4,13.4
13.838,106.101,323.2,1.2,1.1,2017-01-21,06:30,A,48,5.0       ,301.9,17.9
13.369,102.701,322.7,1,1,2017-01-21,06:30,A,53,5.0       ,300.9,11.5
13.393,102.801,334,1,1,2017-01-21,06:30,A,86,5.0       ,302.2,22.8
13.392,102.792,326.3,1,1,2017-01-21,06:30,A,37,5.0       ,302.5,11.2
13.773,105.461,322.5,1.1,1.1,2017-01-21,06:30,A,62,5.0       ,297.1,14
13.525,102.888,321.2,1,1,2017-01-21,06:30,A,74,5.0       ,300.3,10.9
13.513,102.805,325.6,1,1,2017-01-21,06:30,A,79,5.0       ,301.5,14.9
13.883,105.387,318.8,1.1,1.1,2017-01-21,06:30,A,70,5.0       ,299.1,14.1
13.793,104.727,317.5,1.1,1,2017-01-21,06:30,A,60,5.0       ,289.7,8.9
13.732,104.287,319.6,1,1,2017-01-21,06:30,A,68,5.0       ,302.4,9.3
13.731,104.277,335.5,1,1,2017-01-21,06:30,A,87,5.0       ,302.4,33.3
13.465,102.416,328.2,1,1,2017-01-21,06:30,A,81,5.0       ,301.9,19.4
14.005,106.222,346.7,1.3,1.1,2017-01-21,06:30,A,93,5.0       ,299,77.7
13.742,104.285,326.8,1,1,2017-01-21,06:30,A,80,5.0       ,303.9,18.1
13.74,104.276,326.9,1,1,2017-01-21,06:30,A,80,5.0       ,302.2,18.4
13.769,104.284,321.6,1,1,2017-01-21,06:30,A,74,5.0       ,301.1,13.2
13.768,104.275,321,1,1,2017-01-21,06:30,A,31,5.0       ,300,11
13.572,102.893,321.5,1,1,2017-01-21,06:30,A,69,5.0       ,299.6,12
13.56,102.81,328.5,1,1,2017-01-21,06:30,A,81,5.0       ,300.9,17.2
13.559,102.801,325.7,1,1,2017-01-21,06:30,A,79,5.0       ,301.6,14.5
13.778,104.283,326.7,1,1,2017-01-21,06:30,A,80,5.0       ,301.4,19.2
13.572,102.827,322.2,1,1,2017-01-21,06:30,A,63,5.0       ,300.8,9.6
13.783,104.253,324.7,1,1,2017-01-21,06:30,A,75,5.0       ,302.3,16
13.782,104.244,323.7,1,1,2017-01-21,06:30,A,77,5.0       ,301.2,15.5
13.653,103.329,321.9,1,1,2017-01-21,06:30,A,54,5.0       ,302.4,9.5
13.539,102.54,317.7,1,1,2017-01-21,06:30,A,68,5.0       ,298.4,8.5
13.806,104.347,317.3,1,1,2017-01-21,06:30,A,64,5.0       ,301,8.7
13.593,102.786,317.4,1,1,2017-01-21,06:30,A,53,5.0       ,297.3,5
13.62,102.904,328.1,1,1,2017-01-21,06:30,A,80,5.0       ,300.8,18.7
13.618,102.895,323.6,1,1,2017-01-21,06:30,A,66,5.0       ,301.2,13.1
13.903,104.854,316.5,1.1,1,2017-01-21,06:30,A,66,5.0       ,299.9,9
13.63,102.912,328,1,1,2017-01-21,06:30,A,68,5.0       ,301.3,16
13.629,102.903,327.8,1,1,2017-01-21,06:30,A,72,5.0       ,301.4,16.6
13.627,102.894,326,1,1,2017-01-21,06:30,A,72,5.0       ,300.6,14.9
13.915,104.872,315.3,1.1,1,2017-01-21,06:30,A,60,5.0       ,299.1,7.5
13.834,104.284,322.6,1,1,2017-01-21,06:30,A,75,5.0       ,302.5,14.3
13.833,104.275,340.1,1,1,2017-01-21,06:30,A,90,5.0       ,300.5,42.5
14.011,105.5,319.7,1.1,1.1,2017-01-21,06:30,A,59,5.0       ,299.4,12.3
14.009,105.49,331.6,1.1,1.1,2017-01-21,06:30,A,84,5.0       ,300.2,32
14.008,105.479,321.8,1.1,1.1,2017-01-21,06:30,A,70,5.0       ,299.9,14.4
14.041,105.555,317.3,1.2,1.1,2017-01-21,06:30,A,67,5.0       ,299.2,11
13.974,104.979,316.3,1.1,1,2017-01-21,06:30,A,65,5.0       ,300.5,9.7
14.067,105.605,318.9,1.2,1.1,2017-01-21,06:30,A,70,5.0       ,298.4,15.4
14.091,105.711,317.1,1.2,1.1,2017-01-21,06:30,A,38,5.0       ,299.4,9
14.102,105.721,319.1,1.2,1.1,2017-01-21,06:30,A,43,5.0       ,300.4,10.8
13.926,104.42,320.2,1,1,2017-01-21,06:30,A,72,5.0       ,303.1,9.1
13.831,103.746,322.4,1,1,2017-01-21,06:30,A,71,5.0       ,297.1,13.7
13.591,101.959,320.6,1,1,2017-01-21,06:30,A,73,5.0       ,301.3,8.7
13.845,103.447,337.6,1,1,2017-01-21,06:30,A,88,5.0       ,302.4,31.3
13.991,104.423,325.8,1,1,2017-01-21,06:30,A,76,5.0       ,301.4,15.8
14.069,104.928,327,1.1,1,2017-01-21,06:30,A,76,5.0       ,305.3,21.2
13.996,104.393,348.9,1,1,2017-01-21,06:30,A,95,5.0       ,303.3,57.6
13.995,104.384,323.4,1,1,2017-01-21,06:30,A,76,5.0       ,300.9,11.7
13.797,102.986,329.5,1,1,2017-01-21,06:30,A,82,5.0       ,302.8,19.8
13.997,104.133,318.5,1,1,2017-01-21,06:30,A,54,5.0       ,302,9.1
13.844,103.054,324.4,1,1,2017-01-21,06:30,A,67,5.0       ,300.9,14.6
14.12,104.951,316.8,1.1,1,2017-01-21,06:30,A,67,5.0       ,300.2,9.3
13.942,103.676,318.8,1,1,2017-01-21,06:30,A,60,5.0       ,299.9,9.8
13.573,100.996,324.7,1.1,1.1,2017-01-21,06:30,A,78,5.0       ,299,21.7
14.146,104.82,323.1,1.1,1,2017-01-21,06:30,A,60,5.0       ,296.9,14.7
14.291,103.997,330.6,1,1,2017-01-21,06:30,A,83,5.0       ,302.6,20.8
14.175,103.175,320,1,1,2017-01-21,06:30,A,48,5.0       ,300.8,8.4
14.297,103.977,328.3,1,1,2017-01-21,06:30,A,78,5.0       ,302.4,19.5
14.351,104.297,316.9,1,1,2017-01-21,06:30,A,54,5.0       ,300.2,9.3
14.258,103.632,326.7,1,1,2017-01-21,06:30,A,61,5.0       ,304.4,14.5
14.257,103.623,328.6,1,1,2017-01-21,06:30,A,78,5.0       ,301.4,18.4
14.179,103.081,327.3,1,1,2017-01-21,06:30,A,80,5.0       ,301,18
14.292,103.807,330.4,1,1,2017-01-21,06:30,A,83,5.0       ,301.4,23.5
14.266,103.622,325.4,1,1,2017-01-21,06:30,A,67,5.0       ,301.8,13.7
14.293,103.684,331.8,1,1,2017-01-21,06:30,A,75,5.0       ,305.4,20.2
14.259,103.444,319.4,1,1,2017-01-21,06:30,A,32,5.0       ,301.1,7.2
14.229,103.233,326.9,1,1,2017-01-21,06:30,A,80,5.0       ,303.7,17.6
14.249,103.314,322.2,1,1,2017-01-21,06:30,A,70,5.0       ,302.2,11.6
14.209,103.03,340.7,1,1,2017-01-21,06:30,A,90,5.0       ,303,41.7
14.313,103.633,325.8,1,1,2017-01-21,06:30,A,45,5.0       ,304.1,13.9
14.339,103.69,322.3,1,1,2017-01-21,06:30,A,55,5.0       ,304.5,10.5
14.059,101.76,323,1.1,1,2017-01-21,06:30,A,76,5.0       ,301,14.4
14.319,103.485,322.2,1,1,2017-01-21,06:30,A,73,5.0       ,304.1,9.2
14.275,103.173,320.5,1,1,2017-01-21,06:30,A,71,5.0       ,300.9,11.3
14.227,102.777,312.3,1,1,2017-01-21,06:30,A,47,5.0       ,297,6.7
14.36,103.517,324.3,1,1,2017-01-21,06:30,A,72,5.0       ,303.8,13.6
14.359,103.507,325.5,1,1,2017-01-21,06:30,A,73,5.0       ,305,14.7
14.875,107.099,327.1,1.5,1.2,2017-01-21,06:30,A,77,5.0       ,298.6,37.4
14.06,101.268,322.8,1.1,1,2017-01-21,06:30,A,53,5.0       ,301.1,10.6
14.059,101.258,321.8,1.1,1,2017-01-21,06:30,A,59,5.0       ,300.2,10.1
14.066,101.261,325.6,1.1,1,2017-01-21,06:30,A,55,5.0       ,302.7,17.8
14.086,101.329,332.2,1.1,1,2017-01-21,06:30,A,84,5.0       ,303.9,28.1
14.084,101.319,327.3,1.1,1,2017-01-21,06:30,A,80,5.0       ,303.2,19.9
14.116,101.466,322.2,1.1,1,2017-01-21,06:30,A,75,5.0       ,300.6,13.4
14.138,101.482,321.9,1.1,1,2017-01-21,06:30,A,75,5.0       ,301.5,13.2
14.079,101.03,332,1.1,1.1,2017-01-21,06:30,A,84,5.0       ,300.2,34.4
14.077,101.02,315.9,1.1,1.1,2017-01-21,06:30,A,65,5.0       ,298.4,9.5
14.081,100.639,321.2,1.2,1.1,2017-01-21,06:30,A,70,5.0       ,298.4,13.3
14.192,100.985,318.7,1.1,1.1,2017-01-21,06:30,A,70,5.0       ,298.2,12.8
14.185,100.934,337.8,1.1,1.1,2017-01-21,06:30,A,88,5.0       ,300.3,44.1
14.183,100.923,319.1,1.1,1.1,2017-01-21,06:30,A,48,5.0       ,297.7,12.9
14.227,100.984,326.2,1.1,1.1,2017-01-21,06:30,A,79,5.0       ,296.2,25.1
14.691,102.731,324.5,1,1,2017-01-21,06:30,A,78,5.0       ,302.8,14.2
15.251,106.626,314.6,1.4,1.2,2017-01-21,06:30,A,53,5.0       ,298.3,19.9
15.261,106.624,325.9,1.4,1.2,2017-01-21,06:30,A,75,5.0       ,296.1,40.9
15.26,106.612,327.7,1.4,1.2,2017-01-21,06:30,A,76,5.0       ,292.8,45.8
15.183,105.638,324.3,1.2,1.1,2017-01-21,06:30,A,77,5.0       ,304.3,12.3
15.181,105.627,328.5,1.2,1.1,2017-01-21,06:30,A,81,5.0       ,304.2,19
14.834,102.9,323.5,1,1,2017-01-21,06:30,A,65,5.0       ,300.9,13.5
14.833,102.891,342.6,1,1,2017-01-21,06:30,A,91,5.0       ,303.2,43.6
14.654,101.242,331.6,1.1,1,2017-01-21,06:30,A,84,5.0       ,300.8,27.5
14.653,101.232,322.2,1.1,1,2017-01-21,06:30,A,75,5.0       ,300.6,12.6
14.31,98.981,316.5,1.5,1.2,2017-01-21,06:30,A,64,5.0       ,298.5,25.4
13.628,104.395,323.2,1,1,2017-01-21,06:30,A,76,5.0       ,301.1,15
13.401,102.791,327.3,1,1,2017-01-21,06:30,A,78,5.0       ,304,12.9
13.873,106.142,328.4,1.2,1.1,2017-01-21,06:30,A,81,5.0       ,298.8,32.5
13.795,105.554,323.9,1.1,1.1,2017-01-21,06:30,A,74,5.0       ,299.1,18.2
13.794,105.543,320.5,1.1,1.1,2017-01-21,06:30,A,53,5.0       ,300.2,13
13.788,105.281,325.8,1.1,1.1,2017-01-21,06:30,A,79,5.0       ,299.2,21.6
13.638,104.201,317.8,1,1,2017-01-21,06:30,A,68,5.0       ,301.3,8.4
13.416,102.647,326.5,1,1,2017-01-21,06:30,A,80,5.0       ,300.3,14.8
13.819,105.444,319.4,1.1,1.1,2017-01-21,06:30,A,43,5.0       ,294.9,8.5
13.818,105.434,325.2,1.1,1.1,2017-01-21,06:30,A,41,5.0       ,300,16.7
13.459,102.875,320.8,1,1,2017-01-21,06:30,A,40,5.0       ,299.6,8.8
13.457,102.866,337.8,1,1,2017-01-21,06:30,A,88,5.0       ,301.2,33.9
13.455,102.848,331.6,1,1,2017-01-21,06:30,A,80,5.0       ,300.7,21.4
13.452,102.83,324.6,1,1,2017-01-21,06:30,A,62,5.0       ,300.2,11.5
13.823,105.401,321.1,1.1,1.1,2017-01-21,06:30,A,28,5.0       ,299.1,13.7
13.466,102.865,320.5,1,1,2017-01-21,06:30,A,36,5.0       ,300.1,7
13.465,102.856,344.2,1,1,2017-01-21,06:30,A,92,5.0       ,301.6,43.2
13.464,102.847,328.3,1,1,2017-01-21,06:30,A,39,5.0       ,300.6,15.4
13.828,105.405,319.8,1.1,1.1,2017-01-21,06:30,A,43,5.0       ,300.8,14.4
13.827,105.395,320.5,1.1,1.1,2017-01-21,06:30,A,57,5.0       ,298.9,15.8
13.239,101.285,318.1,1.1,1.1,2017-01-21,06:30,A,69,5.0       ,300.5,9.4
13.237,101.274,317.6,1.1,1.1,2017-01-21,06:30,A,68,5.0       ,299.7,8.7
13.844,105.456,319.7,1.1,1.1,2017-01-21,06:30,A,61,5.0       ,300,12.7
13.843,105.446,347.9,1.1,1.1,2017-01-21,06:30,A,94,5.0       ,301.2,68
13.446,102.599,334.2,1,1,2017-01-21,06:30,A,86,5.0       ,299.8,28.6
13.444,102.589,329.1,1,1,2017-01-21,06:30,A,82,5.0       ,299.3,20.7
13.717,104.444,317.5,1,1,2017-01-21,06:30,A,28,5.0       ,300,6.6
13.712,104.406,331.7,1,1,2017-01-21,06:30,A,67,5.0       ,301.7,22.7
13.27,101.362,323.2,1.1,1,2017-01-21,06:30,A,59,5.0       ,301.2,15.8
13.721,104.404,324.8,1,1,2017-01-21,06:30,A,38,5.0       ,301.5,13.9
13.479,102.697,322.7,1,1,2017-01-21,06:30,A,68,5.0       ,302.4,7.8
13.792,104.856,319,1.1,1,2017-01-21,06:30,A,56,5.0       ,301.9,10.2
13.669,103.962,340.2,1,1,2017-01-21,06:30,A,89,5.0       ,301.6,40.4
13.471,102.585,324.6,1,1,2017-01-21,06:30,A,78,5.0       ,300.5,15.1
13.47,102.576,337.8,1,1,2017-01-21,06:30,A,88,5.0       ,301.3,35.1
13.462,102.521,321,1,1,2017-01-21,06:30,A,66,5.0       ,298.7,8.6
13.461,102.511,319.8,1,1,2017-01-21,06:30,A,68,5.0       ,300,7.5
13.716,104.232,324.1,1,1,2017-01-21,06:30,A,77,5.0       ,300.1,16.4
13.714,104.222,328.4,1,1,2017-01-21,06:30,A,81,5.0       ,299.9,22.8
-6.1,106.979,318.8,1,1,2017-01-21,06:25,A,50,5.0       ,298.5,9
-3.06,104.036,322.9,1.2,1.1,2017-01-21,06:25,A,76,5.0       ,292.4,25.2
-2.754,105.274,316.3,1.1,1,2017-01-21,06:25,A,39,5.0       ,297.1,10.6
-2.906,103.969,317.2,1.2,1.1,2017-01-21,06:25,A,67,5.0       ,292.5,17.3
-2.757,103.355,327.3,1.3,1.1,2017-01-21,06:30,A,80,5.0       ,291.6,36.9
-2.691,103.682,314.5,1.3,1.1,2017-01-21,06:30,A,61,5.0       ,295.1,12.8
-2.134,104.36,316.2,1.1,1.1,2017-01-21,06:30,A,18,5.0       ,294.2,17.1
-2.397,101.275,310.8,1.9,1.3,2017-01-21,06:30,A,43,5.0       ,295.4,15.9
-2.317,101.189,312.9,1.9,1.3,2017-01-21,06:30,A,47,5.0       ,294.9,18.1
-2.296,100.905,323,2,1.4,2017-01-21,06:30,A,46,5.0       ,298.2,37.3
-1.947,102.081,314.3,1.6,1.2,2017-01-21,06:30,A,61,5.0       ,295.2,18.4
-1.82,102.568,311.2,1.5,1.2,2017-01-21,06:30,A,27,5.0       ,293.4,13.2
-1.515,103.482,314.9,1.3,1.1,2017-01-21,06:30,A,62,5.0       ,296,12.3
-1.634,100.79,310,2,1.4,2017-01-21,06:30,A,21,5.0       ,292.9,16.9
-1.586,100.742,318.5,2,1.4,2017-01-21,06:30,A,70,5.0       ,293.1,41.1
-1.589,100.723,312.9,2,1.4,2017-01-21,06:30,A,56,5.0       ,293.4,23.4
-1.415,101.637,312.4,1.7,1.3,2017-01-21,06:30,A,45,5.0       ,289.6,18
-1.52,100.746,312.6,2,1.4,2017-01-21,06:30,A,45,5.0       ,291.1,24.2
-1.522,100.728,311.8,2,1.4,2017-01-21,06:30,A,42,5.0       ,293.1,19.6
-1.126,101.408,320.3,1.7,1.3,2017-01-21,06:30,A,72,5.0       ,292.7,36.6
-1.128,101.392,313.4,1.7,1.3,2017-01-21,06:30,A,58,5.0       ,293.2,19.4
-1.061,101.614,310.8,1.7,1.3,2017-01-21,06:30,A,31,5.0       ,290.5,10.6
-0.937,101.446,310.3,1.7,1.3,2017-01-21,06:30,A,32,5.0       ,288.7,14.8
-0.831,101.712,310.4,1.6,1.3,2017-01-21,06:30,A,32,5.0       ,287.5,14.2
-0.55,100.647,313.3,1.9,1.4,2017-01-21,06:30,A,57,5.0       ,295.3,20.7
1.181,100.947,314.1,1.7,1.3,2017-01-21,06:30,A,58,5.0       ,296.4,24.5
11.764,106.922,318.1,1.3,1.1,2017-01-21,06:30,A,64,5.0       ,297,16.5
11.763,106.911,322.6,1.3,1.1,2017-01-21,06:30,A,75,5.0       ,295.6,24.6
12.267,106.558,322,1.2,1.1,2017-01-21,06:30,A,75,5.0       ,298.4,19.1
12.281,106.51,319.5,1.2,1.1,2017-01-21,06:30,A,25,5.0       ,297.3,12.2
12.29,106.508,320.1,1.2,1.1,2017-01-21,06:30,A,41,5.0       ,298.5,12.6
12.289,106.497,340.5,1.2,1.1,2017-01-21,06:30,A,90,5.0       ,299.6,54.3
12.218,105.725,315.2,1.1,1.1,2017-01-21,06:30,A,54,5.0       ,297.6,7.4
12.342,106.438,323.4,1.2,1.1,2017-01-21,06:30,A,76,5.0       ,297.5,21.1
12.466,107.225,312.1,1.4,1.2,2017-01-21,06:30,A,51,5.0       ,291.8,13.9
12.43,106.408,338.2,1.2,1.1,2017-01-21,06:30,A,89,5.0       ,298.3,50
12.473,106.425,341,1.2,1.1,2017-01-21,06:30,A,90,5.0       ,300.4,56.7
12.471,106.413,321.1,1.2,1.1,2017-01-21,06:30,A,58,5.0       ,298.7,14.1
12.483,106.423,320.8,1.2,1.1,2017-01-21,06:30,A,44,5.0       ,298.3,14.3
12.525,106.434,326.7,1.2,1.1,2017-01-21,06:30,A,80,5.0       ,298.7,25.5
12.52,106.401,320.7,1.2,1.1,2017-01-21,06:30,A,67,5.0       ,300,14.3
12.519,106.39,321,1.2,1.1,2017-01-21,06:30,A,71,5.0       ,300,14.8
12.551,106.477,323.1,1.2,1.1,2017-01-21,06:30,A,64,5.0       ,297.9,20.1
12.301,104.644,319.2,1,1,2017-01-21,06:30,A,65,5.0       ,297.8,11.9
12.473,105.824,321.1,1.1,1.1,2017-01-21,06:30,A,73,5.0       ,296.6,13.9
12.6,106.54,320.1,1.3,1.1,2017-01-21,06:30,A,46,5.0       ,296.4,14.5
14.854,102.334,320,1,1,2017-01-21,06:30,A,62,5.0       ,301.9,8
14.461,99.727,311.1,1.3,1.1,2017-01-21,06:30,A,37,5.0       ,282.5,9.2
14.56,100.307,316,1.2,1.1,2017-01-21,06:30,A,47,5.0       ,298.8,9.7
14.969,102.361,320.3,1,1,2017-01-21,06:30,A,49,5.0       ,300.9,10.9
15.007,102.374,346.9,1,1,2017-01-21,06:30,A,94,5.0       ,301.8,51.8
14.748,99.606,315.6,1.3,1.1,2017-01-21,06:30,A,45,5.0       ,300.3,12
15.509,104.358,319,1.1,1,2017-01-21,06:30,A,55,5.0       ,301.2,7.2
15.271,102.604,322,1,1,2017-01-21,06:30,A,75,5.0       ,304,10.5
15.526,104.3,323.7,1.1,1,2017-01-21,06:30,A,77,5.0       ,302.7,16.5
14.988,100.602,330.3,1.1,1.1,2017-01-21,06:30,A,83,5.0       ,300.6,27.4
14.857,99.775,320.6,1.3,1.1,2017-01-21,06:30,A,73,5.0       ,302.3,14
15.078,100.998,330.8,1.1,1,2017-01-21,06:30,A,83,5.0       ,303.7,24.6
15.076,100.988,354.7,1.1,1,2017-01-21,06:30,A,97,5.0       ,304.9,77.5
14.993,100.383,334.5,1.2,1.1,2017-01-21,06:30,A,86,5.0       ,305,34.1
15.16,100.864,329.5,1.1,1.1,2017-01-21,06:30,A,52,5.0       ,309.2,15.6
15.158,100.854,326.5,1.1,1.1,2017-01-21,06:30,A,53,5.0       ,305.5,12
15.172,100.883,328.1,1.1,1,2017-01-21,06:30,A,73,5.0       ,309.4,15.2
15.169,100.862,326.4,1.1,1.1,2017-01-21,06:30,A,59,5.0       ,307.2,11.4
15.168,100.852,324.7,1.1,1.1,2017-01-21,06:30,A,60,5.0       ,305.3,9.8
15.226,100.764,323.9,1.1,1.1,2017-01-21,06:30,A,77,5.0       ,303.6,14.4
15.069,99.691,338.7,1.3,1.1,2017-01-21,06:30,A,89,5.0       ,299.2,55.4
15.067,99.679,326.5,1.3,1.1,2017-01-21,06:30,A,80,5.0       ,299.6,28.6
15.309,101.184,334.3,1.1,1,2017-01-21,06:30,A,86,5.0       ,305.7,30.7
15.308,101.174,328.3,1.1,1,2017-01-21,06:30,A,81,5.0       ,303.9,20.3
15.319,101.182,341.9,1.1,1,2017-01-21,06:30,A,91,5.0       ,305,45.5
15.317,101.172,338.5,1.1,1,2017-01-21,06:30,A,89,5.0       ,304,38.5
15.455,101.661,320.6,1,1,2017-01-21,06:30,A,73,5.0       ,303.9,9.3
15.347,100.884,327,1.1,1,2017-01-21,06:30,A,80,5.0       ,308.6,15.5
15.545,101.157,321.8,1.1,1,2017-01-21,06:35,A,45,5.0       ,302.9,8.4
16.182,105.485,320,1.2,1.1,2017-01-21,06:35,A,72,5.0       ,299.8,16.7
15.762,102.124,328.2,1,1,2017-01-21,06:35,A,81,5.0       ,302.6,20.8
15.761,102.114,334.5,1,1,2017-01-21,06:35,A,86,5.0       ,303.9,30.4
15.771,102.122,322.1,1,1,2017-01-21,06:35,A,75,5.0       ,301.3,13.1
15.77,102.113,328.7,1,1,2017-01-21,06:35,A,82,5.0       ,302.5,21.9
15.691,100.655,334.6,1.1,1.1,2017-01-21,06:35,A,86,5.0       ,309.2,25.5
15.689,100.645,333.6,1.1,1.1,2017-01-21,06:35,A,86,5.0       ,307.5,23.2
15.949,101.89,316.2,1,1,2017-01-21,06:35,A,39,5.0       ,302.6,7.4
15.91,101.626,327.1,1,1,2017-01-21,06:35,A,80,5.0       ,302.5,20.4
15.919,101.624,319.4,1,1,2017-01-21,06:35,A,46,5.0       ,300.3,11.3
15.831,100.492,325.3,1.1,1.1,2017-01-21,06:35,A,63,5.0       ,295.6,25.6
16.258,103.136,322.8,1,1,2017-01-21,06:35,A,65,5.0       ,305,12.6
15.887,100.456,322.4,1.1,1.1,2017-01-21,06:35,A,57,5.0       ,301.4,18.4
16.614,105.439,327.6,1.2,1.1,2017-01-21,06:35,A,81,5.0       ,298.5,29.3
16.613,105.428,337.2,1.2,1.1,2017-01-21,06:35,A,88,5.0       ,299.9,49.5
15.954,100.636,326.9,1.1,1.1,2017-01-21,06:35,A,80,5.0       ,302.6,19.1
16.175,101.671,324.9,1,1,2017-01-21,06:35,A,71,5.0       ,304.1,18.3
16.691,105.24,316.7,1.2,1.1,2017-01-21,06:35,A,66,5.0       ,300.2,9.7
16.045,100.688,328.5,1.1,1,2017-01-21,06:35,A,66,5.0       ,306.6,19.1
16.039,100.647,338.5,1.1,1.1,2017-01-21,06:35,A,89,5.0       ,306.1,40.7
16.19,101.522,324.6,1,1,2017-01-21,06:35,A,75,5.0       ,300,17.3
16.978,104.026,323.8,1.1,1,2017-01-21,06:35,A,77,5.0       ,303.8,14.8
16.875,103.276,323.4,1,1,2017-01-21,06:35,A,57,5.0       ,300.3,12.2
16.069,97.688,332.8,1.7,1.3,2017-01-21,06:35,A,85,5.0       ,297.2,56.9
16.066,97.673,332.4,1.7,1.3,2017-01-21,06:35,A,85,5.0       ,298.9,54.9
16.067,97.682,335.6,1.7,1.3,2017-01-21,06:35,A,87,5.0       ,298.5,66.8
17.052,103.958,317.2,1.1,1,2017-01-21,06:35,A,62,5.0       ,301.3,9.7
17.09,103.962,318.6,1.1,1,2017-01-21,06:35,A,58,5.0       ,302.4,10.5
16.652,100.913,313.7,1.1,1,2017-01-21,06:35,A,59,5.0       ,296.6,14.2
17.1,103.961,316.8,1.1,1,2017-01-21,06:35,A,20,5.0       ,301.6,7.5
17.184,104.403,320.6,1.1,1,2017-01-21,06:35,A,34,5.0       ,303.4,9
17.193,104.401,339.3,1.1,1,2017-01-21,06:35,A,89,5.0       ,303.4,40.3
17.192,104.391,328.2,1.1,1,2017-01-21,06:35,A,81,5.0       ,304.9,19.6
17.191,104.381,325.7,1.1,1,2017-01-21,06:35,A,75,5.0       ,304,15.3
17.166,103.915,319,1.1,1,2017-01-21,06:35,A,70,5.0       ,301.5,12.1
17.267,104.527,323.5,1.1,1.1,2017-01-21,06:35,A,76,5.0       ,304.1,14.5
17.15,103.6,323,1,1,2017-01-21,06:35,A,52,5.0       ,301.3,16.7
17.264,104.36,332,1.1,1,2017-01-21,06:35,A,84,5.0       ,304,28.5
17.158,103.589,323.1,1,1,2017-01-21,06:35,A,49,5.0       ,302.1,15.6
16.631,99.986,318.4,1.2,1.1,2017-01-21,06:35,A,70,5.0       ,301.8,9.6
17.27,104.352,321.6,1.1,1,2017-01-21,06:35,A,72,5.0       ,302.6,11.4
17.361,104.464,337.2,1.1,1,2017-01-21,06:35,A,88,5.0       ,304.4,38
17.36,104.454,322.2,1.1,1,2017-01-21,06:35,A,30,5.0       ,302.3,12.1
16.678,99.756,322.7,1.2,1.1,2017-01-21,06:35,A,76,5.0       ,301,19.2
17.373,104.484,333.1,1.1,1.1,2017-01-21,06:35,A,85,5.0       ,303.6,30.5
17.372,104.473,352.7,1.1,1.1,2017-01-21,06:35,A,96,5.0       ,305.4,74.4
17.377,104.477,340,1.1,1.1,2017-01-21,06:35,A,90,5.0       ,302.7,45.7
17.376,104.467,324,1.1,1.1,2017-01-21,06:35,A,77,5.0       ,302.7,17.3
17.241,103.457,322.4,1,1,2017-01-21,06:35,A,67,5.0       ,300.7,16.4
17.268,103.59,322.2,1,1,2017-01-21,06:35,A,59,5.0       ,304.1,13.9
17.267,103.58,320.6,1,1,2017-01-21,06:35,A,53,5.0       ,303.7,11.6
16.926,100.716,313.3,1.1,1,2017-01-21,06:35,A,58,5.0       ,300.6,7.4
17.418,103.669,322.9,1,1,2017-01-21,06:35,A,76,5.0       ,304.5,12.1
17,100.778,325.2,1.1,1,2017-01-21,06:35,A,78,5.0       ,304.3,18.1
16.552,97.818,316.8,1.6,1.2,2017-01-21,06:35,A,45,5.0       ,296.7,16.1
22.477,96.531,329.2,1.5,1.2,2017-01-21,06:35,A,82,5.0       ,304,51
23.012,99.323,310.5,1.1,1,2017-01-21,06:35,A,39,5.0       ,297.8,11.3
22.454,95.745,316.6,1.7,1.3,2017-01-21,06:35,A,66,5.0       ,304.5,18.5
22.43,95.611,315,1.8,1.3,2017-01-21,06:35,A,63,5.0       ,304.4,16.4
22.545,95.669,319.2,1.8,1.3,2017-01-21,06:35,A,69,5.0       ,305.4,24.1
22.523,95.551,314.5,1.8,1.3,2017-01-21,06:35,A,61,5.0       ,304.2,15.5
22.565,95.647,319.5,1.8,1.3,2017-01-21,06:35,A,53,5.0       ,304.9,21.5
22.561,95.641,316.1,1.8,1.3,2017-01-21,06:35,A,62,5.0       ,304.8,15.3
23.229,98.886,320.4,1.1,1.1,2017-01-21,06:35,A,73,5.0       ,295.1,25.8
23.228,98.876,325.1,1.1,1.1,2017-01-21,06:35,A,78,5.0       ,294,33
23.951,103.302,315.7,1.1,1.1,2017-01-21,06:35,A,64,5.0       ,292.7,19.3
23.95,103.291,313.1,1.1,1.1,2017-01-21,06:35,A,57,5.0       ,291.9,16.6
23.283,97.828,312.1,1.2,1.1,2017-01-21,06:35,A,15,5.0       ,300,11.6
23.293,97.827,323.2,1.2,1.1,2017-01-21,06:35,A,76,5.0       ,297.7,30.5
23.323,97.938,319.9,1.2,1.1,2017-01-21,06:35,A,72,5.0       ,298.8,23.6
23.978,102.033,321.4,1,1,2017-01-21,06:35,A,74,5.0       ,285.9,28.3
23.018,95.479,318.8,1.8,1.3,2017-01-21,06:35,A,70,5.0       ,305.4,22.5
23.015,95.462,316.2,1.8,1.3,2017-01-21,06:35,A,65,5.0       ,304.8,16.9
23.157,93.687,312.6,2.4,1.5,2017-01-21,06:35,A,55,5.0       ,296.5,48
23.654,96.184,315.3,1.5,1.2,2017-01-21,06:35,A,53,5.0       ,302.3,18.7
23.909,96.464,320.7,1.5,1.2,2017-01-21,06:35,A,68,5.0       ,301.3,31.2
23.912,96.458,315.4,1.5,1.2,2017-01-21,06:35,A,57,5.0       ,301.2,19.8
24.899,97.222,310.4,1.3,1.1,2017-01-21,06:35,A,38,5.0       ,296.6,15.9
24.883,97.005,311.3,1.3,1.1,2017-01-21,06:35,A,48,5.0       ,297.9,16.9
24.983,97.357,320.4,1.2,1.1,2017-01-21,06:35,A,72,5.0       ,299.5,24.1
24.985,97.364,310.5,1.2,1.1,2017-01-21,06:35,A,15,5.0       ,299.2,9.4
24.983,97.352,315.6,1.2,1.1,2017-01-21,06:35,A,64,5.0       ,300.2,16.2
24.946,97.078,312.8,1.3,1.1,2017-01-21,06:35,A,39,5.0       ,298.8,15.7
24.956,97.076,313.5,1.3,1.1,2017-01-21,06:35,A,58,5.0       ,297.6,17.8
25.046,97.364,322.2,1.2,1.1,2017-01-21,06:35,A,75,5.0       ,301.6,25.4
25.044,97.352,314.4,1.2,1.1,2017-01-21,06:35,A,61,5.0       ,300.6,13.2
25.46,99.83,310.1,1,1,2017-01-21,06:35,A,26,5.0       ,294.4,10.8
25.137,97.289,312.4,1.3,1.1,2017-01-21,06:35,A,48,5.0       ,300.8,10.8
25.217,97.342,313.7,1.2,1.1,2017-01-21,06:35,A,59,5.0       ,303.7,13.3
25.827,99.692,321.2,1,1,2017-01-21,06:35,A,55,5.0       ,291.6,21
25.826,99.682,325.9,1,1,2017-01-21,06:35,A,74,5.0       ,294,27.7
25.847,99.698,320.6,1,1,2017-01-21,06:35,A,35,5.0       ,293,20.7
25.873,99.693,310.8,1,1,2017-01-21,06:35,A,24,5.0       ,292.8,10.9
25.872,99.683,311.6,1,1,2017-01-21,06:35,A,27,5.0       ,294.5,11.3
25.865,99.633,313.3,1,1,2017-01-21,06:35,A,58,5.0       ,295.6,14
25.863,99.624,318.3,1,1,2017-01-21,06:35,A,69,5.0       ,294.7,18.9
26.435,102.908,313.7,1.2,1.1,2017-01-21,06:35,A,47,5.0       ,285.2,20.6
26.433,102.897,321.5,1.2,1.1,2017-01-21,06:35,A,74,5.0       ,285.5,32.1
26.103,100.378,325.9,1,1,2017-01-21,06:35,A,72,5.0       ,305.5,22.4
26.102,100.368,335.9,1,1,2017-01-21,06:35,A,87,5.0       ,310.1,38.2
26.099,100.349,330.6,1,1,2017-01-21,06:35,A,52,5.0       ,308.6,30.9
26.097,100.339,340.6,1,1,2017-01-21,06:35,A,83,5.0       ,310.8,48.9
26.11,100.367,346.5,1,1,2017-01-21,06:35,A,93,5.0       ,303.8,57.8
14.144,104.81,333.5,1.1,1,2017-01-21,06:30,A,85,5.0       ,300.3,30.8
13.966,103.526,342.1,1,1,2017-01-21,06:30,A,86,5.0       ,300.1,44.1
14.042,103.872,320.9,1,1,2017-01-21,06:30,A,73,5.0       ,302.1,11
14.181,104.735,324.6,1.1,1,2017-01-21,06:30,A,78,5.0       ,300,17
13.996,103.418,323.8,1,1,2017-01-21,06:30,A,75,5.0       ,303.8,9.9
13.97,103.235,331.3,1,1,2017-01-21,06:30,A,84,5.0       ,299,22.2
13.969,103.226,340.8,1,1,2017-01-21,06:30,A,90,5.0       ,300.9,38.3
14.024,103.473,327.9,1,1,2017-01-21,06:30,A,52,5.0       ,302.4,15.8
13.954,102.987,328.2,1,1,2017-01-21,06:30,A,81,5.0       ,301.6,18.5
14.06,103.665,334.3,1,1,2017-01-21,06:30,A,86,5.0       ,302.4,29.7
14.035,103.49,325.5,1,1,2017-01-21,06:30,A,51,5.0       ,300.9,11.7
13.991,103.178,329.2,1,1,2017-01-21,06:30,A,82,5.0       ,301.4,18.3
14.242,104.921,320.2,1.1,1,2017-01-21,06:30,A,45,5.0       ,300.8,10.3
14.176,104.433,316.5,1,1,2017-01-21,06:30,A,66,5.0       ,300.6,7.6
14.05,103.403,319.9,1,1,2017-01-21,06:30,A,52,5.0       ,299,6.4
14.21,104.477,321.2,1,1,2017-01-21,06:30,A,74,5.0       ,299.9,13.3
14.059,103.402,319.7,1,1,2017-01-21,06:30,A,49,5.0       ,299.8,6.8
14.219,104.475,318.2,1,1,2017-01-21,06:30,A,67,5.0       ,300.4,9.3
14.154,103.944,350.5,1,1,2017-01-21,06:30,A,95,5.0       ,302.5,62.5
14.153,103.935,348.1,1,1,2017-01-21,06:30,A,94,5.0       ,299,57.7
14.106,103.601,320.4,1,1,2017-01-21,06:30,A,65,5.0       ,301.8,8.3
14.062,103.289,331.4,1,1,2017-01-21,06:30,A,84,5.0       ,302.2,23
14.274,104.735,317.5,1.1,1,2017-01-21,06:30,A,67,5.0       ,300.4,8.9
14.072,103.297,331.6,1,1,2017-01-21,06:30,A,84,5.0       ,303.1,22.9
13.951,102.461,318.4,1,1,2017-01-21,06:30,A,47,5.0       ,299.4,9.1
13.95,102.451,334.8,1,1,2017-01-21,06:30,A,86,5.0       ,299.7,32
14.192,104.082,323.1,1,1,2017-01-21,06:30,A,69,5.0       ,301.1,14.1
14.158,103.644,317.9,1,1,2017-01-21,06:30,A,66,5.0       ,297.2,9.7
14.126,103.423,326.8,1,1,2017-01-21,06:30,A,72,5.0       ,303.1,14.7
14.125,103.414,324.4,1,1,2017-01-21,06:30,A,74,5.0       ,301.9,12.3
14.296,104.576,329.9,1.1,1,2017-01-21,06:30,A,83,5.0       ,301.4,24.5
14.27,104.384,321.8,1,1,2017-01-21,06:30,A,68,5.0       ,301.5,12
14.071,102.973,338.8,1,1,2017-01-21,06:30,A,89,5.0       ,301.6,34.6
14.07,102.964,333.2,1,1,2017-01-21,06:30,A,85,5.0       ,302.7,25
14.316,104.653,338.2,1.1,1,2017-01-21,06:30,A,89,5.0       ,301,40.7
14.19,103.743,323.5,1,1,2017-01-21,06:30,A,52,5.0       ,300.8,13
14.189,103.734,352.4,1,1,2017-01-21,06:30,A,96,5.0       ,303.5,65.5
14.218,103.881,322.8,1,1,2017-01-21,06:30,A,27,5.0       ,300.4,11.7
13.765,100.791,315.7,1.2,1.1,2017-01-21,06:30,A,32,5.0       ,297,8.9
14.147,103.308,324.6,1,1,2017-01-21,06:30,A,67,5.0       ,303.3,12.8
14.13,103.189,325.7,1,1,2017-01-21,06:30,A,79,5.0       ,303.6,12.9
14.344,104.649,316.8,1.1,1,2017-01-21,06:30,A,37,5.0       ,300.6,7.9
13.884,101.451,334.1,1.1,1,2017-01-21,06:30,A,86,5.0       ,301.7,30.1
14.314,104.367,321.2,1,1,2017-01-21,06:30,A,70,5.0       ,299.6,10.1
14.15,103.139,319.4,1,1,2017-01-21,06:30,A,42,5.0       ,300.3,6.3
14.145,103.102,320.5,1,1,2017-01-21,06:30,A,58,5.0       ,301.7,8.7
14.163,103.158,324.3,1,1,2017-01-21,06:30,A,77,5.0       ,302.1,13.8
26.109,100.357,329.1,1,1,2017-01-21,06:35,A,76,5.0       ,307.1,29
26.106,100.337,334.6,1,1,2017-01-21,06:35,A,78,5.0       ,304,39.5
26.132,100.201,317.1,1,1,2017-01-21,06:35,A,54,5.0       ,302.4,13.6
26.131,100.191,318.8,1,1,2017-01-21,06:35,A,59,5.0       ,300.2,16.7
25.079,93.899,317.8,2.1,1.4,2017-01-21,06:35,A,69,5.0       ,292.1,58.7
26.141,100.2,316,1,1,2017-01-21,06:35,A,33,5.0       ,302,10.9
25.944,98.53,316.7,1.1,1,2017-01-21,06:35,A,66,5.0       ,290.6,26.9
25.957,98.492,316.2,1.1,1,2017-01-21,06:35,A,55,5.0       ,293.3,23.7
25.324,94.785,312,1.8,1.3,2017-01-21,06:35,A,52,5.0       ,295.6,32.8
25.966,98.49,324.2,1.1,1,2017-01-21,06:35,A,77,5.0       ,294.3,34.4
25.772,96.665,316.8,1.3,1.1,2017-01-21,06:35,A,67,5.0       ,299.1,22.1
26.546,101.721,311.2,1,1,2017-01-21,06:35,A,43,5.0       ,300.6,8.8
26.565,101.67,313.2,1,1,2017-01-21,06:35,A,56,5.0       ,301.2,10.8
26.574,101.668,330.2,1,1,2017-01-21,06:35,A,83,5.0       ,301,32.2
26.573,101.658,328.7,1,1,2017-01-21,06:35,A,82,5.0       ,299.1,30
26.71,101.853,310.7,1.1,1,2017-01-21,06:35,A,37,5.0       ,296.4,10.8
26.246,98.625,340.9,1.1,1,2017-01-21,06:35,A,90,5.0       ,288.2,60.7
26.245,98.614,346.4,1.1,1,2017-01-21,06:35,A,93,5.0       ,292.7,72.6
26.951,102.151,310.4,1.1,1,2017-01-21,06:35,A,33,5.0       ,293.9,10.7
26.962,102.16,318.1,1.1,1,2017-01-21,06:35,A,69,5.0       ,295.8,20.7
26.917,101.676,315.7,1.1,1,2017-01-21,06:35,A,64,5.0       ,291.4,20.8
27.099,102.169,316.1,1.1,1,2017-01-21,06:35,A,65,5.0       ,293.3,17.9
26.762,99.712,325.5,1,1,2017-01-21,06:35,A,67,5.0       ,295.9,28.6
26.76,99.703,316.3,1,1,2017-01-21,06:35,A,26,5.0       ,293.7,17.9
26.799,99.777,334.6,1,1,2017-01-21,06:35,A,86,5.0       ,294,44
26.797,99.767,321.1,1,1,2017-01-21,06:35,A,74,5.0       ,294.6,24.7
25.969,94.328,341.7,1.9,1.3,2017-01-21,06:35,A,91,5.0       ,294.2,138.2
25.966,94.312,325,1.9,1.3,2017-01-21,06:35,A,78,5.0       ,290.8,73.1
26.061,94.494,317.4,1.8,1.3,2017-01-21,06:35,A,68,5.0       ,294.3,46.5
26.383,94.929,337.5,1.7,1.3,2017-01-21,06:35,A,88,5.0       ,295.2,97.2
26.38,94.91,326.8,1.7,1.3,2017-01-21,06:35,A,80,5.0       ,295.6,62.4
26.394,94.925,317.8,1.7,1.3,2017-01-21,06:35,A,68,5.0       ,294.6,39.3
26.391,94.908,310.2,1.7,1.3,2017-01-21,06:35,A,31,5.0       ,294.5,22.9
27.531,102.11,318.2,1.1,1,2017-01-21,06:35,A,69,5.0       ,287.5,29
26.624,95.421,311,1.5,1.2,2017-01-21,06:35,A,43,5.0       ,289.6,30.2
26.638,95.437,342.3,1.5,1.2,2017-01-21,06:35,A,91,5.0       ,286,107.6
26.634,95.418,410.1,1.5,1.2,2017-01-21,06:35,A,100,5.0       ,311.8,600.7
26.631,95.402,336.8,1.5,1.2,2017-01-21,06:35,A,88,5.0       ,298.5,87.9
26.553,94.908,319,1.6,1.3,2017-01-21,06:35,A,70,5.0       ,295.2,43.8
26.55,94.891,317.6,1.7,1.3,2017-01-21,06:35,A,68,5.0       ,294.8,39.2
27.722,102.211,328.5,1.1,1.1,2017-01-21,06:35,A,82,5.0       ,293.7,36.5
27.726,102.205,322.4,1.1,1.1,2017-01-21,06:35,A,75,5.0       ,292.5,28.7
26.7,95.268,362,1.6,1.2,2017-01-21,06:35,A,100,5.0       ,296.4,193.4
26.71,95.265,324.3,1.6,1.2,2017-01-21,06:35,A,51,5.0       ,293.2,50
26.879,95.566,320.9,1.5,1.2,2017-01-21,06:35,A,73,5.0       ,288.7,44.5
26.877,95.551,387.1,1.5,1.2,2017-01-21,06:35,A,100,5.0       ,298,348.8
27.263,97.468,316.3,1.1,1.1,2017-01-21,06:35,A,54,5.0       ,298.1,14.8
27.278,97.5,312.4,1.1,1.1,2017-01-21,06:35,A,26,5.0       ,298.5,10.4
27.272,97.466,314.2,1.1,1.1,2017-01-21,06:35,A,41,5.0       ,297.1,11.2
27.287,97.498,328.5,1.1,1.1,2017-01-21,06:35,A,81,5.0       ,298.7,33.1
27.123,95.499,336.8,1.5,1.2,2017-01-21,06:35,A,88,5.0       ,294.3,83.1
27.461,97.367,310,1.2,1.1,2017-01-21,06:35,A,16,5.0       ,298.4,12.1
26.705,90.91,312.7,3.1,1.7,2017-01-21,06:35,A,50,5.0       ,298.7,53.6
26.699,90.88,313.3,3.1,1.7,2017-01-21,06:35,A,39,5.0       ,297.5,59.7
27.428,93.761,311.6,1.9,1.3,2017-01-21,06:35,A,50,5.0       ,294.9,35
27.861,95.417,317.6,1.4,1.2,2017-01-21,06:35,A,68,5.0       ,301.2,22.2
28.134,95.794,311.2,1.4,1.2,2017-01-21,06:35,A,40,5.0       ,299,13.3
29.754,99.318,314.5,1,1,2017-01-21,06:35,A,50,5.0       ,285.8,19
29.753,99.308,318.3,1,1,2017-01-21,06:35,A,64,5.0       ,298.9,23.1
17.242,101.847,338.4,1,1,2017-01-21,06:35,A,89,5.0       ,299.1,40.6
17.24,101.837,338.4,1,1,2017-01-21,06:35,A,89,5.0       ,298.9,41.7
17.496,103.573,327.6,1,1,2017-01-21,06:35,A,81,5.0       ,303.5,17.7
17.473,103.141,318.9,1,1,2017-01-21,06:35,A,57,5.0       ,301.7,7.8
17.51,102.297,321.1,1,1,2017-01-21,06:35,A,73,5.0       ,299.7,13.5
17.691,103.521,322.1,1,1,2017-01-21,06:35,A,52,5.0       ,300.2,12.9
17.67,103.367,323.1,1,1,2017-01-21,06:35,A,76,5.0       ,302.7,14.1
17.668,103.358,318.2,1,1,2017-01-21,06:35,A,38,5.0       ,300.2,7.7
17.886,104.489,313.9,1.1,1.1,2017-01-21,06:35,A,59,5.0       ,300.6,9.1
17.214,99.707,323,1.2,1.1,2017-01-21,06:35,A,76,5.0       ,300,22.1
17.639,102.236,316,1,1,2017-01-21,06:35,A,65,5.0       ,300.5,6.2
18.09,104.565,322.9,1.1,1.1,2017-01-21,06:35,A,61,5.0       ,303.8,16.7
17.909,103.233,322.5,1,1,2017-01-21,06:35,A,75,5.0       ,303,12.9
18.101,104.574,322,1.1,1.1,2017-01-21,06:35,A,55,5.0       ,302.8,15.3
18.134,104.285,334.1,1.1,1,2017-01-21,06:35,A,86,5.0       ,302.5,36.3
18.133,104.275,320.5,1.1,1,2017-01-21,06:35,A,73,5.0       ,300.8,13.7
17.933,102.485,314.7,1,1,2017-01-21,06:35,A,58,5.0       ,298.7,7.5
18.184,104.25,327.6,1.1,1,2017-01-21,06:35,A,81,5.0       ,304.6,22.7
18.181,104.23,325.9,1.1,1,2017-01-21,06:35,A,79,5.0       ,304.3,19
18.186,104.197,321.1,1.1,1,2017-01-21,06:35,A,48,5.0       ,303.6,12.2
17.753,100.694,321.7,1.1,1,2017-01-21,06:35,A,68,5.0       ,303.3,13
17.752,100.685,333.7,1.1,1,2017-01-21,06:35,A,86,5.0       ,303.7,32.1
18.078,102.86,318.7,1,1,2017-01-21,06:35,A,32,5.0       ,302.2,9
18.075,102.841,320.1,1,1,2017-01-21,06:35,A,54,5.0       ,300.6,11.6
18.263,104.159,318.3,1.1,1,2017-01-21,06:35,A,41,5.0       ,302.3,10.9
17.744,100.526,315.9,1.1,1,2017-01-21,06:35,A,58,5.0       ,300.3,9.7
18.452,104.056,318.6,1.1,1,2017-01-21,06:35,A,70,5.0       ,296.7,19.3
18.451,104.046,328.9,1.1,1,2017-01-21,06:35,A,82,5.0       ,298.4,33.7
18.415,103.783,330.9,1.1,1,2017-01-21,06:35,A,83,5.0       ,303.3,28.4
18.675,100.276,310.6,1.1,1,2017-01-21,06:35,A,40,5.0       ,298.6,9
18.956,101.47,316.3,1,1,2017-01-21,06:35,A,66,5.0       ,294.5,14
18.888,95.45,322.5,2.2,1.4,2017-01-21,06:35,A,75,5.0       ,302,42.8
18.884,95.43,317.3,2.2,1.4,2017-01-21,06:35,A,63,5.0       ,301.2,24.6
19.891,99.502,320.3,1.1,1.1,2017-01-21,06:35,A,72,5.0       ,297.4,22.4
19.601,97.416,319,1.5,1.2,2017-01-21,06:35,A,67,5.0       ,303.5,22.1
19.779,97.038,314.4,1.6,1.2,2017-01-21,06:35,A,54,5.0       ,301.6,18.7
19.851,96.985,316.6,1.6,1.2,2017-01-21,06:35,A,58,5.0       ,303.2,19.6
20.477,99.187,310.6,1.2,1.1,2017-01-21,06:35,A,39,5.0       ,300.2,10.5
20.189,94.628,314.4,2.3,1.5,2017-01-21,06:35,A,61,5.0       ,302.5,25.3
21.54,101.893,311.8,1,1,2017-01-21,06:35,A,51,5.0       ,295.4,11.5
21.247,98.121,321.3,1.3,1.1,2017-01-21,06:35,A,74,5.0       ,301.6,24.5
21.511,99.457,310.6,1.1,1,2017-01-21,06:35,A,41,5.0       ,292,14.1
21.354,98.144,310.8,1.3,1.1,2017-01-21,06:35,A,43,5.0       ,298.6,10.9
21.805,100.363,310.7,1,1,2017-01-21,06:35,A,34,5.0       ,299,8.6
22.171,101.806,311.8,1,1,2017-01-21,06:35,A,51,5.0       ,295.2,12.2
21.993,100.018,315.6,1,1,2017-01-21,06:35,A,64,5.0       ,301.1,17.2
22.403,99.625,311.2,1.1,1,2017-01-21,06:35,A,41,5.0       ,300.8,11.3
22.147,97.425,313.9,1.4,1.2,2017-01-21,06:35,A,51,5.0       ,302.4,11.6
22.282,98.042,312.1,1.3,1.1,2017-01-21,06:35,A,52,5.0       ,301.5,11.2
22.307,98.012,313.4,1.3,1.1,2017-01-21,06:35,A,58,5.0       ,301.1,13.8
22.596,98.397,315.5,1.2,1.1,2017-01-21,06:35,A,62,5.0       ,303.7,11.3
22.832,99.231,310.6,1.1,1,2017-01-21,06:35,A,41,5.0       ,293.9,12.4
-2.574,121.385,327.5,1.2,1.1,2017-01-21,14:15,T,100,5.0       ,278.2,46.9
-2.575,121.375,315.3,1.2,1.1,2017-01-21,14:15,T,88,5.0       ,277.1,28.3
15.079,120.17,307.7,1,1,2017-01-21,14:20,T,56,5.0       ,291.3,10.6
15.078,120.161,310.7,1,1,2017-01-21,14:20,T,72,5.0       ,291.8,13.4
15.203,120.135,320.6,1,1,2017-01-21,14:20,T,100,5.0       ,289.9,25.2
15.25,120.075,305.2,1,1,2017-01-21,14:20,T,22,5.0       ,292.4,8.3
15.682,100.618,305.1,1.8,1.3,2017-01-21,16:00,T,15,5.0       ,291.1,21
15.92,100.723,307.2,1.9,1.3,2017-01-21,16:00,T,52,5.0       ,293.7,22.1
20.224,95.684,305.5,1.1,1,2017-01-21,16:00,T,31,5.0       ,293.1,10.9
26.774,99.7,310.6,2.2,1.4,2017-01-21,16:00,T,71,5.0       ,277.9,70.6
26.786,99.693,323.3,2.2,1.4,2017-01-21,16:00,T,100,5.0       ,277.3,118.9
26.763,98.934,311.4,2,1.4,2017-01-21,16:00,T,75,5.0       ,276,62.8
26.767,98.929,305.1,2,1.4,2017-01-21,16:00,T,20,5.0       ,276.3,46.7
28.822,95.9,313.3,1.3,1.1,2017-01-21,16:00,T,82,5.0       ,276.9,35.6
-2.575,121.38,318.5,1.4,1.2,2017-01-21,17:10,A,96,5.0       ,276.4,40.4
-2.576,121.391,319.7,1.4,1.2,2017-01-21,17:10,A,99,5.0       ,277.9,41.6
17.159,103.588,309.1,1,1,2017-01-21,18:45,A,64,5.0       ,290.6,14.6
16.99,103.673,309.2,1,1,2017-01-21,18:45,A,65,5.0       ,289.7,14.8
16.391,103.992,306.3,1,1,2017-01-21,18:45,A,44,5.0       ,289.9,11.8
16.184,101.66,310,1.2,1.1,2017-01-21,18:45,A,69,5.0       ,291.8,17.3
15.187,100.88,309.9,1.3,1.1,2017-01-21,18:45,A,68,5.0       ,293.2,17.6
15.167,100.653,308.7,1.3,1.1,2017-01-21,18:45,A,62,5.0       ,293.4,16.3
13.436,106.423,306.6,1.2,1.1,2017-01-21,18:45,A,47,5.0       ,290.4,14.4