latitude,longitude,brightness,scan,track,acq_date,acq_time,satellite,confidence,version,bright_t31,frp
-0.85,123.217,323.7,1.5,1.2,2017-02-16,02:30,T,77,5.0       ,294.5,32.7
-1.261,121.603,315.3,1.2,1.1,2017-02-16,02:30,T,63,5.0       ,292.4,14.7
-1.394,120.752,316.1,1.1,1,2017-02-16,02:30,T,39,5.0       ,299,11.6
-1.812,121.533,310.1,1.2,1.1,2017-02-16,02:30,T,20,5.0       ,293.8,7.6
-3.973,122.579,313.3,1.5,1.2,2017-02-16,02:30,T,32,5.0       ,293.8,14.2
-3.785,119.653,313.9,1,1,2017-02-16,02:30,T,36,5.0       ,293.6,8.8
-3.794,119.652,314.3,1,1,2017-02-16,02:30,T,30,5.0       ,293.9,9.1
-5.141,121.875,310.5,1.4,1.2,2017-02-16,02:30,T,25,5.0       ,289.6,11.1
-5.466,122.605,314.3,1.6,1.2,2017-02-16,02:30,T,0,5.0       ,294.3,18.7
17.451,103.587,320.7,1.7,1.3,2017-02-16,04:05,T,73,5.0       ,303.1,23.8
17.876,100.958,315.3,1.1,1.1,2017-02-16,04:05,T,63,5.0       ,302.1,10.5
17.289,104.169,318.8,1.9,1.3,2017-02-16,04:05,T,70,5.0       ,302.6,22.4
17.672,101.897,311.5,1.3,1.1,2017-02-16,04:05,T,32,5.0       ,295.9,8.4
18.433,96.573,322.9,1.1,1.1,2017-02-16,04:05,T,75,5.0       ,303.5,11.9
18.568,95.166,326.6,1.3,1.1,2017-02-16,04:05,T,80,5.0       ,306.9,18.9
17.724,100.628,329.3,1.1,1.1,2017-02-16,04:05,T,82,5.0       ,305.6,29
17.691,100.655,320,1.1,1.1,2017-02-16,04:05,T,60,5.0       ,302.6,14.3
17.685,100.658,320.5,1.1,1.1,2017-02-16,04:05,T,47,5.0       ,300.6,17.6
16.957,104.832,313.8,2.1,1.4,2017-02-16,04:05,T,36,5.0       ,299.7,19.1
16.953,104.852,312.6,2.2,1.4,2017-02-16,04:05,T,37,5.0       ,300.2,16.4
16.906,104.966,312.6,2.2,1.4,2017-02-16,04:05,T,55,5.0       ,300.2,22.7
17.555,100.409,324.1,1.1,1,2017-02-16,04:05,T,77,5.0       ,305.2,17
16.484,106.511,313.5,2.9,1.6,2017-02-16,04:05,T,58,5.0       ,298.2,60.8
16.774,104.894,321.8,2.2,1.4,2017-02-16,04:05,T,74,5.0       ,304.1,35.7
17.552,100.329,319.2,1.1,1,2017-02-16,04:05,T,53,5.0       ,304.7,14.2
16.775,104.887,322.4,2.2,1.4,2017-02-16,04:05,T,75,5.0       ,304.2,42.2
16.483,106.504,311.5,2.9,1.6,2017-02-16,04:05,T,49,5.0       ,297.9,51.7
16.526,105.61,315.1,2.5,1.5,2017-02-16,04:05,T,63,5.0       ,301.8,27.9
17.26,100.241,320.3,1.1,1,2017-02-16,04:05,T,57,5.0       ,302.6,13.1
17.265,100.027,312,1.1,1,2017-02-16,04:05,T,51,5.0       ,299.6,8.5
16.98,101.8,325.5,1.3,1.1,2017-02-16,04:05,T,79,5.0       ,300.3,32.4
16.72,103.338,318.3,1.7,1.3,2017-02-16,04:05,T,69,5.0       ,303.2,15.3
17.358,99.177,316.4,1,1,2017-02-16,04:05,T,51,5.0       ,301.4,10.6
17.012,101.226,321.2,1.2,1.1,2017-02-16,04:05,T,74,5.0       ,302.8,15.9
17.01,101.237,318.2,1.2,1.1,2017-02-16,04:05,T,69,5.0       ,303.7,11.3
17.65,96.915,314.9,1.1,1,2017-02-16,04:05,T,62,5.0       ,301.3,8
17.162,100.157,318.3,1.1,1,2017-02-16,04:05,T,61,5.0       ,304.4,12.3
17.284,99.242,323.7,1,1,2017-02-16,04:05,T,74,5.0       ,300,19.7
17.344,98.782,318.3,1,1,2017-02-16,04:05,T,68,5.0       ,302.5,12.2
16.689,102.851,317.4,1.6,1.2,2017-02-16,04:05,T,63,5.0       ,302.4,17.7
16.556,103.545,322.8,1.8,1.3,2017-02-16,04:05,T,76,5.0       ,303.8,27.7
16.553,103.561,318.7,1.8,1.3,2017-02-16,04:05,T,43,5.0       ,303.6,15.6
16.687,102.845,318.7,1.6,1.2,2017-02-16,04:05,T,59,5.0       ,301.8,19.5
16.557,103.556,324.9,1.8,1.3,2017-02-16,04:05,T,78,5.0       ,304.1,35.4
17.151,99.209,325.2,1,1,2017-02-16,04:05,T,78,5.0       ,303.2,19.6
16.884,100.504,314.4,1.1,1.1,2017-02-16,04:05,T,50,5.0       ,301.7,9.5
16.781,101.121,313.4,1.2,1.1,2017-02-16,04:05,T,54,5.0       ,300.7,10.3
16.93,99.686,318.3,1,1,2017-02-16,04:05,T,60,5.0       ,303.4,12.8
16.675,101.085,323.9,1.2,1.1,2017-02-16,04:05,T,77,5.0       ,298.2,29.9
16.052,103.78,319.6,1.9,1.3,2017-02-16,04:05,T,71,5.0       ,304.7,21.8
16.397,101.793,313.5,1.3,1.1,2017-02-16,04:05,T,49,5.0       ,298.7,13.6
16.058,103.775,319.7,1.9,1.3,2017-02-16,04:05,T,72,5.0       ,304.4,23.7
16.744,99.459,316.3,1,1,2017-02-16,04:05,T,66,5.0       ,303.1,6.7
17.028,97.281,333.8,1,1,2017-02-16,04:05,T,86,5.0       ,308.6,26.9
16.401,101.066,320.3,1.2,1.1,2017-02-16,04:05,T,72,5.0       ,302.2,17
16.884,97.257,320.5,1,1,2017-02-16,04:05,T,73,5.0       ,305.9,8.9
16.883,97.266,329,1,1,2017-02-16,04:05,T,82,5.0       ,305.5,20.5
16.371,100.489,325.7,1.1,1.1,2017-02-16,04:05,T,70,5.0       ,309.8,12.6
16.59,98.702,321.9,1,1,2017-02-16,04:05,T,54,5.0       ,307.4,16.5
15.718,103.712,329.5,1.9,1.3,2017-02-16,04:05,T,82,5.0       ,306.9,51.8
16.223,100.654,322.6,1.2,1.1,2017-02-16,04:05,T,58,5.0       ,308.5,11.6
16.414,99.264,314.5,1,1,2017-02-16,04:05,T,34,5.0       ,301.9,6.4
15.941,101.697,324.8,1.3,1.1,2017-02-16,04:05,T,78,5.0       ,303.5,24.6
15.89,102.012,322.8,1.4,1.2,2017-02-16,04:05,T,76,5.0       ,304.2,21.7
16.016,100.852,321.2,1.2,1.1,2017-02-16,04:05,T,74,5.0       ,306.9,11.7
16.579,96.612,327.6,1.1,1,2017-02-16,04:05,T,81,5.0       ,306.8,16.8
15.71,102.149,314.4,1.4,1.2,2017-02-16,04:05,T,59,5.0       ,300.6,9.9
16.332,97.643,327.7,1,1,2017-02-16,04:05,T,35,5.0       ,309.2,11.1
15.834,100.69,323.7,1.2,1.1,2017-02-16,04:05,T,76,5.0       ,304.9,16.2
16.449,96.294,326.8,1.1,1,2017-02-16,04:05,T,80,5.0       ,305.6,15.1
15.474,102.651,327.9,1.6,1.2,2017-02-16,04:05,T,81,5.0       ,303.8,38.6
16.439,96.23,324,1.1,1,2017-02-16,04:05,T,68,5.0       ,306,11.3
16.429,96.229,324.5,1.1,1,2017-02-16,04:05,T,74,5.0       ,305.6,11.6
15.691,100.761,324.5,1.2,1.1,2017-02-16,04:05,T,78,5.0       ,308.6,16.9
16.364,96.172,326.8,1.1,1,2017-02-16,04:05,T,80,5.0       ,304.3,16.7
15.913,99.279,315.7,1,1,2017-02-16,04:05,T,64,5.0       ,300.8,11.3
15.911,99.289,317.4,1,1,2017-02-16,04:05,T,68,5.0       ,300.8,13.2
14.656,106.674,326.6,3.3,1.7,2017-02-16,04:05,T,80,5.0       ,299.2,133.9
15.817,99.72,324.5,1.1,1,2017-02-16,04:05,T,78,5.0       ,306.1,15.8
15.875,99.283,333.6,1,1,2017-02-16,04:05,T,86,5.0       ,300.1,38.4
15.564,101.232,323,1.3,1.1,2017-02-16,04:05,T,33,5.0       ,306.9,11.9
15.548,101.205,322.6,1.3,1.1,2017-02-16,04:05,T,66,5.0       ,306.7,10.6
15.174,103.195,316.7,1.8,1.3,2017-02-16,04:05,T,64,5.0       ,301.6,16.2
15.171,103.211,316.6,1.8,1.3,2017-02-16,04:05,T,66,5.0       ,303,15.9
15.392,101.342,319.4,1.3,1.1,2017-02-16,04:05,T,71,5.0       ,304.8,11.5
15.48,100.529,328.9,1.2,1.1,2017-02-16,04:05,T,82,5.0       ,306.6,23.9
15.405,100.423,319.6,1.2,1.1,2017-02-16,04:05,T,71,5.0       ,303.9,10.3
16.091,95.626,327,1.2,1.1,2017-02-16,04:05,T,80,5.0       ,304.2,21.1
15.408,100.155,323.4,1.1,1.1,2017-02-16,04:05,T,45,5.0       ,306.7,14.9
15.257,100.972,319.8,1.2,1.1,2017-02-16,04:05,T,60,5.0       ,305.5,14.3
15.256,100.984,318.2,1.2,1.1,2017-02-16,04:05,T,55,5.0       ,304.5,12.4
16.039,95.651,332.5,1.2,1.1,2017-02-16,04:05,T,85,5.0       ,304.2,30.2
16.037,95.662,330.6,1.2,1.1,2017-02-16,04:05,T,83,5.0       ,304.6,26.5
15.483,99.491,318.9,1.1,1,2017-02-16,04:05,T,67,5.0       ,304.8,7.9
15.482,99.501,319.4,1.1,1,2017-02-16,04:05,T,71,5.0       ,304.8,9
15.334,100.286,320.7,1.1,1.1,2017-02-16,04:05,T,73,5.0       ,306.6,10
16.017,95.42,330.4,1.2,1.1,2017-02-16,04:05,T,83,5.0       ,304.8,26.4
14.295,104.89,317.2,2.4,1.5,2017-02-16,04:05,T,59,5.0       ,301.3,25.9
-7.146,147.069,310.5,1.6,1.2,2017-02-16,00:55,T,27,5.0       ,291.1,15.6
-5.468,122.618,311.7,1.6,1.2,2017-02-16,02:30,T,24,5.0       ,294,15.3
-8.537,118.464,314.3,1,1,2017-02-16,02:30,T,58,5.0       ,298.4,8.4
27.757,118.469,320.2,2.2,1.4,2017-02-16,02:25,T,72,5.0       ,286,84.4
27.341,114.28,316.2,4.3,1.9,2017-02-16,02:25,T,65,5.0       ,284.8,164.9
27.339,114.273,312.9,4.3,1.9,2017-02-16,02:25,T,56,5.0       ,284.9,135.4
26.959,114.643,319.9,4,1.9,2017-02-16,02:25,T,72,5.0       ,286.1,185.8
26.534,118.243,312,2.2,1.4,2017-02-16,02:25,T,52,5.0       ,287.3,49.1
26.536,118.237,314.3,2.2,1.4,2017-02-16,02:25,T,61,5.0       ,287.5,59.1
24.806,121.364,325.7,1.3,1.1,2017-02-16,02:25,T,79,5.0       ,294.7,43.9
24.432,114.748,310.9,3.7,1.8,2017-02-16,02:25,T,45,5.0       ,288.9,97.2
24.245,114.641,314.3,3.8,1.8,2017-02-16,02:25,T,61,5.0       ,291.4,115.3
15.774,119.978,311.7,1.2,1.1,2017-02-16,02:25,T,26,5.0       ,293.5,10.4
15.578,120.074,310.2,1.2,1.1,2017-02-16,02:25,T,32,5.0       ,291.1,9.7
15.494,120.374,320.7,1.1,1.1,2017-02-16,02:25,T,61,5.0       ,293.8,21.6
-7.378,147.15,311.6,1,1,2017-02-16,03:45,A,0,5.0       ,294.3,6.1
-7.107,146.076,319.5,1.1,1,2017-02-16,03:45,A,59,5.0       ,300.8,17.5
-5.957,141.102,314.6,2.3,1.5,2017-02-16,03:45,A,58,5.0       ,297.3,29.3
-5.198,142.297,310.5,1.8,1.3,2017-02-16,03:45,A,26,5.0       ,294.8,17.6
23.367,96.269,312.2,1.3,1.1,2017-02-16,04:05,T,53,5.0       ,298.8,14.6
23.124,97.277,317.8,1.1,1.1,2017-02-16,04:05,T,57,5.0       ,302,19.3
22.356,97.529,323.7,1.1,1,2017-02-16,04:05,T,77,5.0       ,302.1,20.6
22.417,96.45,312.5,1.2,1.1,2017-02-16,04:05,T,46,5.0       ,299.9,8.3
21.87,96.345,313.1,1.2,1.1,2017-02-16,04:05,T,52,5.0       ,299.9,11.4
20.297,100.058,313.2,1,1,2017-02-16,04:05,T,57,5.0       ,299,9.8
20.409,94.493,315.5,1.5,1.2,2017-02-16,04:05,T,64,5.0       ,302.2,12.8
20.098,94.588,315.9,1.5,1.2,2017-02-16,04:05,T,65,5.0       ,302.1,11.6
20.078,94.483,322.3,1.5,1.2,2017-02-16,04:05,T,75,5.0       ,301,27.5
19.904,95.633,324.9,1.3,1.1,2017-02-16,04:05,T,78,5.0       ,303.1,23.1
19.925,94.632,324.2,1.5,1.2,2017-02-16,04:05,T,77,5.0       ,301.2,32.3
19.922,94.626,317.2,1.5,1.2,2017-02-16,04:05,T,47,5.0       ,300.6,16
19.531,97.349,314.2,1.1,1,2017-02-16,04:05,T,58,5.0       ,301.1,7.8
19.486,97.332,314.7,1.1,1,2017-02-16,04:05,T,61,5.0       ,298.5,11.7
19.833,94.542,318.3,1.5,1.2,2017-02-16,04:05,T,69,5.0       ,301.2,21.5
19.328,98.194,315.5,1,1,2017-02-16,04:05,T,64,5.0       ,297.9,12.7
19.293,98.248,316.1,1,1,2017-02-16,04:05,T,33,5.0       ,299.9,13
19.701,95.059,319,1.4,1.2,2017-02-16,04:05,T,70,5.0       ,304.9,12.5
18.642,102.121,324.2,1.3,1.1,2017-02-16,04:05,T,77,5.0       ,295.2,36.6
18.64,102.133,319.4,1.3,1.1,2017-02-16,04:05,T,71,5.0       ,293.7,29.7
18.153,105.001,311.5,2.1,1.4,2017-02-16,04:05,T,49,5.0       ,296.9,25.2
19.199,98.391,313.6,1,1,2017-02-16,04:05,T,39,5.0       ,298.8,6.6
19.19,98.39,314.9,1,1,2017-02-16,04:05,T,28,5.0       ,300.2,8.7
18.206,104.212,327.3,1.8,1.3,2017-02-16,04:05,T,80,5.0       ,302.4,51.3
18.203,104.229,317.8,1.8,1.3,2017-02-16,04:05,T,59,5.0       ,302.7,21.3
18.212,104.206,320,1.8,1.3,2017-02-16,04:05,T,55,5.0       ,302.1,26
18.209,104.223,324.2,1.8,1.3,2017-02-16,04:05,T,77,5.0       ,302.8,38.3
19.506,95.32,322.2,1.3,1.1,2017-02-16,04:05,T,75,5.0       ,305.7,16.9
18.774,99.149,311.5,1,1,2017-02-16,04:05,T,49,5.0       ,299.2,6.6
19.332,94.904,314.6,1.4,1.2,2017-02-16,04:05,T,55,5.0       ,302.2,11.4
18.137,102.968,322,1.5,1.2,2017-02-16,04:05,T,75,5.0       ,297.8,33.3
18.145,102.963,321.3,1.5,1.2,2017-02-16,04:05,T,74,5.0       ,299,31.6
18.063,102.863,321.9,1.5,1.2,2017-02-16,04:05,T,75,5.0       ,302.4,21.3
18.059,102.856,318.6,1.5,1.2,2017-02-16,04:05,T,70,5.0       ,302.8,14.6
18.7,98.713,310,1,1,2017-02-16,04:05,T,23,5.0       ,296.3,9.8
18.805,97.93,312.5,1,1,2017-02-16,04:05,T,50,5.0       ,298.5,8.5
18.844,97.523,311.1,1,1,2017-02-16,04:05,T,44,5.0       ,298.6,7.8
18.855,97.375,316.7,1,1,2017-02-16,04:05,T,38,5.0       ,297.9,11.4
18.854,97.385,318.7,1,1,2017-02-16,04:05,T,63,5.0       ,298.1,15.1
18.828,97.244,311.8,1.1,1,2017-02-16,04:05,T,42,5.0       ,298.9,8.5
18.688,97.257,314.3,1.1,1,2017-02-16,04:05,T,56,5.0       ,299.3,10.9
18.625,97.507,335.6,1,1,2017-02-16,04:05,T,87,5.0       ,299.5,38
18.595,97.527,312,1,1,2017-02-16,04:05,T,52,5.0       ,298.7,7.6
18.563,97.492,314.3,1,1,2017-02-16,04:05,T,61,5.0       ,299.6,8.2
17.68,103.13,317.9,1.6,1.2,2017-02-16,04:05,T,65,5.0       ,301.6,16.9
17.607,103.421,327.6,1.6,1.3,2017-02-16,04:05,T,81,5.0       ,303.2,47.6
17.604,103.437,316,1.6,1.3,2017-02-16,04:05,T,63,5.0       ,301.8,16.7
17.608,103.415,319,1.6,1.3,2017-02-16,04:05,T,66,5.0       ,302.6,23.6
17.605,103.43,325.5,1.6,1.3,2017-02-16,04:05,T,79,5.0       ,302.7,40.2
17.429,103.904,318.3,1.8,1.3,2017-02-16,04:05,T,69,5.0       ,301.5,21.1
17.43,103.916,316.2,1.8,1.3,2017-02-16,04:05,T,47,5.0       ,301.4,14.3
15.344,98.345,316.5,1,1,2017-02-16,04:05,T,66,5.0       ,303.2,9.7
14.503,103.336,320.9,1.8,1.3,2017-02-16,04:05,T,73,5.0       ,302.7,28.3
15.023,99.79,328.5,1.1,1,2017-02-16,04:05,T,81,5.0       ,306.6,21.9
14.958,100.082,310.2,1.1,1.1,2017-02-16,04:05,T,30,5.0       ,299.2,7
13.773,106.796,312.4,3.5,1.8,2017-02-16,04:05,T,54,5.0       ,297.3,53.4
14.613,101.952,315.1,1.5,1.2,2017-02-16,04:05,T,27,5.0       ,299.1,11
14.093,104.91,323.4,2.5,1.5,2017-02-16,04:05,T,62,5.0       ,303.4,60.9
14.089,104.932,321.6,2.5,1.5,2017-02-16,04:05,T,59,5.0       ,301,53.6
14.609,101.945,326.4,1.5,1.2,2017-02-16,04:05,T,79,5.0       ,300.5,35.1
14.598,101.943,317.7,1.5,1.2,2017-02-16,04:05,T,66,5.0       ,301,17
14.578,102.065,323.2,1.5,1.2,2017-02-16,04:05,T,76,5.0       ,303.7,25.2
14.095,104.928,320.6,2.5,1.5,2017-02-16,04:05,T,61,5.0       ,300.6,48.4
14.949,99.609,327,1.1,1,2017-02-16,04:05,T,80,5.0       ,306.4,18.3
14.559,102.047,317.5,1.5,1.2,2017-02-16,04:05,T,30,5.0       ,299.9,15.8
14.999,99.042,313.3,1,1,2017-02-16,04:05,T,57,5.0       ,299.6,8.3
14.997,99.051,312.1,1,1,2017-02-16,04:05,T,48,5.0       ,300,6.5
14.194,103.832,346.2,2,1.4,2017-02-16,04:05,T,93,5.0       ,300.7,143.2
14.191,103.85,345.7,2,1.4,2017-02-16,04:05,T,93,5.0       ,303.1,138.8
13.751,106.255,320.8,3.2,1.7,2017-02-16,04:05,T,71,5.0       ,298.1,84.6
13.531,107.736,316.4,4.2,1.9,2017-02-16,04:05,T,29,5.0       ,297.5,89.1
14.214,103.696,320.3,2,1.4,2017-02-16,04:05,T,46,5.0       ,303.9,18.9
14.193,103.825,319.2,2,1.4,2017-02-16,04:05,T,61,5.0       ,299.9,24.6
14.19,103.843,356.8,2,1.4,2017-02-16,04:05,T,98,5.0       ,302.7,214.1
14.036,104.66,316,2.4,1.5,2017-02-16,04:05,T,46,5.0       ,300.6,35.5
13.753,106.249,322.8,3.2,1.7,2017-02-16,04:05,T,76,5.0       ,298.4,100.6
13.982,104.807,316.9,2.4,1.5,2017-02-16,04:05,T,61,5.0       ,301.2,27.9
27.184,114.003,314.6,1.1,1,2017-02-16,05:35,A,52,5.0       ,295.1,13.3
27.182,113.992,338.3,1.1,1,2017-02-16,05:35,A,89,5.0       ,297.4,48.9
27.818,118.478,310.3,1.2,1.1,2017-02-16,05:35,A,36,5.0       ,292.6,14.2
26.936,112.177,316.4,1.3,1.1,2017-02-16,05:35,A,66,5.0       ,294.3,23.3
27.413,114.846,312.2,1,1,2017-02-16,05:35,A,53,5.0       ,296.3,10.3
27.354,114.273,312.5,1,1,2017-02-16,05:35,A,54,5.0       ,295.2,13.1
27.353,114.263,344.6,1,1,2017-02-16,05:35,A,92,5.0       ,297.8,62.5
27.499,114.741,361.2,1,1,2017-02-16,05:35,A,100,5.0       ,298.1,99.5
27.498,114.731,333,1,1,2017-02-16,05:35,A,85,5.0       ,296.9,38.8
27.52,114.82,324.3,1,1,2017-02-16,05:35,A,77,5.0       ,296.1,23.8
27.519,114.81,323.1,1,1,2017-02-16,05:35,A,76,5.0       ,296.2,21.8
27.508,114.739,361.8,1,1,2017-02-16,05:35,A,100,5.0       ,296.9,100.8
27.507,114.729,336.5,1,1,2017-02-16,05:35,A,88,5.0       ,296.6,44
26.669,109.76,311.2,1.8,1.3,2017-02-16,05:35,A,47,5.0       ,288.2,28.2
26.666,109.741,316.6,1.8,1.3,2017-02-16,05:35,A,66,5.0       ,290.3,41.7
27.528,114.808,319.9,1,1,2017-02-16,05:35,A,52,5.0       ,296.1,17.8
27.509,114.625,311.3,1,1,2017-02-16,05:35,A,48,5.0       ,294.3,11.3
27.551,114.845,357.4,1,1,2017-02-16,05:35,A,98,5.0       ,298.1,89.1
27.55,114.835,321.2,1,1,2017-02-16,05:35,A,74,5.0       ,294.9,20.9
27.486,114.283,311.6,1,1,2017-02-16,05:35,A,0,5.0       ,284.7,12.5
27.033,110.937,318.9,1.5,1.2,2017-02-16,05:35,A,50,5.0       ,295.5,29.4
27.125,111.424,313.1,1.4,1.2,2017-02-16,05:35,A,57,5.0       ,296.4,17.3
27.039,110.945,317.4,1.5,1.2,2017-02-16,05:35,A,68,5.0       ,295.2,28.5
27.036,110.93,313.6,1.5,1.2,2017-02-16,05:35,A,55,5.0       ,294.3,21.2
27.996,115.243,312.1,1,1,2017-02-16,05:35,A,53,5.0       ,294.3,10.9
27.925,114.692,330.7,1,1,2017-02-16,05:35,A,83,5.0       ,296.1,34.6
27.923,114.682,324.1,1,1,2017-02-16,05:35,A,77,5.0       ,295.5,25.2
27.319,110.458,330,1.6,1.2,2017-02-16,05:35,A,60,5.0       ,288.5,58
27.316,110.444,335.7,1.6,1.2,2017-02-16,05:35,A,0,5.0       ,288,76.8
27.314,110.429,316.9,1.6,1.2,2017-02-16,05:35,A,0,5.0       ,285.5,29.8
27.32,110.452,344.6,1.6,1.2,2017-02-16,05:35,A,87,5.0       ,288.8,107.8
27.579,111.779,318.9,1.3,1.1,2017-02-16,05:35,A,70,5.0       ,297,25.8
28.134,114.733,310.5,1,1,2017-02-16,05:35,A,39,5.0       ,297,9.4
27.024,108.37,313.3,2.2,1.4,2017-02-16,05:35,A,54,5.0       ,291.1,42.9
27.729,111.938,310.3,1.3,1.1,2017-02-16,05:35,A,32,5.0       ,297.8,9.4
27.719,111.642,312,1.3,1.1,2017-02-16,05:35,A,43,5.0       ,297.3,12.3
27.737,111.504,315,1.3,1.1,2017-02-16,05:35,A,63,5.0       ,296.7,19.5
27.747,111.501,327.1,1.3,1.1,2017-02-16,05:35,A,80,5.0       ,295.5,40.8
27.482,109.946,310.4,1.7,1.3,2017-02-16,05:35,A,38,5.0       ,294.3,21.6
27.479,109.929,313.1,1.7,1.3,2017-02-16,05:35,A,57,5.0       ,294.3,27.6
27.801,111.691,334.9,1.3,1.1,2017-02-16,05:35,A,86,5.0       ,298.6,55.8
28.248,114.386,310.7,1,1,2017-02-16,05:35,A,42,5.0       ,293.4,11.6
12.901,106.944,319.1,3.8,1.8,2017-02-16,04:05,T,71,5.0       ,297.2,89.5
14.073,100.09,312.9,1.2,1.1,2017-02-16,04:05,T,56,5.0       ,298.5,10.9
14.071,100.1,319.7,1.2,1.1,2017-02-16,04:05,T,72,5.0       ,298.9,19.8
14.177,99.289,317.9,1.1,1,2017-02-16,04:05,T,68,5.0       ,303.9,10.7
12.893,106.936,316.6,3.8,1.8,2017-02-16,04:05,T,66,5.0       ,296.9,78.1
14.133,99.513,328.5,1.1,1,2017-02-16,04:05,T,81,5.0       ,306.3,22.1
14.132,99.523,321.2,1.1,1,2017-02-16,04:05,T,74,5.0       ,306.6,11.7
13.834,101.336,322.9,1.4,1.2,2017-02-16,04:05,T,76,5.0       ,303.9,23.6
14.222,98.815,312.3,1,1,2017-02-16,04:05,T,41,5.0       ,300.4,8.7
14.22,98.824,311.6,1,1,2017-02-16,04:05,T,33,5.0       ,300.9,7.1
13.795,101.511,324.1,1.4,1.2,2017-02-16,04:05,T,77,5.0       ,303.3,25.3
14.105,99.509,328.5,1.1,1,2017-02-16,04:05,T,81,5.0       ,305.5,23.8
14.104,99.519,320.3,1.1,1,2017-02-16,04:05,T,65,5.0       ,304.8,12
13.774,101.573,321.8,1.4,1.2,2017-02-16,04:05,T,74,5.0       ,303.1,21.9
13.772,101.586,316,1.4,1.2,2017-02-16,04:05,T,65,5.0       ,302.9,11.2
13.488,103.193,318.5,1.9,1.3,2017-02-16,04:05,T,41,5.0       ,302.4,19.3
13.978,100.166,310.9,1.2,1.1,2017-02-16,04:05,T,40,5.0       ,299.6,8
13.495,103.189,320,1.9,1.3,2017-02-16,04:05,T,45,5.0       ,303.6,21.8
13.51,102.951,320.9,1.8,1.3,2017-02-16,04:05,T,59,5.0       ,302.9,17.5
13.436,103.393,318.8,2,1.4,2017-02-16,04:05,T,34,5.0       ,303.7,28.3
13.463,102.609,320.1,1.7,1.3,2017-02-16,04:05,T,69,5.0       ,303.1,18.2
13.415,102.681,322.1,1.7,1.3,2017-02-16,04:05,T,75,5.0       ,304.6,21.2
13.413,102.696,322.1,1.7,1.3,2017-02-16,04:05,T,75,5.0       ,304.7,21.3
13.968,99.203,326.6,1.1,1,2017-02-16,04:05,T,80,5.0       ,305.5,17.7
13.967,99.213,326.3,1.1,1,2017-02-16,04:05,T,79,5.0       ,306.6,17.6
13.81,100.209,318.8,1.2,1.1,2017-02-16,04:05,T,70,5.0       ,300.2,16.2
13.809,100.22,314,1.2,1.1,2017-02-16,04:05,T,60,5.0       ,300.2,10.2
12.788,106.156,319.4,3.3,1.7,2017-02-16,04:05,T,70,5.0       ,300.7,59.2
13.607,101.337,319.1,1.4,1.2,2017-02-16,04:05,T,50,5.0       ,302.1,12.9
13.611,101.332,318.6,1.4,1.2,2017-02-16,04:05,T,30,5.0       ,302.5,11.5
12.791,106.151,321.2,3.3,1.7,2017-02-16,04:05,T,74,5.0       ,301.2,71.8
12.949,105.003,314.3,2.7,1.6,2017-02-16,04:05,T,60,5.0       ,299.7,28.5
14.042,98.17,317.6,1,1,2017-02-16,04:05,T,53,5.0       ,305.2,9.6
12.681,106.07,315.5,3.2,1.7,2017-02-16,04:05,T,57,5.0       ,298.4,37
12.834,105.464,313,2.9,1.6,2017-02-16,04:05,T,44,5.0       ,299.6,38.5
12.695,105.658,315.4,3,1.7,2017-02-16,04:05,T,25,5.0       ,300.3,44.5
12.69,105.685,317.6,3,1.7,2017-02-16,04:05,T,53,5.0       ,300.2,55.8
12.676,105.683,314.9,3,1.7,2017-02-16,04:05,T,24,5.0       ,298.9,35.5
12.695,105.653,314.2,3,1.7,2017-02-16,04:05,T,28,5.0       ,300.2,36
12.69,105.68,320.9,3,1.7,2017-02-16,04:05,T,73,5.0       ,300.4,73.9
12.675,105.677,315.1,3,1.7,2017-02-16,04:05,T,32,5.0       ,299,36.9
12.621,105.81,318.5,3.1,1.7,2017-02-16,04:05,T,66,5.0       ,301.2,60.1
12.933,103.42,318.1,2,1.4,2017-02-16,04:05,T,53,5.0       ,303,23.1
12.747,102.887,323.6,1.8,1.3,2017-02-16,04:05,T,77,5.0       ,302,40.4
12.744,102.904,320.3,1.8,1.3,2017-02-16,04:05,T,72,5.0       ,302.2,29.1
13.177,99.851,318.8,1.1,1.1,2017-02-16,04:05,T,70,5.0       ,303.8,11.2
12.208,104.944,324.4,2.7,1.6,2017-02-16,04:05,T,73,5.0       ,300.6,78.5
12.53,102.744,312.6,1.8,1.3,2017-02-16,04:05,T,53,5.0       ,296.4,23.6
12.527,102.761,314.3,1.8,1.3,2017-02-16,04:05,T,61,5.0       ,297.2,27.1
12.819,99.909,316.4,1.2,1.1,2017-02-16,04:05,T,66,5.0       ,301.9,12.5
12.738,99.771,315,1.2,1.1,2017-02-16,04:05,T,63,5.0       ,302.2,9
12.845,98.769,311.2,1,1,2017-02-16,04:05,T,47,5.0       ,299.3,7.7
12.209,102.721,313.2,1.8,1.3,2017-02-16,04:05,T,29,5.0       ,301.3,18.9
11.677,103.918,313.9,2.3,1.5,2017-02-16,04:05,T,58,5.0       ,300.2,24.8
11.609,104.08,317.5,2.4,1.5,2017-02-16,04:05,T,63,5.0       ,299.4,46.9
11.615,103.885,316.7,2.3,1.5,2017-02-16,04:05,T,37,5.0       ,301.8,36.9
11.618,103.879,318.9,2.3,1.5,2017-02-16,04:05,T,57,5.0       ,301.2,48.5
11.792,99.484,310.6,1.1,1.1,2017-02-16,04:05,T,38,5.0       ,299.6,10
10.687,103.924,313.9,2.4,1.5,2017-02-16,04:05,T,41,5.0       ,297.5,37
10.692,103.919,312.8,2.4,1.5,2017-02-16,04:05,T,22,5.0       ,297.8,31.1
11.053,99.49,313.6,1.2,1.1,2017-02-16,04:05,T,51,5.0       ,301.5,12.1
11.13,98.83,317.4,1.1,1,2017-02-16,04:05,T,49,5.0       ,304.5,15.4
5.409,100.56,320.6,1.6,1.3,2017-02-16,04:05,T,50,5.0       ,300.9,20.2
4.82,101.089,315.5,1.9,1.3,2017-02-16,04:05,T,46,5.0       ,298.6,22.8
4.403,95.926,321.4,1,1,2017-02-16,04:10,T,58,5.0       ,298.8,13.7
3.042,98.084,317.4,1.2,1.1,2017-02-16,04:10,T,28,5.0       ,300.7,14.4
30.624,102.619,317.2,1,1,2017-02-16,04:00,T,66,5.0       ,292,21.5
28.784,101.725,310.7,1,1,2017-02-16,04:00,T,36,5.0       ,288.6,17
26.965,110.238,312.4,3.2,1.7,2017-02-16,04:00,T,0,5.0       ,283.1,76.9
27.73,102.208,317,1,1,2017-02-16,04:00,T,67,5.0       ,294,16.7
27.729,102.219,313.6,1,1,2017-02-16,04:00,T,46,5.0       ,294.8,13.3
26.578,101.66,318,1,1,2017-02-16,04:00,T,47,5.0       ,297.3,17.9
26.576,101.67,332.4,1,1,2017-02-16,04:00,T,85,5.0       ,299.2,37.3
26.566,101.678,315.7,1,1,2017-02-16,04:00,T,44,5.0       ,301.1,14.8
26.226,102.248,313.3,1.1,1,2017-02-16,04:00,T,28,5.0       ,299.5,9.4
26.042,100.507,322.6,1,1,2017-02-16,04:00,T,65,5.0       ,297.9,21.6
26.705,94.987,336.5,1.7,1.3,2017-02-16,04:00,T,88,5.0       ,297.7,96.9
26.703,95.006,323.1,1.7,1.3,2017-02-16,04:00,T,76,5.0       ,297.4,50.6
26.694,94.984,325.6,1.7,1.3,2017-02-16,04:00,T,79,5.0       ,296.8,59.3
26.691,95.003,321.7,1.7,1.3,2017-02-16,04:00,T,74,5.0       ,296.1,46.8
25.997,100.432,336.7,1,1,2017-02-16,04:00,T,88,5.0       ,301.4,40.8
25.904,98.684,312.2,1.1,1,2017-02-16,04:00,T,39,5.0       ,299.4,16.9
25.894,98.616,314,1.1,1,2017-02-16,04:00,T,60,5.0       ,293.1,19
26.282,94.691,312.3,1.8,1.3,2017-02-16,04:00,T,40,5.0       ,294.5,26.1
26.27,94.691,353.4,1.8,1.3,2017-02-16,04:00,T,97,5.0       ,299.9,183.4
26.136,94.76,346.3,1.8,1.3,2017-02-16,04:00,T,93,5.0       ,295.5,148
25.451,93.989,314.9,2,1.4,2017-02-16,04:00,T,60,5.0       ,295.9,40.4
25.448,93.98,310.3,2,1.4,2017-02-16,04:00,T,36,5.0       ,295.5,29.2
24.228,97.816,311.8,1.1,1.1,2017-02-16,04:00,T,51,5.0       ,296.1,10.9
24.226,97.827,310.2,1.1,1.1,2017-02-16,04:00,T,33,5.0       ,295.7,9
24.06,98.051,317.8,1.1,1,2017-02-16,04:00,T,68,5.0       ,298.2,19.9
23.633,99.518,324.2,1,1,2017-02-16,04:00,T,77,5.0       ,297.6,25.8
3.939,114.274,313.3,2.3,1.5,2017-02-16,05:30,A,54,5.0       ,294.1,30.6
4.756,115.252,311.8,1.8,1.3,2017-02-16,05:30,A,38,5.0       ,287.2,23.9
19.927,109.814,312.4,2.5,1.5,2017-02-16,05:30,A,51,5.0       ,293.8,41.7
-2.124,120.676,317,1.1,1,2017-02-16,05:25,A,51,5.0       ,296.6,12.6
-2.125,120.667,313.2,1.1,1,2017-02-16,05:25,A,28,5.0       ,295,9.9
-1.795,120.716,314,1,1,2017-02-16,05:25,A,47,5.0       ,290.1,12
-1.396,120.749,317.6,1,1,2017-02-16,05:25,A,0,5.0       ,299.2,11.1
-1.23,121.585,334.2,1,1,2017-02-16,05:25,A,81,5.0       ,294.4,30.8
-1.232,121.567,321.5,1,1,2017-02-16,05:25,A,44,5.0       ,292.7,14.5
0.062,117.42,312.7,1.5,1.2,2017-02-16,05:25,A,51,5.0       ,292.1,14.6
0.292,116.574,311.6,1.7,1.3,2017-02-16,05:25,A,42,5.0       ,293.4,18.6
18.219,95.132,334.8,1.1,1.1,2017-02-16,07:10,A,86,5.0       ,307.1,34.2
18.652,98.256,316.7,1.8,1.3,2017-02-16,07:10,A,46,5.0       ,294,34.6
18.345,95.033,324.3,1.1,1.1,2017-02-16,07:10,A,58,5.0       ,307.7,15.5
18.288,94.414,318.4,1.1,1,2017-02-16,07:10,A,69,5.0       ,303.1,11.3
18.679,97.247,312.5,1.5,1.2,2017-02-16,07:10,A,28,5.0       ,295.5,13.3
18.843,95.546,322.4,1.2,1.1,2017-02-16,07:10,A,67,5.0       ,308.1,9.3
18.769,94.982,324,1.1,1.1,2017-02-16,07:10,A,77,5.0       ,309,11.4
18.768,94.972,337.5,1.1,1.1,2017-02-16,07:10,A,88,5.0       ,309.9,35.2
18.792,94.936,322,1.1,1.1,2017-02-16,07:10,A,51,5.0       ,307.4,8.7
18.88,94.917,322.5,1.1,1.1,2017-02-16,07:10,A,24,5.0       ,306.4,12
18.89,94.941,324.3,1.1,1.1,2017-02-16,07:10,A,77,5.0       ,309.2,14.6
18.888,94.931,322.6,1.1,1.1,2017-02-16,07:10,A,75,5.0       ,307.6,12.7
18.956,95.007,325.5,1.1,1.1,2017-02-16,07:10,A,45,5.0       ,307.1,12.9
18.954,94.996,325.4,1.1,1.1,2017-02-16,07:10,A,41,5.0       ,306.6,13.7
15.377,121.213,310.2,1.1,1,2017-02-16,02:25,T,30,5.0       ,296.1,9.7
15.379,120.405,315.6,1.1,1.1,2017-02-16,02:25,T,64,5.0       ,292.7,16
15.317,120.464,312,1.1,1.1,2017-02-16,02:25,T,28,5.0       ,295.6,6.4
15.352,120.069,322.2,1.2,1.1,2017-02-16,02:25,T,75,5.0       ,290.2,24.7
15.306,120.41,314.9,1.1,1.1,2017-02-16,02:25,T,42,5.0       ,295.7,10.6
15.204,120.271,310.1,1.2,1.1,2017-02-16,02:25,T,22,5.0       ,293.7,6.4
15.143,120.642,322.5,1.1,1,2017-02-16,02:25,T,42,5.0       ,303.8,13.4
21.874,111.604,334,1.7,1.3,2017-02-16,05:35,A,86,5.0       ,295,79.4
21.872,111.599,333.3,1.7,1.3,2017-02-16,05:35,A,85,5.0       ,294.3,78.5
22.774,115.463,320.6,1,1,2017-02-16,05:35,A,55,5.0       ,300.7,17.5
23.039,114.842,313.7,1.1,1,2017-02-16,05:35,A,59,5.0       ,298.9,11.2
23.395,116.109,315.9,1,1,2017-02-16,05:35,A,65,5.0       ,299.8,10.4
23.393,116.099,318.7,1,1,2017-02-16,05:35,A,70,5.0       ,298.6,13.5
23.448,116.153,321.1,1,1,2017-02-16,05:35,A,74,5.0       ,301.4,15.4
23.218,114.63,312.2,1.1,1,2017-02-16,05:35,A,43,5.0       ,300.6,8.2
23.503,115.102,313.1,1,1,2017-02-16,05:35,A,57,5.0       ,299.5,10.6
23.826,114.148,311.2,1.1,1.1,2017-02-16,05:35,A,47,5.0       ,296,13.4
23.88,113.636,312.9,1.2,1.1,2017-02-16,05:35,A,56,5.0       ,298.1,15
23.961,114.077,310.4,1.1,1.1,2017-02-16,05:35,A,37,5.0       ,294.5,11.8
23.994,113.857,327,1.1,1.1,2017-02-16,05:35,A,80,5.0       ,295.9,34.5
23.992,113.845,310.7,1.1,1.1,2017-02-16,05:35,A,42,5.0       ,296,10.9
24.24,114.845,336.6,1,1,2017-02-16,05:35,A,88,5.0       ,298.1,42.8
24.238,114.835,323.6,1,1,2017-02-16,05:35,A,77,5.0       ,299.3,22.2
24.244,114.64,312.4,1.1,1,2017-02-16,05:35,A,54,5.0       ,300.5,12.1
24.155,114.073,334,1.1,1.1,2017-02-16,05:35,A,86,5.0       ,295.7,47.2
24.121,113.865,322,1.1,1.1,2017-02-16,05:35,A,75,5.0       ,295.9,27.6
24.12,113.854,310.2,1.1,1.1,2017-02-16,05:35,A,34,5.0       ,295.8,11.7
24.424,114.731,315.5,1,1,2017-02-16,05:35,A,64,5.0       ,296.8,17.1
24.945,118.006,311.5,1.1,1,2017-02-16,05:35,A,49,5.0       ,295.6,13
24.723,114.688,311.4,1,1,2017-02-16,05:35,A,48,5.0       ,295.1,12.2
24.708,114.287,311.5,1.1,1,2017-02-16,05:35,A,49,5.0       ,295.9,14.2
24.686,113.989,326.6,1.1,1,2017-02-16,05:35,A,80,5.0       ,294.5,34.3
24.698,113.636,314.2,1.1,1.1,2017-02-16,05:35,A,58,5.0       ,299,13
24.52,112.549,314.1,1.3,1.1,2017-02-16,05:35,A,60,5.0       ,294.3,20.2
24.894,113.498,316.3,1.2,1.1,2017-02-16,05:35,A,66,5.0       ,295.6,18.2
24.926,113.515,313,1.2,1.1,2017-02-16,05:35,A,57,5.0       ,295.3,13.4
24.93,113.156,317.5,1.2,1.1,2017-02-16,05:35,A,63,5.0       ,293.9,21.8
25.126,114.069,310.5,1.1,1,2017-02-16,05:35,A,39,5.0       ,293.9,15
25.124,114.059,313.6,1.1,1,2017-02-16,05:35,A,59,5.0       ,292,18.7
25.451,115.295,315.3,1,1,2017-02-16,05:35,A,63,5.0       ,294.2,16.9
25.198,112.726,347.1,1.2,1.1,2017-02-16,05:35,A,94,5.0       ,294.4,87.5
25.196,112.714,349.9,1.3,1.1,2017-02-16,05:35,A,95,5.0       ,295.9,96.2
25.615,114.976,326.1,1,1,2017-02-16,05:35,A,79,5.0       ,296.4,26.5
25.614,114.966,380.1,1,1,2017-02-16,05:35,A,100,5.0       ,301,164.1
25.612,114.956,326.6,1,1,2017-02-16,05:35,A,80,5.0       ,297.2,27.3
25.623,114.964,311.5,1,1,2017-02-16,05:35,A,49,5.0       ,295.5,9.7
25.576,114.114,313.1,1.1,1,2017-02-16,05:35,A,57,5.0       ,291.6,15.7
25.673,114.389,341.8,1.1,1,2017-02-16,05:35,A,91,5.0       ,296.3,58
25.671,114.379,312.4,1.1,1,2017-02-16,05:35,A,54,5.0       ,293.8,13.4
25.672,114.143,334.1,1.1,1,2017-02-16,05:35,A,86,5.0       ,294.7,45.7
25.671,114.132,319,1.1,1,2017-02-16,05:35,A,70,5.0       ,294.3,22.5
25.939,115.799,325.6,1,1,2017-02-16,05:35,A,79,5.0       ,296.4,26.2
25.937,115.79,320.3,1,1,2017-02-16,05:35,A,72,5.0       ,296.3,19.3
25.948,115.798,312.8,1,1,2017-02-16,05:35,A,55,5.0       ,296,11.4
25.946,115.788,312.6,1,1,2017-02-16,05:35,A,55,5.0       ,295.6,11.1
25.543,113.001,314.4,1.2,1.1,2017-02-16,05:35,A,61,5.0       ,293.8,18.4
25.541,112.99,312.4,1.2,1.1,2017-02-16,05:35,A,54,5.0       ,293.2,15.9
25.757,114.152,312.2,1.1,1,2017-02-16,05:35,A,53,5.0       ,294.1,13.5
25.557,112.417,321.9,1.3,1.1,2017-02-16,05:35,A,75,5.0       ,295.3,29.9
25.919,114.297,331.1,1.1,1,2017-02-16,05:35,A,84,5.0       ,294.1,36
25.917,114.287,322.2,1.1,1,2017-02-16,05:35,A,64,5.0       ,295.1,22.7
25.926,114.29,318.9,1.1,1,2017-02-16,05:35,A,66,5.0       ,294.4,19.7
26.233,116.052,333.8,1,1,2017-02-16,05:35,A,70,5.0       ,296.3,35.7
26.232,116.043,360,1,1,2017-02-16,05:35,A,99,5.0       ,298.8,92.2
26.231,116.033,317.9,1,1,2017-02-16,05:35,A,69,5.0       ,294,15.7
26.242,116.051,358.3,1,1,2017-02-16,05:35,A,99,5.0       ,297.2,87
26.241,116.041,355.3,1,1,2017-02-16,05:35,A,98,5.0       ,298.8,80.1
25.893,112.335,322.7,1.3,1.1,2017-02-16,05:35,A,66,5.0       ,293.8,29.6
26.743,117.942,334.5,1.1,1.1,2017-02-16,05:35,A,86,5.0       ,295,48.5
26.228,114.151,321.8,1.1,1,2017-02-16,05:35,A,74,5.0       ,288.3,23.6
25.92,112.133,314.4,1.3,1.1,2017-02-16,05:35,A,43,5.0       ,292.5,20
26.213,113.71,313.8,1.1,1,2017-02-16,05:35,A,59,5.0       ,292.7,18.2
26.868,118.123,312.8,1.1,1.1,2017-02-16,05:35,A,56,5.0       ,292.7,16.7
26.867,118.111,338.4,1.1,1.1,2017-02-16,05:35,A,89,5.0       ,294.7,59.5
26.103,112.36,326.1,1.3,1.1,2017-02-16,05:35,A,79,5.0       ,289,42.3
26.532,114.939,313.7,1,1,2017-02-16,05:35,A,59,5.0       ,294.2,14.3
26.227,112.867,328.1,1.2,1.1,2017-02-16,05:35,A,81,5.0       ,295.6,37.8
26.041,111.756,331.5,1.4,1.2,2017-02-16,05:35,A,84,5.0       ,289.4,61.8
26.092,111.693,310.7,1.4,1.2,2017-02-16,05:35,A,43,5.0       ,292.8,18
26.358,113.037,323.2,1.2,1.1,2017-02-16,05:35,A,76,5.0       ,295.1,29.3
26.367,113.034,312.6,1.2,1.1,2017-02-16,05:35,A,33,5.0       ,294.6,13.4
26.967,116.842,318.5,1,1,2017-02-16,05:35,A,70,5.0       ,293.7,19.8
26.966,116.832,334,1,1,2017-02-16,05:35,A,86,5.0       ,295.4,42
26.377,112.714,311.2,1.2,1.1,2017-02-16,05:35,A,47,5.0       ,295.1,10.7
26.375,112.702,326.1,1.2,1.1,2017-02-16,05:35,A,79,5.0       ,296.2,33.8
26.799,115.38,317.1,1,1,2017-02-16,05:35,A,67,5.0       ,293.7,17.3
26.769,114.669,311.6,1,1,2017-02-16,05:35,A,50,5.0       ,296.8,10.9
26.778,114.667,336.2,1,1,2017-02-16,05:35,A,87,5.0       ,296.8,43.9
26.776,114.657,311,1,1,2017-02-16,05:35,A,45,5.0       ,293.4,10
26.487,112.505,316.7,1.2,1.1,2017-02-16,05:35,A,42,5.0       ,293.4,19.2
27.147,116.747,316.1,1,1,2017-02-16,05:35,A,65,5.0       ,294.2,15.9
26.708,113.434,343,1.1,1,2017-02-16,05:35,A,92,5.0       ,296.6,64.5
27.08,114.533,321.3,1,1,2017-02-16,05:35,A,48,5.0       ,293.3,21.8
26.76,112.109,310.9,1.3,1.1,2017-02-16,05:35,A,44,5.0       ,295.8,12.1
27.072,113.994,344.7,1.1,1,2017-02-16,05:35,A,92,5.0       ,298.3,63.1
27.071,113.983,322.5,1.1,1,2017-02-16,05:35,A,75,5.0       ,296.3,24.3
27.08,113.997,333.5,1.1,1,2017-02-16,05:35,A,85,5.0       ,294.4,41.8
27.079,113.987,361,1.1,1,2017-02-16,05:35,A,100,5.0       ,299.5,105.1
27.13,114.254,315.4,1,1,2017-02-16,05:35,A,61,5.0       ,296.8,14
27.828,118.996,312,1.3,1.1,2017-02-16,05:35,A,31,5.0       ,287.3,18.3
27.416,115.701,311.4,1,1,2017-02-16,05:35,A,31,5.0       ,293.3,11.1
27.196,114.141,331.6,1,1,2017-02-16,05:35,A,84,5.0       ,294.8,38.4
27.194,114.13,323.5,1,1,2017-02-16,05:35,A,76,5.0       ,294.5,25.9
29.311,112.85,332.4,1.1,1,2017-02-16,05:35,A,58,5.0       ,299.2,33.2
29.655,115.054,326.1,1,1,2017-02-16,05:35,A,76,5.0       ,295.7,24.8
29.654,115.044,328.2,1,1,2017-02-16,05:35,A,81,5.0       ,296.3,27.8
29.322,112.859,348.3,1.1,1,2017-02-16,05:35,A,94,5.0       ,298.8,67.5
29.32,112.848,322.8,1.1,1,2017-02-16,05:35,A,32,5.0       ,298,19.3
29.691,115.247,310.9,1,1,2017-02-16,05:35,A,44,5.0       ,296.4,9.3
29.344,112.877,328,1.1,1,2017-02-16,05:35,A,32,5.0       ,297.6,26
29.355,112.886,333.7,1.1,1,2017-02-16,05:35,A,86,5.0       ,296.6,39.2
29.353,112.875,406.6,1.1,1,2017-02-16,05:35,A,100,5.0       ,305.2,331.5
29.352,112.864,395.9,1.1,1,2017-02-16,05:35,A,100,5.0       ,305.6,261
29.389,112.856,323.6,1.1,1,2017-02-16,05:35,A,61,5.0       ,297.9,25.7
29.387,112.845,388.6,1.1,1,2017-02-16,05:35,A,100,5.0       ,304.3,225.2
29.385,112.834,316.8,1.1,1,2017-02-16,05:35,A,47,5.0       ,295.7,17.5
29.394,112.848,342.7,1.1,1,2017-02-16,05:35,A,86,5.0       ,298.5,62.1
29.393,112.837,334.1,1.1,1,2017-02-16,05:35,A,86,5.0       ,298,44.8
29.43,112.829,312.5,1.1,1,2017-02-16,05:35,A,44,5.0       ,296.2,12.3
29.428,112.818,315.1,1.1,1,2017-02-16,05:35,A,61,5.0       ,295.4,15
29.439,112.827,370.4,1.1,1,2017-02-16,05:35,A,100,5.0       ,300.2,141.4
29.437,112.816,342.7,1.1,1,2017-02-16,05:35,A,91,5.0       ,299.2,59.7
29.435,112.805,372.9,1.1,1,2017-02-16,05:35,A,100,5.0       ,301.5,151.1
29.446,112.814,317.4,1.1,1,2017-02-16,05:35,A,49,5.0       ,297.2,17.3
29.445,112.803,357.9,1.1,1,2017-02-16,05:35,A,99,5.0       ,298.7,99.9
29.771,112.933,311.9,1.1,1,2017-02-16,05:35,A,45,5.0       ,294.4,12.6
30.158,114.896,311.9,1,1,2017-02-16,05:35,A,52,5.0       ,295.7,9.2
30.453,113.642,310,1,1,2017-02-16,05:35,A,22,5.0       ,293.9,10.1
30.585,112.42,310.4,1.1,1,2017-02-16,05:35,A,37,5.0       ,295.3,11.5
3.721,97.633,322.4,1.1,1,2017-02-16,07:05,A,56,5.0       ,299.8,17.9
4.395,95.915,338.6,1,1,2017-02-16,07:05,A,89,5.0       ,300.4,37.3
4.405,95.917,331,1,1,2017-02-16,07:05,A,74,5.0       ,301.9,23.7
4.402,95.899,325.5,1,1,2017-02-16,07:05,A,35,5.0       ,302.8,12.3
26.001,94.585,310.3,1.3,1.1,2017-02-16,07:15,A,35,5.0       ,295.3,14.8
25.661,91.858,325.6,1,1,2017-02-16,07:15,A,79,5.0       ,300.3,25.5
26.06,94.653,318.4,1.3,1.1,2017-02-16,07:15,A,69,5.0       ,294.8,26.8
26.058,94.639,320,1.3,1.1,2017-02-16,07:15,A,72,5.0       ,294,28.7
26.046,94.54,317.8,1.3,1.1,2017-02-16,07:15,A,68,5.0       ,294.3,24.1
28.247,114.376,310.5,1,1,2017-02-16,05:35,A,39,5.0       ,292.9,11.5
27.399,109.458,313.1,1.8,1.3,2017-02-16,05:35,A,52,5.0       ,288.2,25.6
27.829,111.68,313.1,1.3,1.1,2017-02-16,05:35,A,57,5.0       ,297,15.5
27.875,111.711,320.7,1.3,1.1,2017-02-16,05:35,A,73,5.0       ,297.3,29.7
27.722,110.702,311.2,1.5,1.2,2017-02-16,05:35,A,47,5.0       ,294.5,19.5
27.914,111.755,333,1.3,1.1,2017-02-16,05:35,A,85,5.0       ,297.1,50.2
28.25,113.793,316.9,1,1,2017-02-16,05:35,A,67,5.0       ,293.2,18.5
27.915,111.762,318.6,1.3,1.1,2017-02-16,05:35,A,70,5.0       ,296.8,24.2
27.913,111.749,322.3,1.3,1.1,2017-02-16,05:35,A,75,5.0       ,296.3,30.5
27.725,110.694,315.4,1.5,1.2,2017-02-16,05:35,A,61,5.0       ,295.9,25.8
27.626,110.038,324.5,1.6,1.3,2017-02-16,05:35,A,78,5.0       ,295.5,53.4
27.664,110.113,312,1.6,1.3,2017-02-16,05:35,A,52,5.0       ,295.1,22.8
28.508,114.897,310.9,1,1,2017-02-16,05:35,A,44,5.0       ,294.4,10.5
27.653,109.496,326.2,1.8,1.3,2017-02-16,05:35,A,79,5.0       ,294.8,66.8
28.832,116.349,319.4,1,1,2017-02-16,05:35,A,71,5.0       ,292.5,21.9
28.83,116.339,318.2,1,1,2017-02-16,05:35,A,69,5.0       ,292.7,20.1
28.482,113.918,314.1,1,1,2017-02-16,05:35,A,48,5.0       ,293.7,16.2
28.222,112.294,328.5,1.2,1.1,2017-02-16,05:35,A,81,5.0       ,297.3,38.3
28.92,116.125,325.1,1,1,2017-02-16,05:35,A,78,5.0       ,294.2,27
28.909,116.042,327.7,1,1,2017-02-16,05:35,A,81,5.0       ,295.1,30.5
28.934,116.091,314.8,1,1,2017-02-16,05:35,A,62,5.0       ,292.2,14.9
28.928,115.381,327.6,1,1,2017-02-16,05:35,A,81,5.0       ,296,31.7
28.937,115.379,325,1,1,2017-02-16,05:35,A,78,5.0       ,294.1,28.2
28.8,113.826,312.3,1,1,2017-02-16,05:35,A,53,5.0       ,292.9,14.2
29.31,117.358,315.3,1.1,1.1,2017-02-16,05:35,A,63,5.0       ,292.8,20.7
28.397,110.636,311.1,1.5,1.2,2017-02-16,05:35,A,46,5.0       ,293.4,21.7
29.095,114.491,313.1,1,1,2017-02-16,05:35,A,57,5.0       ,295.8,12
29.16,114.625,349.3,1,1,2017-02-16,05:35,A,95,5.0       ,297.6,67.1
29.159,114.615,349.8,1,1,2017-02-16,05:35,A,95,5.0       ,298.4,68.2
29.169,114.623,312.1,1,1,2017-02-16,05:35,A,53,5.0       ,295.1,11
29.168,114.613,314.2,1,1,2017-02-16,05:35,A,60,5.0       ,295.4,13.1
28.906,112.781,313.6,1.1,1.1,2017-02-16,05:35,A,59,5.0       ,296.7,14.9
28.904,112.77,322,1.1,1.1,2017-02-16,05:35,A,75,5.0       ,296.5,26.1
28.895,112.713,313.3,1.1,1.1,2017-02-16,05:35,A,58,5.0       ,294.7,14
28.947,112.26,314.7,1.2,1.1,2017-02-16,05:35,A,0,5.0       ,295,17.3
29.282,113.955,310.2,1,1,2017-02-16,05:35,A,31,5.0       ,295.8,9.5
29.014,112.245,314.3,1.2,1.1,2017-02-16,05:35,A,59,5.0       ,295.5,16.1
29.012,112.234,314.5,1.2,1.1,2017-02-16,05:35,A,59,5.0       ,295.9,16.3
29.254,113.535,311.4,1,1,2017-02-16,05:35,A,48,5.0       ,295,12.4
29.252,113.524,315.8,1,1,2017-02-16,05:35,A,64,5.0       ,295,17.8
29.776,116.824,312.3,1.1,1,2017-02-16,05:35,A,54,5.0       ,291.8,14.8
29.783,116.816,315.8,1.1,1,2017-02-16,05:35,A,64,5.0       ,292.1,19.9
29.107,112.225,312,1.2,1.1,2017-02-16,05:35,A,49,5.0       ,295.1,14.6
29.367,113.482,310.3,1,1,2017-02-16,05:35,A,36,5.0       ,296.1,9.6
29.365,113.472,314.9,1,1,2017-02-16,05:35,A,62,5.0       ,296.8,14.7
29.514,114.21,337.5,1,1,2017-02-16,05:35,A,88,5.0       ,297.5,46.1
29.512,114.2,330.7,1,1,2017-02-16,05:35,A,83,5.0       ,297.8,35.3
29.646,115.056,323.2,1,1,2017-02-16,05:35,A,76,5.0       ,296.5,22.8
29.645,115.046,320.1,1,1,2017-02-16,05:35,A,72,5.0       ,295.8,19
14.091,104.04,334.7,2.1,1.4,2017-02-16,04:05,T,86,5.0       ,304.3,85.4
13.656,106.35,322,3.3,1.7,2017-02-16,04:05,T,75,5.0       ,300.4,80.6
14.893,99.067,314.9,1,1,2017-02-16,04:05,T,62,5.0       ,301.4,9.7
14.038,104.191,321.1,2.2,1.4,2017-02-16,04:05,T,28,5.0       ,304.2,44.8
14.091,104.034,331.4,2.1,1.4,2017-02-16,04:05,T,84,5.0       ,303.9,68.7
14.087,104.053,320.2,2.1,1.4,2017-02-16,04:05,T,50,5.0       ,303.8,25.2
13.614,106.683,318.3,3.5,1.8,2017-02-16,04:05,T,55,5.0       ,302,50.6
14.039,104.186,320.2,2.2,1.4,2017-02-16,04:05,T,49,5.0       ,303,46.7
13.659,106.346,321.1,3.3,1.7,2017-02-16,04:05,T,73,5.0       ,300.1,75.6
13.348,107.853,318.4,4.3,1.9,2017-02-16,04:05,T,68,5.0       ,297.8,99.4
13.341,107.892,316,4.3,1.9,2017-02-16,04:05,T,61,5.0       ,297,86.1
14.045,103.85,319.5,2.1,1.4,2017-02-16,04:05,T,48,5.0       ,303.1,20.3
14.053,103.662,324.2,2,1.4,2017-02-16,04:05,T,77,5.0       ,305.1,32.7
13.574,106.299,320.5,3.2,1.7,2017-02-16,04:05,T,26,5.0       ,302.6,64.5
14.863,98.662,317,1,1,2017-02-16,04:05,T,67,5.0       ,303,11.2
14.49,101.019,319.5,1.3,1.1,2017-02-16,04:05,T,71,5.0       ,303.4,12.5
13.559,106.297,320,3.2,1.7,2017-02-16,04:05,T,37,5.0       ,301.9,58.8
13.602,106.328,315.3,3.3,1.7,2017-02-16,04:05,T,28,5.0       ,298,35.6
14.668,99.821,320.5,1.1,1,2017-02-16,04:05,T,73,5.0       ,304.1,11
14.05,103.655,322.2,2,1.4,2017-02-16,04:05,T,75,5.0       ,305.2,25.2
13.562,106.29,325.4,3.2,1.7,2017-02-16,04:05,T,79,5.0       ,301.5,100.6
13.49,106.684,313.7,3.5,1.8,2017-02-16,04:05,T,17,5.0       ,298.5,37.9
14.773,98.89,311.3,1,1,2017-02-16,04:05,T,37,5.0       ,299.9,8.1
13.515,106.373,327.2,3.3,1.7,2017-02-16,04:05,T,80,5.0       ,300.3,122.8
13.853,104.417,319.9,2.3,1.5,2017-02-16,04:05,T,54,5.0       ,302.4,29.4
13.837,104.436,327,2.3,1.5,2017-02-16,04:05,T,80,5.0       ,304.3,60.2
13.816,104.475,326.3,2.3,1.5,2017-02-16,04:05,T,79,5.0       ,303.2,59.5
13.839,104.431,327.7,2.3,1.5,2017-02-16,04:05,T,73,5.0       ,303.7,61
13.819,104.47,323.2,2.3,1.5,2017-02-16,04:05,T,76,5.0       ,303.3,45.3
13.473,106.359,318.3,3.3,1.7,2017-02-16,04:05,T,53,5.0       ,299.4,64.4
14.706,98.787,321.9,1,1,2017-02-16,04:05,T,75,5.0       ,299.1,19.5
14.585,99.576,320.6,1.1,1,2017-02-16,04:05,T,72,5.0       ,303.6,12.6
14.42,100.565,317.8,1.2,1.1,2017-02-16,04:05,T,69,5.0       ,301.7,13.1
13.171,107.727,320.9,4.3,1.9,2017-02-16,04:05,T,73,5.0       ,298.7,98.8
13.164,107.765,327.3,4.3,1.9,2017-02-16,04:05,T,80,5.0       ,297.9,176.2
13.916,103.533,331.1,2,1.4,2017-02-16,04:05,T,84,5.0       ,306.1,58.1
14.645,98.941,311.5,1,1,2017-02-16,04:05,T,43,5.0       ,299.3,8.6
13.996,102.923,321.2,1.8,1.3,2017-02-16,04:05,T,70,5.0       ,305,15.9
13.161,107.758,324.6,4.3,1.9,2017-02-16,04:05,T,72,5.0       ,298.1,144.6
14.316,100.829,313.8,1.3,1.1,2017-02-16,04:05,T,47,5.0       ,300.8,10
13.322,106.511,313.3,3.4,1.7,2017-02-16,04:05,T,36,5.0       ,297.9,32.9
13.693,104.354,329.3,2.3,1.5,2017-02-16,04:05,T,82,5.0       ,304.7,68.2
13.047,107.69,311.5,4.3,1.9,2017-02-16,04:05,T,19,5.0       ,293.8,50.1
13.54,104.858,322.6,2.5,1.5,2017-02-16,04:05,T,75,5.0       ,303.9,42.7
14.08,101.333,328.6,1.4,1.2,2017-02-16,04:05,T,82,5.0       ,305.6,28.8
13.091,106.821,317.4,3.6,1.8,2017-02-16,04:05,T,58,5.0       ,298,79.7
14.073,101.325,320.9,1.4,1.2,2017-02-16,04:05,T,73,5.0       ,306.1,13.3
14.071,101.338,322.1,1.4,1.2,2017-02-16,04:05,T,75,5.0       ,305.1,16.5
14.302,99.676,319.3,1.1,1,2017-02-16,04:05,T,71,5.0       ,305.1,8.8
14.048,101.283,333.1,1.3,1.2,2017-02-16,04:05,T,85,5.0       ,304.7,43.1
14.046,101.295,332.7,1.4,1.2,2017-02-16,04:05,T,85,5.0       ,305.6,40.9
13.211,106.109,317.1,3.2,1.7,2017-02-16,04:05,T,60,5.0       ,301.2,55.2
13.206,106.138,314,3.2,1.7,2017-02-16,04:05,T,26,5.0       ,299.6,41
13.083,106.812,328.4,3.6,1.8,2017-02-16,04:05,T,81,5.0       ,299.6,174.6
13.067,106.809,312.7,3.6,1.8,2017-02-16,04:05,T,24,5.0       ,298.3,51.3
13.399,104.897,319,2.5,1.5,2017-02-16,04:05,T,62,5.0       ,301.7,40.5
13.43,104.646,320.6,2.4,1.5,2017-02-16,04:05,T,70,5.0       ,302.3,42.8
13.426,104.669,320.1,2.4,1.5,2017-02-16,04:05,T,70,5.0       ,303.1,39.5
14.011,101.189,322.1,1.3,1.1,2017-02-16,04:05,T,48,5.0       ,300.5,22.7
14.002,101.194,320,1.3,1.1,2017-02-16,04:05,T,72,5.0       ,300.8,19.5
13.974,101.366,315.4,1.4,1.2,2017-02-16,04:05,T,64,5.0       ,299.5,14.9
14.158,100.132,326,1.2,1.1,2017-02-16,04:05,T,79,5.0       ,300.3,27.4
13.418,104.662,322.8,2.4,1.5,2017-02-16,04:05,T,72,5.0       ,302.7,46.3
14.154,100.099,311.7,1.2,1.1,2017-02-16,04:05,T,48,5.0       ,299.9,8.2
14.149,100.13,316.6,1.2,1.1,2017-02-16,04:05,T,66,5.0       ,299.8,12.8
14.147,100.141,314.2,1.2,1.1,2017-02-16,04:05,T,51,5.0       ,298.7,9.7
14.135,100.095,325.4,1.2,1.1,2017-02-16,04:05,T,78,5.0       ,299.9,26.6
14.122,100.115,314.1,1.2,1.1,2017-02-16,04:05,T,40,5.0       ,300.4,10.6
13.331,104.761,313.8,2.5,1.5,2017-02-16,04:05,T,34,5.0       ,299.7,26
26.068,94.639,314.3,1.3,1.1,2017-02-16,07:15,A,27,5.0       ,294.6,18.1
25.769,92.11,315.2,1,1,2017-02-16,07:15,A,63,5.0       ,298.8,12.4
25.768,92.1,310.9,1,1,2017-02-16,07:15,A,44,5.0       ,298.1,7.8
26.132,94.757,354.2,1.3,1.1,2017-02-16,07:15,A,97,5.0       ,307.4,114.2
26.131,94.745,344.3,1.3,1.1,2017-02-16,07:15,A,92,5.0       ,305.3,82.1
25.742,91.716,311.4,1,1,2017-02-16,07:15,A,48,5.0       ,298.7,7.4
26.142,94.755,381.5,1.3,1.1,2017-02-16,07:15,A,100,5.0       ,305.2,245.7
26.141,94.743,345.2,1.3,1.1,2017-02-16,07:15,A,93,5.0       ,305.1,87
26.152,94.753,348.5,1.3,1.1,2017-02-16,07:15,A,94,5.0       ,297.5,101.6
25.695,91.249,310.7,1,1,2017-02-16,07:15,A,42,5.0       ,292.8,12.2
25.956,92.259,316.8,1,1,2017-02-16,07:15,A,67,5.0       ,299.3,14.1
26.296,94.683,313,1.3,1.1,2017-02-16,07:15,A,56,5.0       ,300.4,15.5
26.295,94.672,315.8,1.3,1.1,2017-02-16,07:15,A,65,5.0       ,304.6,19.4
26.326,94.853,310.4,1.3,1.1,2017-02-16,07:15,A,17,5.0       ,297.5,14.7
25.98,92.104,311.9,1,1,2017-02-16,07:15,A,51,5.0       ,297.7,9.2
26.336,94.85,317.1,1.3,1.1,2017-02-16,07:15,A,67,5.0       ,294.1,27.1
26.099,92.026,312.2,1,1,2017-02-16,07:15,A,53,5.0       ,298.2,9.1
26.105,91.875,314.2,1,1,2017-02-16,07:15,A,60,5.0       ,300.4,10.7
26.378,93.834,313.4,1.2,1.1,2017-02-16,07:15,A,54,5.0       ,301.2,11
26.544,94.705,323.9,1.3,1.1,2017-02-16,07:15,A,77,5.0       ,300.6,33.2
26.542,94.69,314.1,1.3,1.1,2017-02-16,07:15,A,60,5.0       ,299.9,15.9
26.219,91.962,313.5,1,1,2017-02-16,07:15,A,57,5.0       ,300.5,8
26.371,92.826,315.4,1.1,1,2017-02-16,07:15,A,64,5.0       ,302.6,8.8
26.63,94.834,336.7,1.3,1.2,2017-02-16,07:15,A,88,5.0       ,303.5,63.6
26.677,94.965,314.2,1.4,1.2,2017-02-16,07:15,A,50,5.0       ,303.3,15.4
26.736,94.787,317.9,1.3,1.1,2017-02-16,07:15,A,69,5.0       ,299.5,22.4
11.013,103.779,320.4,3.6,1.8,2017-02-16,07:10,A,54,5.0       ,299.4,67
11.151,104.029,318.6,3.8,1.8,2017-02-16,07:10,A,55,5.0       ,298.8,86.8
11.592,103.945,322.2,3.8,1.8,2017-02-16,07:10,A,55,5.0       ,299.9,110.4
11.6,103.937,319.8,3.8,1.8,2017-02-16,07:10,A,58,5.0       ,299.5,90.5
11.133,98.827,321.6,1.5,1.2,2017-02-16,07:10,A,43,5.0       ,307,28.9
12.374,103.45,334,3.6,1.8,2017-02-16,07:10,A,86,5.0       ,296.7,233.9
12.916,102.752,347.5,3.2,1.7,2017-02-16,07:10,A,94,5.0       ,305,282.3
12.918,102.774,327.4,3.2,1.7,2017-02-16,07:10,A,80,5.0       ,303.6,90.4
12.915,102.744,341.6,3.2,1.7,2017-02-16,07:10,A,91,5.0       ,304.9,217.9
13.477,104.656,314.6,4.6,2,2017-02-16,07:10,A,52,5.0       ,298.1,54.8
13.478,104.648,314.7,4.6,2,2017-02-16,07:10,A,53,5.0       ,298,58.1
13.601,104.462,319.2,4.5,1.9,2017-02-16,07:10,A,69,5.0       ,299,64.1
13.584,104.301,319.7,4.3,1.9,2017-02-16,07:10,A,70,5.0       ,300.2,82.5
13.83,104.425,319.4,4.5,1.9,2017-02-16,07:10,A,64,5.0       ,297.3,81
13.71,103.408,321.8,3.7,1.8,2017-02-16,07:10,A,67,5.0       ,302,60.4
13.832,104.416,318.1,4.5,1.9,2017-02-16,07:10,A,61,5.0       ,296.8,66.4
13.918,103.592,320.2,3.9,1.8,2017-02-16,07:10,A,57,5.0       ,301.1,56.9
13.934,103.511,323.4,3.8,1.8,2017-02-16,07:10,A,71,5.0       ,304,66.1
14.175,104.794,321.6,4.8,2,2017-02-16,07:10,A,74,5.0       ,301,102.7
14.148,104.534,320.9,4.6,2,2017-02-16,07:10,A,59,5.0       ,302.1,89.9
13.835,101.558,324.2,2.7,1.6,2017-02-16,07:10,A,77,5.0       ,303.8,47.8
14.154,104.569,319.6,4.6,2,2017-02-16,07:10,A,59,5.0       ,302.1,75.3
13.841,101.55,324.1,2.7,1.6,2017-02-16,07:10,A,77,5.0       ,304.2,48.1
14.265,104.776,322.3,4.8,2,2017-02-16,07:10,A,75,5.0       ,302.8,103.5
14.298,103.7,324.4,4,1.9,2017-02-16,07:10,A,69,5.0       ,305.2,86.8
14.116,101.207,329.5,2.5,1.5,2017-02-16,07:10,A,82,5.0       ,302.4,72.8
14.041,99.279,329.5,1.8,1.3,2017-02-16,07:10,A,82,5.0       ,308.3,41.3
14.046,99.273,328.3,1.8,1.3,2017-02-16,07:10,A,73,5.0       ,308.1,37.7
14.135,99.502,324.6,1.9,1.3,2017-02-16,07:10,A,78,5.0       ,307.2,25.3
14.405,100.561,323.2,2.3,1.5,2017-02-16,07:10,A,76,5.0       ,301.9,48.8
14.419,100.559,319.5,2.3,1.5,2017-02-16,07:10,A,51,5.0       ,303,31.5
14.318,98.857,315.2,1.7,1.3,2017-02-16,07:10,A,63,5.0       ,301.1,18.4
14.67,101.448,335.9,2.7,1.6,2017-02-16,07:10,A,87,5.0       ,304.7,129
14.667,101.423,320.8,2.7,1.6,2017-02-16,07:10,A,73,5.0       ,304.3,37
14.673,101.442,340.5,2.7,1.6,2017-02-16,07:10,A,90,5.0       ,305.5,163.5
14.376,98.877,318.7,1.7,1.3,2017-02-16,07:10,A,63,5.0       ,303.5,23.4
14.584,99.74,325.1,2,1.4,2017-02-16,07:10,A,78,5.0       ,307.5,26.3
14.581,99.721,323.5,2,1.4,2017-02-16,07:10,A,76,5.0       ,306.4,19.5
14.637,98.94,315.9,1.7,1.3,2017-02-16,07:10,A,32,5.0       ,300.7,22.9
14.78,98.626,315.6,1.7,1.3,2017-02-16,07:10,A,48,5.0       ,302.5,13.1
14.779,98.619,315.3,1.7,1.3,2017-02-16,07:10,A,53,5.0       ,303.3,15.4
15.488,104.428,321.3,4.7,2,2017-02-16,07:10,A,74,5.0       ,304.7,103.2
15.485,104.424,321.6,4.7,2,2017-02-16,07:10,A,74,5.0       ,304.9,105.6
15.363,98.722,314.1,1.7,1.3,2017-02-16,07:10,A,60,5.0       ,299.7,21.9
15.261,97.802,320.4,1.5,1.2,2017-02-16,07:10,A,70,5.0       ,300.4,20.2
15.703,101.08,329.3,2.6,1.6,2017-02-16,07:10,A,82,5.0       ,306.2,68.8
15.681,100.77,325.3,2.5,1.5,2017-02-16,07:10,A,75,5.0       ,309.2,36.6
15.693,101.075,328.7,2.6,1.6,2017-02-16,07:10,A,82,5.0       ,306.4,63.6
15.381,98.312,315,1.6,1.2,2017-02-16,07:10,A,50,5.0       ,301.9,12.8
15.846,101.509,319.8,2.9,1.6,2017-02-16,07:10,A,46,5.0       ,304.7,32.7
15.795,100.652,329.3,2.4,1.5,2017-02-16,07:10,A,81,5.0       ,310.6,46.9
15.908,99.276,314.1,1.9,1.4,2017-02-16,07:10,A,49,5.0       ,301.7,20.4
16.011,97.68,323.4,1.5,1.2,2017-02-16,07:10,A,49,5.0       ,306.2,20.6
16.022,97.678,323.2,1.5,1.2,2017-02-16,07:10,A,57,5.0       ,304.8,16.6
16.02,97.665,344.4,1.5,1.2,2017-02-16,07:10,A,92,5.0       ,308.2,80.1
16.377,100.5,348.6,2.4,1.5,2017-02-16,07:10,A,94,5.0       ,307.8,181.7
16.375,100.477,333.6,2.4,1.5,2017-02-16,07:10,A,81,5.0       ,308.5,84.9
16.031,97.663,329.1,1.5,1.2,2017-02-16,07:10,A,75,5.0       ,306.9,31.8
16.024,97.672,332.9,1.5,1.2,2017-02-16,07:10,A,85,5.0       ,305.6,40
16.022,97.659,332.6,1.5,1.2,2017-02-16,07:10,A,84,5.0       ,308.5,41.8
16.371,100.495,352.5,2.4,1.5,2017-02-16,07:10,A,96,5.0       ,308.3,217.8
16.351,99.374,331.2,2,1.4,2017-02-16,07:10,A,84,5.0       ,307.3,55.6
16.245,97.901,319.8,1.5,1.2,2017-02-16,07:10,A,72,5.0       ,305.5,15
16.041,95.657,326.1,1.1,1.1,2017-02-16,07:10,A,79,5.0       ,307.2,14.6
16.045,95.65,324,1.1,1.1,2017-02-16,07:10,A,77,5.0       ,307.1,12.9
16.116,95.597,323.2,1.1,1.1,2017-02-16,07:10,A,36,5.0       ,303.1,15.5
16.177,95.808,326,1.2,1.1,2017-02-16,07:10,A,68,5.0       ,306.4,20.5
16.453,97.562,322.3,1.5,1.2,2017-02-16,07:10,A,51,5.0       ,309.3,19.6
16.365,96.164,324.4,1.2,1.1,2017-02-16,07:10,A,74,5.0       ,308.9,9.8
16.62,97.886,324,1.6,1.2,2017-02-16,07:10,A,52,5.0       ,308.8,20.7
16.674,97.69,326.9,1.5,1.2,2017-02-16,07:10,A,80,5.0       ,309.2,25.7
16.502,96.19,328.3,1.2,1.1,2017-02-16,07:10,A,74,5.0       ,310.1,14.6
16.52,96.176,326.5,1.2,1.1,2017-02-16,07:10,A,49,5.0       ,310,11.9
16.519,96.165,328.9,1.2,1.1,2017-02-16,07:10,A,77,5.0       ,309.4,16.1
16.53,96.174,326.2,1.2,1.1,2017-02-16,07:10,A,52,5.0       ,310.1,12.4
16.789,97.961,331.2,1.6,1.2,2017-02-16,07:10,A,84,5.0       ,309.4,39
16.787,97.946,331.9,1.6,1.2,2017-02-16,07:10,A,84,5.0       ,307.7,41.2
16.789,97.955,334,1.6,1.2,2017-02-16,07:10,A,86,5.0       ,309.4,48.9
17.304,101.909,317.8,3.2,1.7,2017-02-16,07:10,A,68,5.0       ,300.8,42
17.227,98.747,315,1.8,1.3,2017-02-16,07:10,A,49,5.0       ,301.9,19
17.295,98.767,318.1,1.9,1.3,2017-02-16,07:10,A,64,5.0       ,301.7,21.9
17.084,96.048,338.9,1.2,1.1,2017-02-16,07:10,A,89,5.0       ,307.4,44.5
17.598,98.499,312.2,1.8,1.3,2017-02-16,07:10,A,40,5.0       ,294,20
18.001,101.192,318.6,2.9,1.6,2017-02-16,07:10,A,58,5.0       ,299.4,58.1
17.426,96.009,323.7,1.2,1.1,2017-02-16,07:10,A,43,5.0       ,302.5,18.1
17.564,96.846,324.7,1.4,1.2,2017-02-16,07:10,A,78,5.0       ,303.8,23.6
17.569,96.84,321,1.4,1.2,2017-02-16,07:10,A,73,5.0       ,304,15.9
18.213,99.288,320.3,2.1,1.4,2017-02-16,07:10,A,72,5.0       ,304.1,36.7
18.215,99.302,317.7,2.1,1.4,2017-02-16,07:10,A,57,5.0       ,303.7,23.7
17.959,96.775,336.4,1.4,1.2,2017-02-16,07:10,A,88,5.0       ,307.5,49.2
18.268,97.922,316.7,1.7,1.3,2017-02-16,07:10,A,45,5.0       ,301.9,17.4
19.384,98.168,323.1,1.8,1.3,2017-02-16,07:10,A,75,5.0       ,299.6,37.7
19.378,98.163,325.5,1.8,1.3,2017-02-16,07:10,A,76,5.0       ,302.2,48.8
19.178,96.441,340.1,1.4,1.2,2017-02-16,07:10,A,90,5.0       ,303,65.7
18.914,94.155,322.7,1,1,2017-02-16,07:10,A,55,5.0       ,307.4,15
19.927,103.136,319.7,4.3,1.9,2017-02-16,07:10,A,72,5.0       ,293.6,170.6
19.333,97.277,316.7,1.5,1.2,2017-02-16,07:10,A,46,5.0       ,298.2,17.9
19.116,95.387,324.6,1.2,1.1,2017-02-16,07:10,A,47,5.0       ,310.5,12.3
19.931,103.127,324.8,4.3,1.9,2017-02-16,07:10,A,78,5.0       ,293.5,213.6
19.233,95.403,322.9,1.2,1.1,2017-02-16,07:10,A,52,5.0       ,308,11.1
19.489,97.333,317.9,1.6,1.2,2017-02-16,07:10,A,55,5.0       ,296.5,23.2
19.338,95.347,323.6,1.2,1.1,2017-02-16,07:10,A,77,5.0       ,308.7,13
19.287,94.955,321.5,1.1,1.1,2017-02-16,07:10,A,74,5.0       ,308.9,9.6
19.327,94.895,319.5,1.1,1.1,2017-02-16,07:10,A,71,5.0       ,306.1,9.8
19.399,94.965,321.8,1.1,1.1,2017-02-16,07:10,A,74,5.0       ,308.2,11.4
20.039,100.348,314.8,2.7,1.6,2017-02-16,07:10,A,38,5.0       ,298.8,39
20.047,100.365,317.5,2.7,1.6,2017-02-16,07:10,A,31,5.0       ,298.4,50.4
19.418,94.698,322.1,1.1,1,2017-02-16,07:10,A,75,5.0       ,308.1,12.1
19.782,97.396,334.1,1.6,1.2,2017-02-16,07:10,A,86,5.0       ,303.6,59.4
19.486,94.635,321.9,1.1,1,2017-02-16,07:10,A,67,5.0       ,307.6,15.1
19.404,93.774,332.7,1,1,2017-02-16,07:10,A,85,5.0       ,308.2,29
19.973,98.169,317,1.8,1.3,2017-02-16,07:10,A,35,5.0       ,296.8,31.8
19.662,95.35,327.1,1.2,1.1,2017-02-16,07:10,A,79,5.0       ,310.7,14.6
19.692,95.328,328.8,1.2,1.1,2017-02-16,07:10,A,82,5.0       ,311.9,16.5
19.885,95.657,330.4,1.2,1.1,2017-02-16,07:10,A,83,5.0       ,306.8,27.1
19.804,94.626,319.7,1.1,1,2017-02-16,07:10,A,71,5.0       ,305.9,9.1
19.831,94.537,320,1.1,1,2017-02-16,07:10,A,65,5.0       ,307.2,9.6
19.84,94.536,319.2,1.1,1,2017-02-16,07:10,A,61,5.0       ,305.6,9.1
19.866,94.697,321,1.1,1.1,2017-02-16,07:10,A,73,5.0       ,306.4,11.2
19.908,94.647,328.4,1.1,1.1,2017-02-16,07:10,A,58,5.0       ,303,22.3
19.916,94.635,329,1.1,1.1,2017-02-16,07:10,A,62,5.0       ,303.9,23.5
19.927,94.507,321,1.1,1,2017-02-16,07:10,A,50,5.0       ,307.5,9.9
19.975,94.599,319,1.1,1,2017-02-16,07:10,A,70,5.0       ,305.7,7.8
20.083,94.513,320.3,1.1,1,2017-02-16,07:10,A,72,5.0       ,305.9,9.2
20.102,94.585,322.6,1.1,1,2017-02-16,07:10,A,75,5.0       ,306.1,10.1
20.266,94.656,329.1,1.1,1.1,2017-02-16,07:10,A,82,5.0       ,308.8,16.8
20.912,97.011,322.8,1.6,1.2,2017-02-16,07:10,A,69,5.0       ,308,25.6
20.487,93.021,320.2,1,1,2017-02-16,07:10,A,54,5.0       ,306.7,9.1
20.555,92.985,325.8,1,1,2017-02-16,07:10,A,75,5.0       ,311.3,15.1
21.023,96.397,315.3,1.4,1.2,2017-02-16,07:10,A,63,5.0       ,302.6,15.2
20.676,92.988,339,1,1,2017-02-16,07:10,A,89,5.0       ,310.2,34.8
20.674,92.979,327.4,1,1,2017-02-16,07:10,A,81,5.0       ,309.4,13.9
20.698,92.955,323.7,1,1,2017-02-16,07:10,A,39,5.0       ,309,10
21.408,97.054,315.8,1.6,1.2,2017-02-16,07:10,A,64,5.0       ,299.5,22
21.273,93.936,310.8,1.1,1,2017-02-16,07:10,A,43,5.0       ,292.3,14
21.905,97.899,324.8,1.9,1.3,2017-02-16,07:10,A,78,5.0       ,301.8,43.7
21.91,97.893,323,1.9,1.3,2017-02-16,07:10,A,76,5.0       ,302.5,39.8
21.762,96.371,320.6,1.5,1.2,2017-02-16,07:10,A,63,5.0       ,302,22.6
21.827,96.741,312,1.5,1.2,2017-02-16,07:10,A,42,5.0       ,300.4,14.1
21.825,96.313,323.4,1.4,1.2,2017-02-16,07:10,A,76,5.0       ,304.5,25.7
22.004,97.274,315.4,1.7,1.3,2017-02-16,07:10,A,35,5.0       ,303.3,18.3
22.057,96.271,322.4,1.4,1.2,2017-02-16,07:10,A,68,5.0       ,304.2,27
22.261,97.772,316.7,1.8,1.3,2017-02-16,07:10,A,57,5.0       ,301.3,28.2
22.327,97.527,320.5,1.8,1.3,2017-02-16,07:10,A,58,5.0       ,303.8,23.6
22.35,97.525,328.3,1.8,1.3,2017-02-16,07:10,A,81,5.0       ,307.7,46.4
21.9,93.268,315.9,1,1,2017-02-16,07:10,A,65,5.0       ,300.1,14.5
22.438,97.613,318.2,1.8,1.3,2017-02-16,07:10,A,38,5.0       ,305.8,17.5
22.436,97.595,319.4,1.8,1.3,2017-02-16,07:10,A,58,5.0       ,305.8,19.5
22.344,96.663,320.2,1.5,1.2,2017-02-16,07:10,A,52,5.0       ,304.9,20.1
22.351,96.632,332.5,1.5,1.2,2017-02-16,07:10,A,85,5.0       ,304.5,46.6
22.349,96.617,318.3,1.5,1.2,2017-02-16,07:10,A,36,5.0       ,305.2,12.4
22.449,97.388,327.7,1.7,1.3,2017-02-16,07:10,A,81,5.0       ,305.8,46.1
22.469,97.06,319.1,1.7,1.3,2017-02-16,07:10,A,30,5.0       ,302.6,22.9
22.42,96.525,326.2,1.5,1.2,2017-02-16,07:10,A,77,5.0       ,304.4,34.5
22.113,94.031,317.1,1.1,1,2017-02-16,07:10,A,67,5.0       ,304.4,8.5
22.111,94.02,323,1.1,1,2017-02-16,07:10,A,76,5.0       ,304.8,16.5
22.107,93.989,315.8,1.1,1,2017-02-16,07:10,A,64,5.0       ,303.7,8.6
22.501,96.449,326.5,1.5,1.2,2017-02-16,07:10,A,80,5.0       ,305.2,35.8
22.204,94.033,321.9,1.1,1,2017-02-16,07:10,A,60,5.0       ,304.7,12.3
22.213,94.031,326.3,1.1,1,2017-02-16,07:10,A,79,5.0       ,306.7,19.9
22.237,93.995,315.7,1.1,1,2017-02-16,07:10,A,50,5.0       ,303.1,7.6
22.256,94.018,324,1.1,1,2017-02-16,07:10,A,47,5.0       ,304.6,16.5
22.771,97.713,318.2,1.9,1.3,2017-02-16,07:10,A,59,5.0       ,303,30.2
22.767,96.876,323.7,1.6,1.3,2017-02-16,07:10,A,77,5.0       ,298.6,46.1
22.336,92.887,331.9,1,1,2017-02-16,07:10,A,84,5.0       ,301.9,34.7
22.331,92.718,318.5,1,1,2017-02-16,07:10,A,70,5.0       ,301,14.9
23,96.116,318.4,1.5,1.2,2017-02-16,07:10,A,59,5.0       ,302.2,22
22.77,93.309,310.4,1,1,2017-02-16,07:10,A,38,5.0       ,297.8,8.7
23.063,95.514,319.3,1.3,1.1,2017-02-16,07:10,A,47,5.0       ,304.8,7.2
22.917,94.016,321.6,1.1,1.1,2017-02-16,07:10,A,56,5.0       ,306.2,12.2
23.284,96.293,313.6,1.5,1.2,2017-02-16,07:10,A,59,5.0       ,302.9,13.8
22.797,91.848,316.7,1,1,2017-02-16,07:10,A,66,5.0       ,303.1,9.5
22.795,91.838,320.8,1,1,2017-02-16,07:10,A,73,5.0       ,304.4,14.2
23.418,96.284,315.9,1.5,1.2,2017-02-16,07:10,A,65,5.0       ,302.4,16.5
23.929,97.96,318.9,2,1.4,2017-02-16,07:10,A,50,5.0       ,305,36.6
23.766,96.333,320.3,1.5,1.2,2017-02-16,07:10,A,72,5.0       ,304.4,20.8
23.447,93.357,316.5,1.1,1,2017-02-16,07:10,A,61,5.0       ,301.7,13.2
23.446,93.347,323.5,1.1,1,2017-02-16,07:10,A,77,5.0       ,302.2,22.8
23.454,93.349,317.7,1.1,1,2017-02-16,07:10,A,58,5.0       ,304.4,13.3
23.765,95.8,321.4,1.4,1.2,2017-02-16,07:10,A,74,5.0       ,306.5,18.8
23.548,93.297,317.2,1.1,1,2017-02-16,07:10,A,67,5.0       ,299.7,16.3
23.606,93.597,315.8,1.1,1,2017-02-16,07:10,A,64,5.0       ,298.9,13.7
23.084,89.586,322.8,1.1,1.1,2017-02-16,07:10,A,68,5.0       ,305.5,21.3
24.016,95.924,311.9,1.5,1.2,2017-02-16,07:10,A,44,5.0       ,301.6,10.8
23.536,91.931,325.8,1,1,2017-02-16,07:10,A,79,5.0       ,301.8,23.2
23.789,93.74,320.6,1.1,1,2017-02-16,07:10,A,73,5.0       ,301,19
23.782,92.981,311.1,1,1,2017-02-16,07:10,A,46,5.0       ,299.2,9.2
24.05,93.05,337.4,1.1,1,2017-02-16,07:10,A,88,5.0       ,296.2,46.3
24.048,93.04,337.4,1.1,1,2017-02-16,07:10,A,88,5.0       ,296.9,46.4
24.056,93.044,311.8,1.1,1,2017-02-16,07:10,A,48,5.0       ,296.7,9.7
23.966,92.373,321.2,1,1,2017-02-16,07:10,A,74,5.0       ,296.5,18.8
23.964,92.363,355,1,1,2017-02-16,07:10,A,97,5.0       ,301.4,80.7
24.067,93.053,310.1,1.1,1,2017-02-16,07:10,A,24,5.0       ,295.5,8.2
23.647,89.889,318.5,1.1,1,2017-02-16,07:10,A,0,5.0       ,305.8,10.2
24.016,91.424,319.8,1,1,2017-02-16,07:10,A,72,5.0       ,303.2,12.7
24.165,92.217,312.3,1,1,2017-02-16,07:10,A,53,5.0       ,300.1,7.9
24.865,96.983,317.3,1.8,1.3,2017-02-16,07:10,A,68,5.0       ,300.6,30.8
24.645,93.673,316.1,1.1,1.1,2017-02-16,07:10,A,38,5.0       ,302.9,12.3
24.691,93.694,314.2,1.1,1.1,2017-02-16,07:10,A,58,5.0       ,303.2,12
24.671,93.465,312.3,1.1,1,2017-02-16,07:10,A,53,5.0       ,297.9,11.2
24.67,93.455,310.5,1.1,1,2017-02-16,07:10,A,40,5.0       ,298.3,9.4
24.799,94.17,310.8,1.2,1.1,2017-02-16,07:10,A,33,5.0       ,300.6,10.6
24.798,94.159,318,1.2,1.1,2017-02-16,07:10,A,62,5.0       ,303.5,18.1
24.765,93.748,320.3,1.1,1.1,2017-02-16,07:10,A,66,5.0       ,295.1,21.8
24.812,93.769,319.7,1.1,1.1,2017-02-16,07:10,A,71,5.0       ,300.9,18.3
25.352,97.178,317.4,1.8,1.3,2017-02-16,07:10,A,67,5.0       ,302.8,29.2
24.93,93.456,448.6,1.1,1,2017-02-16,07:10,A,100,5.0       ,322,785.1
24.929,93.446,431.4,1.1,1,2017-02-16,07:10,A,100,5.0       ,322.1,563.5
24.92,93.382,322,1.1,1,2017-02-16,07:10,A,75,5.0       ,298.3,24.2
24.919,93.371,320.6,1.1,1,2017-02-16,07:10,A,73,5.0       ,297.7,22.3
24.936,93.449,323.7,1.1,1,2017-02-16,07:10,A,77,5.0       ,302.4,26.4
25.386,97.204,316.4,1.9,1.3,2017-02-16,07:10,A,63,5.0       ,300.3,26.4
25.384,97.186,326,1.9,1.3,2017-02-16,07:10,A,79,5.0       ,302.2,54.5
25.09,93.978,311.2,1.2,1.1,2017-02-16,07:10,A,24,5.0       ,298,10
25.094,93.983,310.7,1.2,1.1,2017-02-16,07:10,A,34,5.0       ,296.2,10.2
25.237,93.918,329.8,1.2,1.1,2017-02-16,07:10,A,83,5.0       ,298.4,36.3
25.289,93.999,310.7,1.2,1.1,2017-02-16,07:10,A,36,5.0       ,297.5,10.8
25.54,96.076,310.2,1.6,1.2,2017-02-16,07:10,A,24,5.0       ,299.4,13.2
25.356,94.47,326.3,1.2,1.1,2017-02-16,07:10,A,79,5.0       ,294.7,39.2
25.034,91.787,322.7,1,1,2017-02-16,07:10,A,76,5.0       ,304.2,16.2
25.368,94.165,314,1.2,1.1,2017-02-16,07:10,A,54,5.0       ,302.1,12.6
25.268,93.376,311.5,1.1,1,2017-02-16,07:10,A,49,5.0       ,296.9,11.7
25.887,98.614,326.2,2.4,1.5,2017-02-16,07:10,A,79,5.0       ,295.8,99
25.681,96.631,315.9,1.7,1.3,2017-02-16,07:10,A,57,5.0       ,301.4,25.4
25.221,92.816,328.6,1.1,1,2017-02-16,07:10,A,82,5.0       ,297.5,31.2
25.458,94.638,317.2,1.3,1.1,2017-02-16,07:10,A,67,5.0       ,298.2,24.9
25.884,98.606,322.7,2.4,1.5,2017-02-16,07:10,A,76,5.0       ,297.1,89.6
25.69,96.623,316.7,1.7,1.3,2017-02-16,07:10,A,65,5.0       ,301.6,27.9
25.723,96.602,326.4,1.7,1.3,2017-02-16,07:10,A,79,5.0       ,297.8,55.4
25.489,94.56,317.1,1.3,1.1,2017-02-16,07:10,A,67,5.0       ,296.6,19.9
25.488,94.548,328.4,1.3,1.1,2017-02-16,07:10,A,81,5.0       ,300.4,39.8
25.272,92.851,350.7,1.1,1,2017-02-16,07:10,A,95,5.0       ,300.6,74.2
25.271,92.841,329,1.1,1,2017-02-16,07:10,A,82,5.0       ,299.3,30.7
25.223,92.482,314.4,1,1,2017-02-16,07:10,A,61,5.0       ,300.1,11.7
26.603,93.278,316.6,1.1,1.1,2017-02-16,07:15,A,64,5.0       ,303.9,11.9
26.599,93.244,316.2,1.1,1.1,2017-02-16,07:15,A,65,5.0       ,303.9,11.7
26.598,93.233,316.6,1.1,1.1,2017-02-16,07:15,A,66,5.0       ,301.2,12
26.593,93.121,324,1.1,1,2017-02-16,07:15,A,29,5.0       ,307.9,18.5
26.637,93.318,314,1.1,1.1,2017-02-16,07:15,A,56,5.0       ,301.4,9.2
27.216,98.43,312.6,2.4,1.5,2017-02-16,07:15,A,55,5.0       ,294,57.3
26.683,93.519,342.1,1.2,1.1,2017-02-16,07:15,A,91,5.0       ,304.3,59.5
26.681,93.508,320.8,1.2,1.1,2017-02-16,07:15,A,73,5.0       ,301.9,18.8
26.686,93.525,336.7,1.2,1.1,2017-02-16,07:15,A,88,5.0       ,301.3,48.8
26.685,93.513,358.3,1.2,1.1,2017-02-16,07:15,A,99,5.0       ,305,106.3
27.21,98.424,313.8,2.4,1.5,2017-02-16,07:15,A,59,5.0       ,294.2,62.8
26.69,93.396,320,1.1,1.1,2017-02-16,07:15,A,72,5.0       ,301.5,16.9
26.689,93.385,339.8,1.1,1.1,2017-02-16,07:15,A,90,5.0       ,303.4,52.5
26.687,93.373,333,1.1,1.1,2017-02-16,07:15,A,80,5.0       ,301.4,37.5
26.651,93.016,314.5,1.1,1,2017-02-16,07:15,A,42,5.0       ,302.3,7
26.343,90.383,314.6,1,1,2017-02-16,07:15,A,62,5.0       ,301.1,7.2
27.292,97.472,337.2,2.1,1.4,2017-02-16,07:15,A,88,5.0       ,306.7,101.5
26.441,90.481,313.8,1,1,2017-02-16,07:15,A,59,5.0       ,299.7,7.3
27.079,95.272,313.7,1.5,1.2,2017-02-16,07:15,A,30,5.0       ,301.8,13.3
27.293,97.467,328.5,2.1,1.4,2017-02-16,07:15,A,81,5.0       ,306.8,59.4
27.073,95.282,318.9,1.5,1.2,2017-02-16,07:15,A,68,5.0       ,299.9,24.8
26.922,92.975,323.7,1.1,1,2017-02-16,07:15,A,57,5.0       ,307.4,18
27.326,96.042,312.8,1.6,1.3,2017-02-16,07:15,A,52,5.0       ,301.2,19.5
26.887,92.15,321.4,1,1,2017-02-16,07:15,A,62,5.0       ,300.3,17.7
26.749,91.151,333.1,1,1,2017-02-16,07:15,A,85,5.0       ,303.7,31.4
26.748,91.141,345.2,1,1,2017-02-16,07:15,A,93,5.0       ,306,53
26.729,90.879,326.8,1,1,2017-02-16,07:15,A,68,5.0       ,307.8,17.8
26.616,90.112,315.5,1,1,2017-02-16,07:15,A,37,5.0       ,303.1,7.7
26.979,92.639,313.7,1.1,1,2017-02-16,07:15,A,41,5.0       ,301.5,8.8
26.743,90.918,330.7,1,1,2017-02-16,07:15,A,82,5.0       ,311.4,21.7
26.738,90.878,323.7,1,1,2017-02-16,07:15,A,29,5.0       ,302.5,13.3
26.722,90.769,317.2,1,1,2017-02-16,07:15,A,58,5.0       ,305,8.2
26.721,90.759,319.6,1,1,2017-02-16,07:15,A,70,5.0       ,303,11.8
26.887,91.878,311.4,1,1,2017-02-16,07:15,A,26,5.0       ,300.5,7
27.414,96.025,315.9,1.6,1.3,2017-02-16,07:15,A,61,5.0       ,303,18.8
26.767,90.893,321,1,1,2017-02-16,07:15,A,50,5.0       ,301.5,13.3
26.766,90.883,317.9,1,1,2017-02-16,07:15,A,30,5.0       ,300.8,9.7
26.754,90.803,317.7,1,1,2017-02-16,07:15,A,53,5.0       ,301.9,8.7
26.753,90.794,319,1,1,2017-02-16,07:15,A,39,5.0       ,305.8,11
26.755,90.681,319.7,1,1,2017-02-16,07:15,A,67,5.0       ,303.1,14.6
26.679,90.162,314.5,1,1,2017-02-16,07:15,A,60,5.0       ,300.7,9.6
26.677,90.152,321.9,1,1,2017-02-16,07:15,A,75,5.0       ,300.4,18.5
26.673,90.122,327.8,1,1,2017-02-16,07:15,A,81,5.0       ,301.4,26.3
26.671,90.112,315.3,1,1,2017-02-16,07:15,A,63,5.0       ,300.4,10.8
26.719,90.179,313,1,1,2017-02-16,07:15,A,33,5.0       ,301.4,8.4
26.718,90.169,322.4,1,1,2017-02-16,07:15,A,75,5.0       ,303.4,18.9
26.693,89.883,320.4,1,1,2017-02-16,07:15,A,70,5.0       ,302.4,14.3
27.523,96.293,319.8,1.7,1.3,2017-02-16,07:15,A,61,5.0       ,304.3,32.3
27.521,96.276,337.7,1.7,1.3,2017-02-16,07:15,A,88,5.0       ,304.5,90
26.975,91.709,317.4,1,1,2017-02-16,07:15,A,68,5.0       ,291.1,20
26.973,91.699,342.1,1,1,2017-02-16,07:15,A,91,5.0       ,293.5,57.3
27.313,93.998,319.7,1.2,1.1,2017-02-16,07:15,A,71,5.0       ,304.4,18.4
27.311,93.985,322,1.2,1.1,2017-02-16,07:15,A,75,5.0       ,302,23
26.849,90.437,319.8,1,1,2017-02-16,07:15,A,53,5.0       ,302.3,11.9
27.133,92.062,312.1,1,1,2017-02-16,07:15,A,52,5.0       ,292,17.8
27.131,92.051,312.3,1,1,2017-02-16,07:15,A,54,5.0       ,289.2,18.2
27.345,93.501,313.4,1.2,1.1,2017-02-16,07:15,A,58,5.0       ,291.2,19.5
27.344,93.49,316.4,1.2,1.1,2017-02-16,07:15,A,66,5.0       ,293.8,23.9
27.338,93.442,318.4,1.2,1.1,2017-02-16,07:15,A,70,5.0       ,291,27.3
27.223,92.467,316.7,1.1,1,2017-02-16,07:15,A,66,5.0       ,293.5,16.7
27.723,96.238,322.1,1.7,1.3,2017-02-16,07:15,A,75,5.0       ,298.3,42.9
27.45,93.79,316.6,1.2,1.1,2017-02-16,07:15,A,33,5.0       ,299.5,17.5
27.719,96.232,322.8,1.7,1.3,2017-02-16,07:15,A,74,5.0       ,298.2,41.6
27.566,94.786,316.4,1.4,1.2,2017-02-16,07:15,A,60,5.0       ,304.9,12
27.45,93.784,317.8,1.2,1.1,2017-02-16,07:15,A,61,5.0       ,299,19
27.312,92.666,310.2,1.1,1,2017-02-16,07:15,A,32,5.0       ,294.7,13.6
27.749,96.298,312.5,1.7,1.3,2017-02-16,07:15,A,31,5.0       ,298.6,17.8
27.338,92.575,318,1.1,1,2017-02-16,07:15,A,55,5.0       ,298,16.1
27.336,92.563,335.8,1.1,1,2017-02-16,07:15,A,87,5.0       ,297,44.8
27.538,93.769,313.4,1.2,1.1,2017-02-16,07:15,A,52,5.0       ,295.1,15.6
27.368,92.31,318.2,1.1,1,2017-02-16,07:15,A,69,5.0       ,292.5,22.6
27.52,93.437,335.7,1.2,1.1,2017-02-16,07:15,A,87,5.0       ,291.8,56
27.541,93.529,318.9,1.2,1.1,2017-02-16,07:15,A,70,5.0       ,291.2,27
27.698,94.674,310.9,1.4,1.2,2017-02-16,07:15,A,44,5.0       ,298.1,14.9
27.403,92.155,313.5,1,1,2017-02-16,07:15,A,43,5.0       ,296.4,14
27.523,92.997,316.5,1.1,1.1,2017-02-16,07:15,A,66,5.0       ,297.8,19.6
27.723,94.378,312.9,1.3,1.1,2017-02-16,07:15,A,53,5.0       ,299.3,15.9
26.99,88.883,314.9,1.1,1,2017-02-16,07:15,A,35,5.0       ,301,8.8
27.708,93.64,310.3,1.2,1.1,2017-02-16,07:15,A,35,5.0       ,296.3,12.7
27.765,94.034,314.1,1.3,1.1,2017-02-16,07:15,A,45,5.0       ,299.6,11.4
27.761,93.998,319.3,1.3,1.1,2017-02-16,07:15,A,65,5.0       ,302.4,20.9
27.744,93.61,318.4,1.2,1.1,2017-02-16,07:15,A,65,5.0       ,296.2,25
27.754,93.607,312.3,1.2,1.1,2017-02-16,07:15,A,25,5.0       ,294.4,15
27.752,93.595,311.3,1.2,1.1,2017-02-16,07:15,A,28,5.0       ,294.4,14.7
27.542,91.628,314.7,1,1,2017-02-16,07:15,A,51,5.0       ,291.5,19.3
27.411,90.625,311.3,1,1,2017-02-16,07:15,A,42,5.0       ,298.5,15.4
28.052,95.707,314,1.6,1.2,2017-02-16,07:15,A,60,5.0       ,301.8,16.3
27.815,93.605,311.2,1.2,1.1,2017-02-16,07:15,A,39,5.0       ,299.1,14.4
27.814,93.594,319,1.2,1.1,2017-02-16,07:15,A,71,5.0       ,298.3,25.7
27.577,91.676,317.2,1,1,2017-02-16,07:15,A,45,5.0       ,297.1,16.2
27.694,91.928,374.2,1,1,2017-02-16,07:15,A,100,5.0       ,296.5,146.6
28.083,94.416,317,1.3,1.1,2017-02-16,07:15,A,64,5.0       ,292.6,28
28.093,94.414,319.2,1.3,1.1,2017-02-16,07:15,A,69,5.0       ,292.6,32
28.159,94.717,313.9,1.4,1.2,2017-02-16,07:15,A,59,5.0       ,296.8,21.6
28.173,94.656,316.2,1.4,1.2,2017-02-16,07:15,A,65,5.0       ,298.2,23.2
27.625,90.45,322.2,1,1,2017-02-16,07:15,A,75,5.0       ,286.5,28.5
28.174,94.57,314,1.4,1.2,2017-02-16,07:15,A,60,5.0       ,294.4,25.2
28.192,94.66,319.3,1.4,1.2,2017-02-16,07:15,A,71,5.0       ,297,28.9
27.392,88.381,332.4,1.1,1.1,2017-02-16,07:15,A,85,5.0       ,287.6,51.1
27.679,89.942,315.2,1,1,2017-02-16,07:15,A,46,5.0       ,295.2,17.8
27.696,89.929,325.4,1,1,2017-02-16,07:15,A,75,5.0       ,291.3,29.7
27.694,89.919,316.9,1,1,2017-02-16,07:15,A,51,5.0       ,293.4,18.7
25.763,96.648,328.8,1.7,1.3,2017-02-16,07:10,A,82,5.0       ,301,55
25.966,98.483,342,2.3,1.5,2017-02-16,07:10,A,91,5.0       ,299.3,191.3
25.301,92.783,347.1,1.1,1,2017-02-16,07:10,A,94,5.0       ,300.4,62.6
25.759,96.643,322.1,1.7,1.3,2017-02-16,07:10,A,75,5.0       ,299.9,34.9
25.308,92.786,321.2,1.1,1,2017-02-16,07:10,A,74,5.0       ,295.6,20.5
25.307,92.776,319.4,1.1,1,2017-02-16,07:10,A,71,5.0       ,301.9,17.8
25.964,98.498,312.3,2.3,1.5,2017-02-16,07:10,A,46,5.0       ,296.2,51
25.977,98.494,312.6,2.3,1.5,2017-02-16,07:10,A,43,5.0       ,290.1,48.2
25.975,98.477,336.7,2.3,1.5,2017-02-16,07:10,A,88,5.0       ,297.6,157.5
25.499,93.978,311.2,1.2,1.1,2017-02-16,07:10,A,37,5.0       ,297.6,12
26.182,100.546,322.3,3.3,1.7,2017-02-16,07:10,A,74,5.0       ,298.2,105
26.178,100.501,316.1,3.3,1.7,2017-02-16,07:10,A,38,5.0       ,299.8,62.8
25.363,92.641,316.6,1,1,2017-02-16,07:10,A,66,5.0       ,302.7,11.7
25.371,92.629,314.1,1,1,2017-02-16,07:10,A,53,5.0       ,299.5,8.8
25.394,92.597,322.1,1,1,2017-02-16,07:10,A,75,5.0       ,298.9,17.7
25.404,92.533,315.2,1,1,2017-02-16,07:10,A,55,5.0       ,303.4,7.5
25.396,92.472,315.6,1,1,2017-02-16,07:10,A,64,5.0       ,303.5,7.8
25.394,92.461,313.1,1,1,2017-02-16,07:10,A,54,5.0       ,301.6,4.8
25.482,92.763,315.6,1.1,1,2017-02-16,07:10,A,63,5.0       ,297.9,12.4
25.457,92.577,316.5,1,1,2017-02-16,07:10,A,66,5.0       ,301.4,10.2
25.489,92.767,315.8,1.1,1,2017-02-16,07:10,A,64,5.0       ,299.5,13.7
25.465,92.517,311.5,1,1,2017-02-16,07:10,A,39,5.0       ,300.5,6.7
26.172,98.5,319.2,2.4,1.5,2017-02-16,07:10,A,71,5.0       ,289.3,81.7
25.803,94.986,459.5,1.3,1.1,2017-02-16,07:10,A,100,5.0       ,323,1290.8
25.802,94.974,444.5,1.3,1.1,2017-02-16,07:10,A,100,5.0       ,335.2,974.9
25.754,94.242,311.1,1.2,1.1,2017-02-16,07:10,A,46,5.0       ,298.9,10.3
25.54,92.589,314.6,1,1,2017-02-16,07:10,A,62,5.0       ,298.1,11.5
25.586,92.659,325.7,1,1,2017-02-16,07:10,A,79,5.0       ,297,27.5
25.585,92.649,334,1,1,2017-02-16,07:10,A,86,5.0       ,297.7,40.3
25.856,94.232,356.5,1.2,1.1,2017-02-16,07:10,A,98,5.0       ,300.8,109.4
25.854,94.22,326.6,1.2,1.1,2017-02-16,07:10,A,55,5.0       ,299.4,33.2
25.857,94.238,323.6,1.2,1.1,2017-02-16,07:10,A,75,5.0       ,295.7,28.8
25.856,94.226,345.5,1.2,1.1,2017-02-16,07:10,A,93,5.0       ,302.4,77.6
25.865,94.224,318.8,1.2,1.1,2017-02-16,07:10,A,69,5.0       ,299,23.3
25.864,94.212,321.5,1.2,1.1,2017-02-16,07:10,A,74,5.0       ,299,27.8
25.646,92.496,311.3,1,1,2017-02-16,07:10,A,48,5.0       ,295.2,10
25.319,90.202,314.1,1,1,2017-02-16,07:10,A,60,5.0       ,300.1,9
25.62,92.23,311.4,1,1,2017-02-16,07:10,A,47,5.0       ,300.2,6.5
25.469,91.151,312.3,1,1,2017-02-16,07:10,A,53,5.0       ,297.1,10.7
25.633,92.258,311.6,1,1,2017-02-16,07:10,A,43,5.0       ,298.9,6.4
25.653,92.338,314.7,1,1,2017-02-16,07:10,A,62,5.0       ,301.2,9.7
25.63,92.033,312.7,1,1,2017-02-16,07:10,A,55,5.0       ,298.6,7.9
25.677,92.313,319.1,1,1,2017-02-16,07:10,A,71,5.0       ,300.8,14.9
25.709,92.412,311.4,1,1,2017-02-16,07:10,A,38,5.0       ,298.1,7.3
29.396,115.114,323.8,2.4,1.5,2017-02-16,17:40,A,100,5.0       ,285.7,121.1
27.291,115.336,316.9,2.2,1.4,2017-02-16,17:40,A,92,5.0       ,283.9,79.4
22.892,115.863,306.7,1.7,1.3,2017-02-16,17:40,A,48,5.0       ,285.4,35.8
16.23,120.836,312,1,1,2017-02-16,17:45,A,77,5.0       ,285.8,19.1
-6.131,155.194,310.2,1.1,1,2017-02-16,23:55,T,18,5.0       ,291.7,6.8
21.568,95.084,305.9,1,1,2017-02-16,19:20,A,39,5.0       ,292.6,10.8