latitude,longitude,brightness,scan,track,acq_date,acq_time,satellite,confidence,version,bright_t31,frp
1.444,125.19,320.9,1.4,1.2,2016-10-17,01:55,T,13,5.0       ,299,22.3
-5.464,122.608,317.9,1.7,1.3,2016-10-17,01:55,T,0,5.0       ,299.8,22.6
-8.275,130.872,329.1,1.4,1.2,2016-10-17,01:55,T,72,5.0       ,303.4,30.6
-8.278,125.075,348.9,1.1,1,2016-10-17,01:55,T,94,5.0       ,308.1,57.1
-8.231,123.65,326.9,1.3,1.1,2016-10-17,01:55,T,0,5.0       ,305.2,25.3
-4.218,152.188,315.2,1,1,2016-10-17,00:15,T,0,5.0       ,289.6,12
-9.548,149.216,321,1.1,1.1,2016-10-17,00:15,T,50,5.0       ,298.2,15.3
-9.551,149.236,319.5,1.1,1.1,2016-10-17,00:15,T,33,5.0       ,299.2,13.1
-9.631,149.509,325.9,1.1,1,2016-10-17,00:15,T,49,5.0       ,301.1,15.7
-11.073,142.364,315.9,3.2,1.7,2016-10-17,00:20,T,65,5.0       ,295.4,45
-11.069,142.357,315.9,3.2,1.7,2016-10-17,00:20,T,65,5.0       ,296.4,46.7
-11.14,142.314,322.9,3.2,1.7,2016-10-17,00:20,T,76,5.0       ,295.9,90.9
-11.145,142.343,332.7,3.2,1.7,2016-10-17,00:20,T,85,5.0       ,297,163.5
-11.137,142.309,316,3.2,1.7,2016-10-17,00:20,T,65,5.0       ,295.6,48.4
-11.142,142.338,335.5,3.2,1.7,2016-10-17,00:20,T,87,5.0       ,297.1,190.5
-8.419,127.077,313.5,1.9,1.3,2016-10-17,04:45,A,52,5.0       ,296.4,19.2
-8.51,122.796,312.1,4.1,1.9,2016-10-17,04:45,A,25,5.0       ,292.5,69.9
-7.361,131.461,321.3,1,1,2016-10-17,04:45,A,72,5.0       ,293.3,17
-7.352,131.46,321.2,1,1,2016-10-17,04:45,A,67,5.0       ,295.1,16.5
-8.506,122.788,311.7,4.1,1.9,2016-10-17,04:45,A,12,5.0       ,292.6,64
-7.227,131.954,323,1,1,2016-10-17,04:45,A,70,5.0       ,295.5,15.3
-7.228,131.945,333.9,1,1,2016-10-17,04:45,A,86,5.0       ,295.5,31
-7.616,126.645,320.7,2,1.4,2016-10-17,04:45,A,55,5.0       ,294.2,49.3
-5.845,132.797,318.5,1,1,2016-10-17,04:45,A,70,5.0       ,297.9,11.8
21.797,95.266,313.1,4.6,2,2016-10-17,05:05,T,21,5.0       ,290.8,63.6
-9.736,149.564,312.1,3,1.6,2016-10-17,03:10,A,40,5.0       ,292,35.6
-9.736,149.559,312.4,3,1.6,2016-10-17,03:10,A,11,5.0       ,292,35.9
20.114,100.017,313.1,1.1,1,2016-10-17,06:35,A,38,5.0       ,299.3,8.6
21.311,103.515,310.1,1.1,1,2016-10-17,06:35,A,17,5.0       ,292,7.9
21.665,103.341,322.7,1.1,1,2016-10-17,06:35,A,76,5.0       ,297.2,22.5
21.663,103.33,322.3,1.1,1,2016-10-17,06:35,A,75,5.0       ,295.9,22.6
21.342,98.167,317.3,1.3,1.1,2016-10-17,06:35,A,54,5.0       ,294.6,21.7
22.386,102.682,322,1.1,1,2016-10-17,06:35,A,75,5.0       ,294.8,23.6
26.576,101.663,325.8,1,1,2016-10-17,06:35,A,79,5.0       ,297.9,22.3
-11.144,142.326,327.1,3.4,1.7,2016-10-17,04:45,A,80,5.0       ,299.6,118.1
-11.149,142.295,323.4,3.4,1.7,2016-10-17,04:45,A,76,5.0       ,300.2,92.8
-11.134,142.292,336.2,3.4,1.7,2016-10-17,04:45,A,87,5.0       ,299,201.6
-11.139,142.261,349.6,3.4,1.7,2016-10-17,04:45,A,95,5.0       ,298,355.9
-11.076,142.346,321,3.5,1.8,2016-10-17,04:45,A,69,5.0       ,299.1,71
-11.081,142.315,336.5,3.4,1.7,2016-10-17,04:45,A,88,5.0       ,299.7,203.2
-11.06,142.344,327.9,3.5,1.8,2016-10-17,04:45,A,81,5.0       ,297.1,124.1
-11.066,142.312,344.4,3.4,1.7,2016-10-17,04:45,A,92,5.0       ,297.7,289.5
-11.125,142.286,331.7,3.4,1.7,2016-10-17,04:45,A,84,5.0       ,297.8,160.4
-11.131,142.254,329.7,3.4,1.7,2016-10-17,04:45,A,82,5.0       ,295.8,144.1
-11.068,142.34,340.6,3.5,1.8,2016-10-17,04:45,A,90,5.0       ,298.6,253.1
-11.073,142.309,350.2,3.4,1.7,2016-10-17,04:45,A,95,5.0       ,299.4,367.5
-11.942,135.774,317.6,1.1,1.1,2016-10-17,04:45,A,50,5.0       ,291.1,8.5
-11.837,133.228,327.5,1,1,2016-10-17,04:45,A,75,5.0       ,304.4,11.1
-11.812,133.271,325.7,1,1,2016-10-17,04:45,A,43,5.0       ,302.4,9.6
-10.273,123.942,313.1,3.6,1.8,2016-10-17,04:45,A,47,5.0       ,296.2,54
-10.28,123.939,314.7,3.6,1.8,2016-10-17,04:45,A,0,5.0       ,296.7,65.9
-10.127,124.146,315.8,3.4,1.7,2016-10-17,04:45,A,42,5.0       ,296.9,42.2
-10.117,124.139,332.3,3.4,1.7,2016-10-17,04:45,A,85,5.0       ,296.4,174.6
-8.936,126.114,313,2.3,1.5,2016-10-17,04:45,A,46,5.0       ,294.8,21
-8.411,127.081,314,1.9,1.3,2016-10-17,04:45,A,57,5.0       ,295.4,21.6
28.898,115.244,310,1.5,1.2,2016-10-17,03:25,T,20,5.0       ,287,14.6
26.878,111.795,312.2,1.1,1,2016-10-17,03:25,T,53,5.0       ,295.5,8.3
25.878,109.28,322.4,1,1,2016-10-17,03:25,T,75,5.0       ,293.4,21.6
24.352,110.109,320.5,1,1,2016-10-17,03:25,T,73,5.0       ,293.4,18.8
24.387,109.384,320.6,1,1,2016-10-17,03:25,T,63,5.0       ,301.6,12.3
24.345,109.231,326.7,1,1,2016-10-17,03:25,T,80,5.0       ,294.4,24.6
23.607,110.63,313.1,1.1,1,2016-10-17,03:25,T,57,5.0       ,293.2,10.3
23.852,108.881,312.7,1,1,2016-10-17,03:25,T,51,5.0       ,297.7,7.1
23.851,108.891,313.5,1,1,2016-10-17,03:25,T,58,5.0       ,299.3,7.9
23.352,108.905,318.4,1,1,2016-10-17,03:25,T,70,5.0       ,298.9,12
23.35,108.914,335.9,1,1,2016-10-17,03:25,T,87,5.0       ,298.5,37
23.341,108.913,313.4,1,1,2016-10-17,03:25,T,34,5.0       ,298.6,6.7
22.847,109.569,310.8,1,1,2016-10-17,03:25,T,43,5.0       ,296.3,6.8
22.933,108.163,315.9,1,1,2016-10-17,03:25,T,61,5.0       ,298.2,11.9
23.037,106.413,320.4,1.2,1.1,2016-10-17,03:25,T,73,5.0       ,297.5,21.1
21.93,109.409,331.2,1,1,2016-10-17,03:25,T,84,5.0       ,297.3,31.7
21.876,109.334,317.1,1,1,2016-10-17,03:25,T,67,5.0       ,296.8,11.8
21.476,105.821,326.1,1.2,1.1,2016-10-17,03:25,T,79,5.0       ,298.2,26.5
10.866,106.934,310.7,1,1,2016-10-17,03:30,T,22,5.0       ,285.1,6.2
-0.407,109.941,314.4,2.1,1.4,2016-10-17,03:30,T,36,5.0       ,293.5,27.7
-0.41,109.96,315.5,2.1,1.4,2016-10-17,03:30,T,55,5.0       ,293.5,31.4
-0.41,109.954,316.7,2.1,1.4,2016-10-17,03:30,T,49,5.0       ,294,35
-4.653,121.701,317.1,4.4,1.9,2016-10-17,04:50,A,67,5.0       ,292,112.8
-4.651,121.694,317.4,4.4,1.9,2016-10-17,04:50,A,68,5.0       ,291.6,116.4
-4.386,122.365,313.8,3.9,1.8,2016-10-17,04:50,A,52,5.0       ,285.5,75.6
-4.38,122.357,312.2,3.9,1.8,2016-10-17,04:50,A,46,5.0       ,285.6,68.5
-2.579,121.367,312.8,4.3,1.9,2016-10-17,04:50,A,56,5.0       ,291,85.4
-1.294,121.874,313,3.8,1.8,2016-10-17,04:50,A,45,5.0       ,288.8,70.3
-1.287,121.871,314.4,3.8,1.8,2016-10-17,04:50,A,61,5.0       ,288,82.1
1.45,125.193,313,1.9,1.3,2016-10-17,04:50,A,18,5.0       ,296,20.9
1.441,125.127,315.5,1.9,1.3,2016-10-17,04:50,A,25,5.0       ,296.3,24.5
6.979,126.116,311.7,1.3,1.1,2016-10-17,04:50,A,51,5.0       ,294.9,9.1
8.058,126.357,310.4,1.2,1.1,2016-10-17,04:50,A,24,5.0       ,286.3,9.3
10.78,123.481,312.3,1.7,1.3,2016-10-17,04:50,A,41,5.0       ,290.7,14.6
10.912,123.383,311.5,1.8,1.3,2016-10-17,04:50,A,49,5.0       ,290.4,15.9
1.079,111.333,319,1.9,1.3,2016-10-17,06:30,A,55,5.0       ,292.8,26.6
2.451,111.618,322.9,2.1,1.4,2016-10-17,06:30,A,39,5.0       ,291.6,46.5
-6.871,107.492,314.7,1,1,2016-10-17,06:25,A,29,5.0       ,291.7,6.5
1.495,127.633,305.2,1.1,1,2016-10-17,17:10,A,22,5.0       ,289.3,10.2
-2.576,121.381,305.9,1.4,1.2,2016-10-17,17:10,A,38,5.0       ,289.4,16.3
21.184,105.999,305.8,1,1,2016-10-17,18:45,A,37,5.0       ,292,8.6
1.354,100.66,305.5,1,1,2016-10-17,18:50,A,32,5.0       ,282.2,11.5