latitude,longitude,brightness,scan,track,acq_date,acq_time,satellite,confidence,version,bright_t31,frp
-9.977,147.76,339.3,1,1,2016-02-05, 03:50,A,89,5.0       ,303.4,32.5
-9.978,147.751,332.6,1,1,2016-02-05, 03:50,A,80,5.0       ,304.1,19.6
26.78,88.846,315.3,3.7,1.8,2016-02-05, 04:10,T,63,5.0       ,289.2,111.9
26.777,88.883,313.7,3.6,1.8,2016-02-05, 04:10,T,59,5.0       ,289.8,100.9
26.772,88.84,311.5,3.7,1.8,2016-02-05, 04:10,T,29,5.0       ,289,79.5
26.769,88.876,321,3.6,1.8,2016-02-05, 04:10,T,73,5.0       ,290.2,147.9
23.356,100.579,321.6,1.1,1.1,2016-02-05, 04:10,T,74,5.0       ,288.6,33.1
23.152,96.735,310.6,1,1,2016-02-05, 04:10,T,22,5.0       ,299.3,8.7
22.591,99.356,313,1,1,2016-02-05, 04:10,T,57,5.0       ,290.1,16.4
22.251,96.923,321.3,1,1,2016-02-05, 04:10,T,74,5.0       ,296.7,22.2
22.224,96.721,310.4,1,1,2016-02-05, 04:10,T,33,5.0       ,299.2,6.9
22.223,96.731,316.6,1,1,2016-02-05, 04:10,T,66,5.0       ,299.1,14
21.708,96.327,317,1.1,1,2016-02-05, 04:10,T,67,5.0       ,299.8,12.1
21.707,96.337,312,1.1,1,2016-02-05, 04:10,T,50,5.0       ,300.4,6.8
21.316,96.567,315.4,1,1,2016-02-05, 04:10,T,64,5.0       ,298.4,15
21.212,97.105,312.5,1,1,2016-02-05, 04:10,T,54,5.0       ,298.9,8.7
21.177,97.158,323.5,1,1,2016-02-05, 04:10,T,76,5.0       ,300.5,21.6
21.176,97.168,320.8,1,1,2016-02-05, 04:10,T,73,5.0       ,299.8,18.1
20.051,99.408,310.5,1.1,1,2016-02-05, 04:10,T,39,5.0       ,298.5,9.1
19.994,98.714,317.5,1,1,2016-02-05, 04:10,T,64,5.0       ,300.3,15.9
19.989,98.683,310.8,1,1,2016-02-05, 04:10,T,38,5.0       ,298.8,9.2
19.852,98.074,310.3,1,1,2016-02-05, 04:10,T,35,5.0       ,296.8,11.1
19.851,98.084,310.4,1,1,2016-02-05, 04:10,T,38,5.0       ,298.7,11.3
19.781,98.535,314,1,1,2016-02-05, 04:10,T,47,5.0       ,300.2,11.6
19.769,98.553,311.5,1,1,2016-02-05, 04:10,T,27,5.0       ,298.7,9
20.124,95.747,324.8,1.1,1,2016-02-05, 04:10,T,78,5.0       ,305.9,17.8
19.304,99.281,311.2,1.1,1,2016-02-05, 04:10,T,47,5.0       ,298.6,11.1
19.763,94.697,316.2,1.2,1.1,2016-02-05, 04:10,T,65,5.0       ,302.3,11
19.37,97.41,312.6,1,1,2016-02-05, 04:10,T,48,5.0       ,299.5,7.2
19.262,97.396,317.1,1,1,2016-02-05, 04:10,T,62,5.0       ,303,11.6
19.253,97.395,314.6,1,1,2016-02-05, 04:10,T,45,5.0       ,299.8,8.2
19.24,97.296,311,1,1,2016-02-05, 04:10,T,41,5.0       ,299.7,6.9
19.233,97.343,319.7,1,1,2016-02-05, 04:10,T,57,5.0       ,300.3,14.2
19.227,97.323,326.3,1,1,2016-02-05, 04:10,T,79,5.0       ,303.1,21.5
19.225,97.333,321.3,1,1,2016-02-05, 04:10,T,72,5.0       ,303,15.1
19.52,95.133,318.7,1.1,1.1,2016-02-05, 04:10,T,70,5.0       ,302.5,11.8
19.514,95.111,315.5,1.1,1.1,2016-02-05, 04:10,T,53,5.0       ,302.5,8.1
19.079,97.325,319.9,1,1,2016-02-05, 04:10,T,72,5.0       ,301,13.6
19.077,97.335,313.6,1,1,2016-02-05, 04:10,T,57,5.0       ,301.9,6.4
18.723,98.393,314.8,1,1,2016-02-05, 04:10,T,36,5.0       ,301.1,10.8
18.507,98.78,317.8,1.1,1,2016-02-05, 04:10,T,68,5.0       ,302,12.3
19.013,94.74,311.3,1.1,1.1,2016-02-05, 04:10,T,48,5.0       ,300.9,10.7
18.807,94.829,316.2,1.1,1.1,2016-02-05, 04:10,T,65,5.0       ,303.3,12.5
18.624,95.425,324.2,1.1,1,2016-02-05, 04:10,T,77,5.0       ,304.9,18.3
18.623,95.435,319.3,1.1,1,2016-02-05, 04:10,T,71,5.0       ,305,11
18.379,96.689,320.9,1,1,2016-02-05, 04:10,T,50,5.0       ,305.4,13.2
17.975,98.581,312,1.1,1,2016-02-05, 04:10,T,29,5.0       ,299.5,8.3
17.169,103.401,314,2.2,1.4,2016-02-05, 04:10,T,60,5.0       ,299.8,21.5
17.403,101.8,320.2,1.7,1.3,2016-02-05, 04:10,T,72,5.0       ,297.8,34.1
17.4,101.815,310.3,1.7,1.3,2016-02-05, 04:10,T,36,5.0       ,297.4,11.4
18.402,95.032,316.7,1.1,1,2016-02-05, 04:10,T,66,5.0       ,304.5,8.5
17.027,103.603,314.4,2.3,1.5,2016-02-05, 04:10,T,51,5.0       ,298.6,32.3
17.566,100.241,317.7,1.3,1.1,2016-02-05, 04:10,T,68,5.0       ,303.2,9.9
17.953,96.77,319.2,1,1,2016-02-05, 04:10,T,69,5.0       ,306.5,8.3
18.072,95.882,314.6,1,1,2016-02-05, 04:10,T,62,5.0       ,302.7,8.4
18.02,95.066,316.7,1.1,1,2016-02-05, 04:10,T,63,5.0       ,305.2,8.9
16.927,101.412,313,1.6,1.2,2016-02-05, 04:10,T,48,5.0       ,299.2,16.1
16.784,101.034,311.8,1.5,1.2,2016-02-05, 04:10,T,45,5.0       ,297.6,15.8
17.428,96.393,313.7,1,1,2016-02-05, 04:10,T,56,5.0       ,303.3,7.5
16.315,103.163,351.5,2.2,1.4,2016-02-05, 04:10,T,96,5.0       ,301.3,207.2
16.316,103.156,341.9,2.2,1.4,2016-02-05, 04:10,T,91,5.0       ,300.8,143.4
16.313,103.176,328.8,2.2,1.4,2016-02-05, 04:10,T,82,5.0       ,300.3,75.8
-7.438,144.538,310.2,1.4,1.2,2016-02-05, 01:00,T,29,5.0       ,291.3,9
17.099,98.151,312.8,1.1,1,2016-02-05, 04:10,T,49,5.0       ,296.5,13.4
17.09,98.149,322.8,1.1,1,2016-02-05, 04:10,T,76,5.0       ,295.9,26.3
16.784,99.938,313,1.3,1.1,2016-02-05, 04:10,T,57,5.0       ,300,9.4
16.118,103.731,313.9,2.4,1.5,2016-02-05, 04:10,T,60,5.0       ,299.8,23
16.452,101.818,315,1.7,1.3,2016-02-05, 04:10,T,44,5.0       ,298.5,22
16.455,101.813,314.2,1.7,1.3,2016-02-05, 04:10,T,49,5.0       ,297.9,21.1
16.123,103.727,316,2.4,1.5,2016-02-05, 04:10,T,65,5.0       ,299.9,31
17.087,97.81,324.3,1,1,2016-02-05, 04:10,T,77,5.0       ,304.5,17.7
16.904,98.929,318.8,1.1,1.1,2016-02-05, 04:10,T,70,5.0       ,301.9,15.6
16.001,103.939,312.6,2.5,1.5,2016-02-05, 04:10,T,55,5.0       ,298.6,27
16.008,103.934,311.8,2.5,1.5,2016-02-05, 04:10,T,33,5.0       ,298.2,22
16.511,100.427,322.8,1.4,1.2,2016-02-05, 04:10,T,76,5.0       ,302.6,23.5
15.804,104.085,312,2.6,1.6,2016-02-05, 04:10,T,51,5.0       ,299.9,31.4
16.376,99.476,317.3,1.2,1.1,2016-02-05, 04:10,T,68,5.0       ,303.9,10.6
15.776,102.403,315.8,2,1.4,2016-02-05, 04:10,T,64,5.0       ,299.8,21.4
16.513,97.826,323.2,1,1,2016-02-05, 04:10,T,56,5.0       ,305.7,14.4
15.551,103.237,317.7,2.3,1.5,2016-02-05, 04:10,T,68,5.0       ,302.2,32.4
15.271,104.553,333.4,2.9,1.6,2016-02-05, 04:10,T,85,5.0       ,300.3,159.2
15.397,103.636,319.3,2.5,1.5,2016-02-05, 04:10,T,69,5.0       ,296.1,41.3
15.403,103.632,318.1,2.5,1.5,2016-02-05, 04:10,T,63,5.0       ,296.7,37.8
15.399,103.655,316.4,2.5,1.5,2016-02-05, 04:10,T,55,5.0       ,297.2,30
15.465,102.757,317.1,2.1,1.4,2016-02-05, 04:10,T,67,5.0       ,300.9,23.9
15.461,102.77,316.2,2.1,1.4,2016-02-05, 04:10,T,65,5.0       ,301.2,19.3
15.405,103.09,313.9,2.3,1.5,2016-02-05, 04:10,T,40,5.0       ,300.2,24.7
15.842,100.175,322.4,1.4,1.2,2016-02-05, 04:10,T,75,5.0       ,303.7,21
16.43,96.285,334.5,1,1,2016-02-05, 04:10,T,86,5.0       ,308.9,24.2
19.787,97.86,314.6,2.2,1.5,2016-02-05, 07:15,A,52,5.0       ,304.3,28.3
19.476,95.124,322.1,1.4,1.2,2016-02-05, 07:15,A,75,5.0       ,305.3,18.1
19.85,98.072,317.9,2.3,1.5,2016-02-05, 07:15,A,69,5.0       ,301.3,53.2
19.75,97.173,320.5,2,1.4,2016-02-05, 07:15,A,73,5.0       ,305.2,31.2
19.554,95.386,324.3,1.5,1.2,2016-02-05, 07:15,A,77,5.0       ,311.2,17.1
19.945,98.521,316.8,2.5,1.5,2016-02-05, 07:15,A,33,5.0       ,304.4,34.9
20.072,99.341,311.1,2.9,1.6,2016-02-05, 07:15,A,20,5.0       ,299.1,35.4
19.903,96.803,345,1.9,1.3,2016-02-05, 07:15,A,93,5.0       ,299.7,141.5
19.901,96.786,330.9,1.9,1.3,2016-02-05, 07:15,A,83,5.0       ,299.1,80
19.907,96.798,354.8,1.9,1.3,2016-02-05, 07:15,A,97,5.0       ,302.3,197.1
19.927,96.868,315.2,1.9,1.3,2016-02-05, 07:15,A,63,5.0       ,302.3,24.5
19.758,94.691,318.5,1.3,1.1,2016-02-05, 07:15,A,70,5.0       ,306.4,11.3
19.977,96.275,329.3,1.7,1.3,2016-02-05, 07:15,A,70,5.0       ,310.5,43.7
20.213,96.757,310.9,1.9,1.3,2016-02-05, 07:15,A,42,5.0       ,299.9,15.4
20.167,94.533,317,1.3,1.1,2016-02-05, 07:15,A,66,5.0       ,304.8,10.9
21.089,97.524,310.8,2.2,1.4,2016-02-05, 07:15,A,33,5.0       ,297.5,17.9
21.022,96.239,317.6,1.8,1.3,2016-02-05, 07:15,A,44,5.0       ,304.4,23.4
21.118,96.273,314.1,1.8,1.3,2016-02-05, 07:15,A,48,5.0       ,303,18
21.308,96.553,311.7,1.9,1.3,2016-02-05, 07:15,A,41,5.0       ,301,22.2
21.431,96.457,318.1,1.9,1.3,2016-02-05, 07:15,A,67,5.0       ,304.9,25.5
21.506,96.548,318.8,1.9,1.3,2016-02-05, 07:15,A,57,5.0       ,303.9,33.5
21.749,96.434,317.8,1.9,1.3,2016-02-05, 07:15,A,69,5.0       ,302.2,31.4
21.781,96.39,312.3,1.9,1.3,2016-02-05, 07:15,A,41,5.0       ,301,15.9
16.429,96.294,327.7,1,1,2016-02-05, 04:10,T,81,5.0       ,308.6,15
15.929,99.323,313,1.2,1.1,2016-02-05, 04:10,T,49,5.0       ,300,9.4
15.565,101.477,315.5,1.7,1.3,2016-02-05, 04:10,T,64,5.0       ,301.5,14.8
16.369,96.194,357.3,1,1,2016-02-05, 04:10,T,98,5.0       ,308.3,74.3
16.368,96.203,322.6,1,1,2016-02-05, 04:10,T,66,5.0       ,306.3,9
16.364,96.107,332.1,1,1,2016-02-05, 04:10,T,84,5.0       ,306.7,24.1
15.426,101.936,319.8,1.8,1.3,2016-02-05, 04:10,T,72,5.0       ,300.5,27.3
15.423,101.953,322.9,1.9,1.3,2016-02-05, 04:10,T,76,5.0       ,300.9,37.2
15.349,102.3,316.3,2,1.4,2016-02-05, 04:10,T,66,5.0       ,300.2,20.4
15.429,101.948,328.9,1.9,1.3,2016-02-05, 04:10,T,82,5.0       ,300.7,54.7
15.355,102.313,319,2,1.4,2016-02-05, 04:10,T,70,5.0       ,301.3,28.5
15.289,102.548,322.4,2.1,1.4,2016-02-05, 04:10,T,66,5.0       ,302.5,33.9
15.221,102.19,318.6,1.9,1.4,2016-02-05, 04:10,T,42,5.0       ,302.3,19.1
15.246,101.937,318.3,1.9,1.3,2016-02-05, 04:10,T,68,5.0       ,302,19.8
15.503,99.674,319.7,1.3,1.1,2016-02-05, 04:10,T,71,5.0       ,305,11.6
15.502,99.686,323,1.3,1.1,2016-02-05, 04:10,T,76,5.0       ,305.9,17
14.476,105.619,316.5,3.7,1.8,2016-02-05, 04:10,T,31,5.0       ,299,50.3
16.106,95.594,319.5,1,1,2016-02-05, 04:10,T,71,5.0       ,304.1,9.6
14.409,105.537,313.5,3.6,1.8,2016-02-05, 04:10,T,58,5.0       ,296.7,65.8
14.417,105.531,310.9,3.6,1.8,2016-02-05, 04:10,T,45,5.0       ,296.2,49.7
16.001,95.62,321.5,1,1,2016-02-05, 04:10,T,62,5.0       ,306.4,9.3
15.979,95.646,359.8,1,1,2016-02-05, 04:10,T,99,5.0       ,306,88.4
15.108,100.9,320.3,1.6,1.2,2016-02-05, 04:10,T,72,5.0       ,303,20.9
15.324,99.45,312.7,1.3,1.1,2016-02-05, 04:10,T,36,5.0       ,300.1,10.7
15.282,99.648,317.2,1.3,1.1,2016-02-05, 04:10,T,61,5.0       ,302.9,9.2
14.213,105.378,310.6,3.6,1.8,2016-02-05, 04:10,T,40,5.0       ,294.9,41.6
14.294,104.853,323.1,3.2,1.7,2016-02-05, 04:10,T,76,5.0       ,299.4,86.2
15.242,99.197,318.8,1.2,1.1,2016-02-05, 04:10,T,35,5.0       ,299.5,16.3
15.241,99.208,332.1,1.2,1.1,2016-02-05, 04:10,T,84,5.0       ,300.9,40.2
15.199,99.206,311.3,1.2,1.1,2016-02-05, 04:10,T,46,5.0       ,299.8,8.1
14.918,100.665,317.2,1.5,1.2,2016-02-05, 04:10,T,67,5.0       ,303.5,17.4
13.884,106.173,314.5,4.2,1.9,2016-02-05, 04:10,T,43,5.0       ,295.4,52.7
14.109,105.117,315.3,3.4,1.7,2016-02-05, 04:10,T,54,5.0       ,298.3,42
14.025,105.396,315.3,3.6,1.8,2016-02-05, 04:10,T,22,5.0       ,295.2,49.9
15.122,98.982,314.4,1.2,1.1,2016-02-05, 04:10,T,59,5.0       ,298.7,13.7
15.061,99.362,311.3,1.3,1.1,2016-02-05, 04:10,T,42,5.0       ,298.6,9.2
15.059,99.374,319.7,1.3,1.1,2016-02-05, 04:10,T,72,5.0       ,299.8,21.7
15.028,99.245,310.3,1.2,1.1,2016-02-05, 04:10,T,33,5.0       ,298.7,9.2
15.026,99.256,310.7,1.2,1.1,2016-02-05, 04:10,T,38,5.0       ,297.6,10
15.018,99.244,311.6,1.2,1.1,2016-02-05, 04:10,T,39,5.0       ,299,11.3
14.128,104.507,313.7,3.1,1.7,2016-02-05, 04:10,T,47,5.0       ,297.4,32.1
14.883,100.02,320.2,1.4,1.2,2016-02-05, 04:10,T,72,5.0       ,305.2,13.2
14.118,104.306,317.7,3,1.6,2016-02-05, 04:10,T,68,5.0       ,299.1,45.5
14.014,104.873,327.9,3.3,1.7,2016-02-05, 04:10,T,81,5.0       ,300,111.6
14.899,99.668,320.5,1.3,1.1,2016-02-05, 04:10,T,55,5.0       ,303.4,13.5
14.897,99.68,324.8,1.3,1.1,2016-02-05, 04:10,T,74,5.0       ,304.7,22.4
14.955,99.257,312.3,1.2,1.1,2016-02-05, 04:10,T,42,5.0       ,301.2,10.4
14.003,104.864,319.3,3.3,1.7,2016-02-05, 04:10,T,71,5.0       ,299.1,50.7
13.997,104.894,317.5,3.3,1.7,2016-02-05, 04:10,T,47,5.0       ,299.1,42.9
14.941,99.214,317.1,1.2,1.1,2016-02-05, 04:10,T,60,5.0       ,301,15.2
14.939,99.225,314.8,1.2,1.1,2016-02-05, 04:10,T,51,5.0       ,302.7,10.6
13.813,105.727,314.9,3.9,1.8,2016-02-05, 04:10,T,34,5.0       ,296.5,45.7
13.953,104.792,320.4,3.3,1.7,2016-02-05, 04:10,T,73,5.0       ,298.8,67.1
13.629,106.341,314.6,4.3,1.9,2016-02-05, 04:10,T,61,5.0       ,290.1,59
14.873,99.26,316.2,1.2,1.1,2016-02-05, 04:10,T,65,5.0       ,301.3,14.2
13.626,106.335,313.4,4.3,1.9,2016-02-05, 04:10,T,49,5.0       ,289.8,48.8
14.836,99.166,314.3,1.2,1.1,2016-02-05, 04:10,T,54,5.0       ,299.4,10.7
14.834,99.177,314.2,1.2,1.1,2016-02-05, 04:10,T,50,5.0       ,300.4,12.2
13.794,105.07,321.9,3.4,1.7,2016-02-05, 04:10,T,75,5.0       ,298.3,69.6
14.817,99.094,330.1,1.2,1.1,2016-02-05, 04:10,T,83,5.0       ,300.8,39.1
14.82,99.017,316.4,1.2,1.1,2016-02-05, 04:10,T,61,5.0       ,301.9,12.5
13.661,105.513,311.2,3.8,1.8,2016-02-05, 04:10,T,35,5.0       ,294.5,47.7
13.67,105.507,311.5,3.8,1.8,2016-02-05, 04:10,T,43,5.0       ,295,51.3
14.05,103.309,322.2,2.5,1.5,2016-02-05, 04:10,T,75,5.0       ,299.6,46.7
13.901,103.82,315.5,2.8,1.6,2016-02-05, 04:10,T,60,5.0       ,299.5,33.7
13.831,104.123,318.7,2.9,1.6,2016-02-05, 04:10,T,67,5.0       ,300.7,37
13.912,103.816,314.1,2.8,1.6,2016-02-05, 04:10,T,59,5.0       ,298.1,29.2
14.418,100.671,320.5,1.6,1.2,2016-02-05, 04:10,T,73,5.0       ,303.6,20.4
13.767,104.216,316,3,1.6,2016-02-05, 04:10,T,64,5.0       ,298.6,33.7
13.551,104.721,320.9,3.3,1.7,2016-02-05, 04:10,T,67,5.0       ,296.9,71.2
13.545,104.751,319.6,3.3,1.7,2016-02-05, 04:10,T,56,5.0       ,297.7,58.4
13.554,104.716,318.7,3.3,1.7,2016-02-05, 04:10,T,62,5.0       ,296.3,60.5
13.549,104.746,323.3,3.3,1.7,2016-02-05, 04:10,T,76,5.0       ,297.7,90
14.126,101.254,318.3,1.7,1.3,2016-02-05, 04:10,T,69,5.0       ,300.6,18.7
13.464,104.949,318.7,3.4,1.7,2016-02-05, 04:10,T,70,5.0       ,297.1,52.3
14.006,101.533,312.8,1.8,1.3,2016-02-05, 04:10,T,25,5.0       ,296.1,12.3
13.959,101.805,325.7,1.9,1.4,2016-02-05, 04:10,T,79,5.0       ,300.4,48.4
13.955,101.797,323.8,1.9,1.4,2016-02-05, 04:10,T,77,5.0       ,300.1,45.8
13.396,104.649,314.5,3.3,1.7,2016-02-05, 04:10,T,61,5.0       ,292.8,31.5
13.399,104.644,316.2,3.3,1.7,2016-02-05, 04:10,T,65,5.0       ,292.7,40
14.28,99.307,313.6,1.3,1.1,2016-02-05, 04:10,T,59,5.0       ,301.1,10.4
14.027,100.109,313.6,1.4,1.2,2016-02-05, 04:10,T,59,5.0       ,299.3,12.2
14.2,98.973,316.9,1.2,1.1,2016-02-05, 04:10,T,58,5.0       ,304.6,12.1
14.001,98.939,311.7,1.2,1.1,2016-02-05, 04:10,T,42,5.0       ,299.4,9
13.832,98.968,315.7,1.2,1.1,2016-02-05, 04:10,T,64,5.0       ,299.8,15.5
13.739,98.969,317.5,1.2,1.1,2016-02-05, 04:10,T,24,5.0       ,299.8,16.4
13.72,99.025,311.7,1.2,1.1,2016-02-05, 04:10,T,44,5.0       ,299.2,7.9
12.834,103.447,322.6,2.7,1.6,2016-02-05, 04:10,T,75,5.0       ,294.7,68
12.83,103.441,323.9,2.7,1.6,2016-02-05, 04:10,T,77,5.0       ,295.1,78
13.402,99.611,312,1.4,1.2,2016-02-05, 04:10,T,31,5.0       ,300,10.3
12.672,103.129,314.5,2.6,1.5,2016-02-05, 04:10,T,48,5.0       ,292.6,27.8
13.143,99.738,319.8,1.4,1.2,2016-02-05, 04:10,T,72,5.0       ,302,17.9
13.133,99.736,318.4,1.4,1.2,2016-02-05, 04:10,T,69,5.0       ,301.9,14.4
12.558,102.885,311.5,2.5,1.5,2016-02-05, 04:10,T,31,5.0       ,286.1,30.3
11.586,104.153,317.9,3.2,1.7,2016-02-05, 04:10,T,26,5.0       ,288,50.2
11.607,103.95,311.9,3.1,1.7,2016-02-05, 04:10,T,39,5.0       ,281,38.4
11.602,103.977,313.7,3.1,1.7,2016-02-05, 04:10,T,53,5.0       ,280.7,48.3
11.571,104.151,324,3.2,1.7,2016-02-05, 04:10,T,77,5.0       ,288.1,94.5
11.525,104.234,317.2,3.3,1.7,2016-02-05, 04:10,T,67,5.0       ,292.7,45.3
11.513,104.225,317.1,3.3,1.7,2016-02-05, 04:10,T,66,5.0       ,292.6,43.1
11.178,104.207,328.3,3.3,1.7,2016-02-05, 04:10,T,81,5.0       ,293.2,135.7
11.182,104.2,323.3,3.3,1.7,2016-02-05, 04:10,T,76,5.0       ,293.3,92.6
11.167,104.198,321.3,3.3,1.7,2016-02-05, 04:10,T,72,5.0       ,293.1,81.1
11.785,99.512,328.3,1.4,1.2,2016-02-05, 04:10,T,81,5.0       ,298.6,47.2
11.783,99.525,323.2,1.4,1.2,2016-02-05, 04:10,T,76,5.0       ,297.9,34.8
10.977,104.127,319.4,3.3,1.7,2016-02-05, 04:10,T,71,5.0       ,292,101.3
10.981,104.12,314.4,3.3,1.7,2016-02-05, 04:10,T,58,5.0       ,291.7,72.3
10.976,104.151,313.3,3.3,1.7,2016-02-05, 04:10,T,44,5.0       ,292.6,56.8
6.492,100.404,311.9,2.1,1.4,2016-02-05, 04:15,T,52,5.0       ,288.6,23.7
27.646,111.71,312.8,1.1,1,2016-02-05, 05:40,A,56,5.0       ,283.9,21.9
29.195,112.974,312.9,1,1,2016-02-05, 05:40,A,53,5.0       ,285.4,17.8
29.194,112.964,312.8,1,1,2016-02-05, 05:40,A,56,5.0       ,285.6,17.5
29.704,114.906,365.5,1.1,1,2016-02-05, 05:40,A,100,5.0       ,288.3,126.2
29.702,114.895,347.2,1.1,1,2016-02-05, 05:40,A,94,5.0       ,286,75.8
30.992,114.232,314.7,1,1,2016-02-05, 05:40,A,62,5.0       ,285.9,20
30.981,114.006,311.3,1,1,2016-02-05, 05:40,A,48,5.0       ,284.9,16.7
-2.527,121.354,317.8,1,1,2016-02-05, 05:30,A,62,5.0       ,300.6,9.8
-1.522,122.264,319.9,1.1,1,2016-02-05, 05:30,A,44,5.0       ,296.3,10.1
13.252,99.572,317.8,2.4,1.5,2016-02-05, 07:15,A,52,5.0       ,299.8,35.9
13.921,103.214,323.6,4.7,2,2016-02-05, 07:15,A,77,5.0       ,300.2,99.9
13.919,103.209,323.1,4.7,2,2016-02-05, 07:15,A,76,5.0       ,300.4,97.2
13.966,101.621,321.6,3.6,1.8,2016-02-05, 07:15,A,74,5.0       ,301,77
13.979,101.646,318.6,3.6,1.8,2016-02-05, 07:15,A,49,5.0       ,301.7,51.2
13.976,101.613,319.4,3.6,1.8,2016-02-05, 07:15,A,58,5.0       ,301.7,56
13.728,99.083,317.4,2.3,1.5,2016-02-05, 07:15,A,68,5.0       ,300.8,33.4
13.873,99.623,326.1,2.5,1.5,2016-02-05, 07:15,A,79,5.0       ,303.8,49.7
13.87,99.6,329,2.5,1.5,2016-02-05, 07:15,A,82,5.0       ,303.8,62
13.879,99.617,329.6,2.5,1.5,2016-02-05, 07:15,A,82,5.0       ,303.6,69.2
13.876,99.594,323.8,2.5,1.5,2016-02-05, 07:15,A,77,5.0       ,303.7,35.2
13.957,99.06,321.1,2.3,1.5,2016-02-05, 07:15,A,48,5.0       ,305.6,34
13.995,98.93,318.2,2.2,1.4,2016-02-05, 07:15,A,67,5.0       ,302.8,31.7
14.008,98.928,315.7,2.2,1.4,2016-02-05, 07:15,A,36,5.0       ,301.6,22.4
14.295,100.772,317.6,3.1,1.7,2016-02-05, 07:15,A,68,5.0       ,300.8,40.2
14.271,99.304,316.3,2.4,1.5,2016-02-05, 07:15,A,59,5.0       ,300.8,25.8
15.235,102.188,321,4.1,1.9,2016-02-05, 07:15,A,69,5.0       ,302.5,65.4
15.289,102.541,322.8,4.4,1.9,2016-02-05, 07:15,A,68,5.0       ,301.4,92.4
15.237,102.182,322.6,4.1,1.9,2016-02-05, 07:15,A,75,5.0       ,302.4,84.1
15.29,102.536,321.9,4.4,1.9,2016-02-05, 07:15,A,70,5.0       ,301.5,85.6
14.936,99.205,317,2.4,1.5,2016-02-05, 07:15,A,63,5.0       ,302.1,29.9
15.236,99.194,319.9,2.4,1.5,2016-02-05, 07:15,A,72,5.0       ,299.5,46.8
15.48,100.44,324.3,3.1,1.7,2016-02-05, 07:15,A,77,5.0       ,304.2,49.1
15.481,100.432,326.3,3.1,1.7,2016-02-05, 07:15,A,79,5.0       ,304.1,61.9
15.562,100.628,322,3.2,1.7,2016-02-05, 07:15,A,75,5.0       ,303.9,41.8
15.573,100.308,320.8,3,1.6,2016-02-05, 07:15,A,56,5.0       ,302.4,32.4
16.419,100.469,320.6,3.2,1.7,2016-02-05, 07:15,A,41,5.0       ,304.1,53.5
16.422,99.928,322.6,2.9,1.6,2016-02-05, 07:15,A,75,5.0       ,304.4,53.7
16.419,99.901,318.8,2.9,1.6,2016-02-05, 07:15,A,70,5.0       ,302.9,33.8
16.422,99.923,325.5,2.9,1.6,2016-02-05, 07:15,A,79,5.0       ,304.3,71.3
15.99,95.632,325.4,1.4,1.2,2016-02-05, 07:15,A,46,5.0       ,306.2,21.5
15.988,95.619,341,1.4,1.2,2016-02-05, 07:15,A,90,5.0       ,307.6,60.4
15.999,95.618,333,1.4,1.2,2016-02-05, 07:15,A,85,5.0       ,304.8,36
15.933,94.864,318.1,1.2,1.1,2016-02-05, 07:15,A,62,5.0       ,305.4,9.8
16.77,102.401,316.8,4.5,2,2016-02-05, 07:15,A,58,5.0       ,299.3,78.7
15.981,94.927,315.5,1.2,1.1,2016-02-05, 07:15,A,27,5.0       ,303.3,7.4
16.092,95.624,327.1,1.4,1.2,2016-02-05, 07:15,A,80,5.0       ,307,23.4
16.591,99.683,323.7,2.8,1.6,2016-02-05, 07:15,A,77,5.0       ,304.4,65.5
16.691,100.457,332.2,3.2,1.7,2016-02-05, 07:15,A,84,5.0       ,303.2,146.1
16.595,99.703,321.6,2.8,1.6,2016-02-05, 07:15,A,69,5.0       ,303,53.1
16.593,99.678,321.1,2.8,1.6,2016-02-05, 07:15,A,65,5.0       ,304.7,49.1
16.687,100.452,330.4,3.2,1.7,2016-02-05, 07:15,A,83,5.0       ,303.7,136.5
16.13,95.138,320.3,1.3,1.1,2016-02-05, 07:15,A,55,5.0       ,303.8,21.3
16.247,95.909,320.2,1.4,1.2,2016-02-05, 07:15,A,61,5.0       ,306.3,15.8
16.264,95.961,322.4,1.5,1.2,2016-02-05, 07:15,A,65,5.0       ,305.9,20.5
16.257,95.907,329.3,1.4,1.2,2016-02-05, 07:15,A,82,5.0       ,307,35.2
16.274,95.959,321.6,1.5,1.2,2016-02-05, 07:15,A,64,5.0       ,304.9,18.8
16.509,97.826,327.1,2,1.4,2016-02-05, 07:15,A,77,5.0       ,307.9,40.8
16.113,94.53,325.1,1.2,1.1,2016-02-05, 07:15,A,0,5.0       ,308.1,16.6
16.535,97.73,327.9,2,1.4,2016-02-05, 07:15,A,68,5.0       ,308.3,49.9
16.321,95.981,336,1.5,1.2,2016-02-05, 07:15,A,87,5.0       ,307.6,54.6
16.319,95.967,335.4,1.5,1.2,2016-02-05, 07:15,A,87,5.0       ,305.2,52.3
16.37,96.198,330.8,1.5,1.2,2016-02-05, 07:15,A,83,5.0       ,308.3,33.9
16.368,96.184,323.6,1.5,1.2,2016-02-05, 07:15,A,48,5.0       ,307.5,16.2
16.371,96.192,335.6,1.5,1.2,2016-02-05, 07:15,A,87,5.0       ,308.6,47.7
16.372,96.107,326.5,1.5,1.2,2016-02-05, 07:15,A,80,5.0       ,310.4,23
16.799,97.984,320.6,2.1,1.4,2016-02-05, 07:15,A,71,5.0       ,304.8,28.7
16.796,97.964,332.7,2.1,1.4,2016-02-05, 07:15,A,85,5.0       ,307,75.7
16.573,95.984,316.8,1.5,1.2,2016-02-05, 07:15,A,61,5.0       ,305.6,12.3
17.143,100.467,314.6,3.2,1.7,2016-02-05, 07:15,A,50,5.0       ,300.6,39
16.863,97.738,326.4,2,1.4,2016-02-05, 07:15,A,80,5.0       ,307,41.8
16.898,97.259,325.8,1.8,1.3,2016-02-05, 07:15,A,79,5.0       ,307,31.8
17.133,97.724,318.5,2,1.4,2016-02-05, 07:15,A,70,5.0       ,304.4,21.4
17.764,101.218,319.9,3.8,1.8,2016-02-05, 07:15,A,72,5.0       ,297.9,91.7
17.756,101.211,317.1,3.8,1.8,2016-02-05, 07:15,A,67,5.0       ,298,75.3
17.305,96.269,319.1,1.6,1.2,2016-02-05, 07:15,A,59,5.0       ,303.7,19.7
17.584,95.752,324,1.5,1.2,2016-02-05, 07:15,A,62,5.0       ,310.8,20
17.948,96.779,331,1.8,1.3,2016-02-05, 07:15,A,84,5.0       ,309.1,48.5
17.946,96.763,323.8,1.7,1.3,2016-02-05, 07:15,A,77,5.0       ,308.7,24
17.882,94.992,315.9,1.3,1.1,2016-02-05, 07:15,A,65,5.0       ,304.6,12.6
18.057,95.884,321.3,1.5,1.2,2016-02-05, 07:15,A,66,5.0       ,305.2,23
18.06,95.877,319.2,1.5,1.2,2016-02-05, 07:15,A,33,5.0       ,305.4,16.7
18.371,96.693,324.7,1.8,1.3,2016-02-05, 07:15,A,66,5.0       ,308.2,32.3
18.327,95.639,324,1.5,1.2,2016-02-05, 07:15,A,70,5.0       ,310.5,18.4
18.372,95.164,328.5,1.4,1.2,2016-02-05, 07:15,A,81,5.0       ,309.1,28
18.5,95.852,321.4,1.5,1.2,2016-02-05, 07:15,A,74,5.0       ,305.7,20.3
18.488,95.752,325.2,1.5,1.2,2016-02-05, 07:15,A,78,5.0       ,308.7,22
18.499,95.751,324.9,1.5,1.2,2016-02-05, 07:15,A,78,5.0       ,308.1,21.9
18.955,97.506,316.7,2.1,1.4,2016-02-05, 07:15,A,63,5.0       ,303.6,26.3
18.687,94.986,321.5,1.4,1.2,2016-02-05, 07:15,A,74,5.0       ,305.6,13.1
18.686,94.992,323.3,1.4,1.2,2016-02-05, 07:15,A,76,5.0       ,306.4,17.4
18.725,95.051,325.5,1.4,1.2,2016-02-05, 07:15,A,79,5.0       ,309,19.3
18.723,95.039,341.8,1.4,1.2,2016-02-05, 07:15,A,91,5.0       ,307.6,60.9
18.733,95.037,321.6,1.4,1.2,2016-02-05, 07:15,A,57,5.0       ,307.2,11
18.809,94.827,319.8,1.3,1.1,2016-02-05, 07:15,A,71,5.0       ,305.7,16.4
18.948,95.568,326.7,1.5,1.2,2016-02-05, 07:15,A,80,5.0       ,310.3,24.2
19.017,95.687,320.3,1.5,1.2,2016-02-05, 07:15,A,37,5.0       ,307.3,16.8
19.028,95.686,349.3,1.5,1.2,2016-02-05, 07:15,A,95,5.0       ,308.7,106.6
19.233,97.319,318.4,2,1.4,2016-02-05, 07:15,A,54,5.0       ,306.5,23.6
19.039,95.684,321.5,1.5,1.2,2016-02-05, 07:15,A,65,5.0       ,306.5,21.7
19.035,95.354,325.1,1.4,1.2,2016-02-05, 07:15,A,78,5.0       ,311.6,14.7
19.374,97.405,317.9,2,1.4,2016-02-05, 07:15,A,53,5.0       ,306.1,24.9
19.179,95.697,321.9,1.5,1.2,2016-02-05, 07:15,A,75,5.0       ,306.7,21.9
19.177,95.104,320.8,1.4,1.2,2016-02-05, 07:15,A,73,5.0       ,306,16.4
19.475,97.385,319.8,2,1.4,2016-02-05, 07:15,A,69,5.0       ,303.6,35.3
19.245,95.136,322.7,1.4,1.2,2016-02-05, 07:15,A,76,5.0       ,305.2,19.7
19.243,95.122,320.6,1.4,1.2,2016-02-05, 07:15,A,73,5.0       ,305.9,16.2
19.404,96.343,331.8,1.7,1.3,2016-02-05, 07:15,A,71,5.0       ,313.6,43.3
19.403,96.353,333.3,1.7,1.3,2016-02-05, 07:15,A,85,5.0       ,313.6,50.4
14.836,120.907,316.2,1,1,2016-02-05, 02:35,T,41,5.0       ,297.6,6.8
12.525,120.951,318.8,1,1,2016-02-05, 02:35,T,24,5.0       ,300.9,11.6
12.522,120.969,317.4,1,1,2016-02-05, 02:35,T,35,5.0       ,299.9,9.9
12.489,121.067,317.5,1,1,2016-02-05, 02:35,T,29,5.0       ,299.6,9.9
10.738,123.032,316.8,1.2,1.1,2016-02-05, 02:35,T,67,5.0       ,293.4,14
7.68,124.935,321.8,1.9,1.3,2016-02-05, 02:35,T,63,5.0       ,299.1,26.4
6.285,125.358,317,2.2,1.4,2016-02-05, 02:35,T,57,5.0       ,296.6,35.2
5.516,115.637,316.6,1.3,1.1,2016-02-05, 02:35,T,50,5.0       ,298.4,13.9
1.447,125.147,310.5,2.5,1.5,2016-02-05, 02:35,T,18,5.0       ,294.5,35
1.451,124.837,312.6,2.4,1.5,2016-02-05, 02:35,T,24,5.0       ,294.6,30.8
1.041,120.825,313.2,1.2,1.1,2016-02-05, 02:35,T,34,5.0       ,297.8,12.6
0.648,117.442,322.2,1,1,2016-02-05, 02:35,T,30,5.0       ,297.9,13
0.41,116.743,323.6,1,1,2016-02-05, 02:35,T,56,5.0       ,301.9,13.9
0.383,116.925,318.2,1,1,2016-02-05, 02:35,T,31,5.0       ,300.1,9.7
0.389,116.762,322.3,1,1,2016-02-05, 02:35,T,41,5.0       ,301.1,12.2
0.361,116.767,320.3,1,1,2016-02-05, 02:35,T,61,5.0       ,300.5,11.5
0.191,117.107,317.5,1,1,2016-02-05, 02:35,T,61,5.0       ,298.7,10.7
0.158,116.641,322.4,1,1,2016-02-05, 02:35,T,53,5.0       ,295.9,16.4
-0.506,116.773,317.5,1,1,2016-02-05, 02:35,T,60,5.0       ,299.3,11.8
-0.459,116.387,356.1,1,1,2016-02-05, 02:35,T,98,5.0       ,299.3,81.1
-2.585,115.383,317.8,1.1,1,2016-02-05, 02:40,T,57,5.0       ,296.7,11.6
-2.447,114.384,336.9,1.2,1.1,2016-02-05, 02:40,T,76,5.0       ,294.4,47.5
-2.448,114.395,321.6,1.2,1.1,2016-02-05, 02:40,T,42,5.0       ,294.9,15.8
-3.607,115.933,315.1,1,1,2016-02-05, 02:40,T,48,5.0       ,295.6,9
-8.865,120.665,316.5,1.7,1.3,2016-02-05, 02:40,T,0,5.0       ,293.8,24.6
21.803,96.416,317.6,1.9,1.3,2016-02-05, 07:20,A,65,5.0       ,300.2,32.7
21.801,96.399,323.6,1.9,1.3,2016-02-05, 07:20,A,77,5.0       ,302,49.3
22.08,97.455,318.5,2.3,1.5,2016-02-05, 07:20,A,54,5.0       ,304.7,29.5
22.307,97.518,318,2.3,1.5,2016-02-05, 07:20,A,69,5.0       ,299.9,40.9
22.016,93.287,310.1,1.2,1.1,2016-02-05, 07:20,A,24,5.0       ,299.4,10.1
22.014,93.276,318.6,1.2,1.1,2016-02-05, 07:20,A,70,5.0       ,304.5,22.8
22.434,96.522,317.2,1.9,1.4,2016-02-05, 07:20,A,50,5.0       ,302.3,29.9
22.439,96.535,314.5,2,1.4,2016-02-05, 07:20,A,48,5.0       ,299.3,24.4
22.48,96.568,318,2,1.4,2016-02-05, 07:20,A,66,5.0       ,300.8,39.9
22.596,97.049,320.1,2.1,1.4,2016-02-05, 07:20,A,72,5.0       ,300.3,47.2
22.57,95.323,318,1.6,1.2,2016-02-05, 07:20,A,69,5.0       ,303.5,17.1
22.358,93.569,311.7,1.2,1.1,2016-02-05, 07:20,A,46,5.0       ,301.2,13.2
22.007,90.442,314.5,1,1,2016-02-05, 07:20,A,56,5.0       ,302.7,6.2
22.103,90.538,313.9,1,1,2016-02-05, 07:20,A,56,5.0       ,300.9,6.7
22.761,95.592,319.2,1.7,1.3,2016-02-05, 07:20,A,71,5.0       ,303.2,21.3
26.037,94.309,322.7,1.5,1.2,2016-02-05, 07:20,A,75,5.0       ,293.9,43.2
26.198,94.421,312.3,1.6,1.2,2016-02-05, 07:20,A,54,5.0       ,293.6,24.2
26.199,94.431,313.4,1.6,1.2,2016-02-05, 07:20,A,54,5.0       ,293.4,25.4
25.975,92.373,318.9,1.2,1.1,2016-02-05, 07:20,A,70,5.0       ,295.3,24.8
26.189,92.223,318.2,1.2,1.1,2016-02-05, 07:20,A,69,5.0       ,297.9,19.6
26.166,91.469,321.4,1.1,1,2016-02-05, 07:20,A,74,5.0       ,300.3,18
26.164,91.458,320.2,1.1,1,2016-02-05, 07:20,A,72,5.0       ,301.8,15.8
26.718,90.859,310.2,1,1,2016-02-05, 07:20,A,25,5.0       ,296.9,6.3
26.477,88.75,325.5,1,1,2016-02-05, 07:20,A,79,5.0       ,299.7,22.3
28.114,95.553,324.5,2,1.4,2016-02-05, 07:20,A,78,5.0       ,294.3,70.8
28.112,95.533,311.2,2,1.4,2016-02-05, 07:20,A,47,5.0       ,293.1,29.6
28.868,95.994,313.2,2.2,1.4,2016-02-05, 07:20,A,37,5.0       ,298,54.4
-2.228,114.757,313.9,2,1.4,2016-02-05, 05:30,A,31,5.0       ,293.9,26.3
-0.865,116.66,318.1,1.4,1.2,2016-02-05, 05:35,A,52,5.0       ,299.5,21.8
-0.443,117.32,314.6,1.2,1.1,2016-02-05, 05:35,A,61,5.0       ,296.1,9.4
-0.517,116.381,319.5,1.4,1.2,2016-02-05, 05:35,A,51,5.0       ,297.8,23.2
-0.518,116.368,317.7,1.4,1.2,2016-02-05, 05:35,A,19,5.0       ,297.7,20.2
-0.455,116.314,330.3,1.4,1.2,2016-02-05, 05:35,A,67,5.0       ,296.1,38.6
-0.349,116.345,339.9,1.4,1.2,2016-02-05, 05:35,A,68,5.0       ,298.8,70.8
-0.224,117.136,316.2,1.3,1.1,2016-02-05, 05:35,A,43,5.0       ,296,11.4
-0.26,116.54,316.3,1.4,1.2,2016-02-05, 05:35,A,48,5.0       ,297.1,13.9
-0.123,116.49,318.8,1.4,1.2,2016-02-05, 05:35,A,51,5.0       ,298.3,20.1
-0.124,116.477,316.9,1.4,1.2,2016-02-05, 05:35,A,40,5.0       ,296.4,17.1
0.154,116.64,350.8,1.3,1.1,2016-02-05, 05:35,A,83,5.0       ,294.6,101.6
0.164,116.638,316.4,1.3,1.1,2016-02-05, 05:35,A,41,5.0       ,295.1,16.4
0.229,117.017,319.5,1.3,1.1,2016-02-05, 05:35,A,62,5.0       ,300.3,13.8
0.175,116.637,319.6,1.3,1.1,2016-02-05, 05:35,A,64,5.0       ,298.9,21.7
0.216,116.65,321.4,1.3,1.1,2016-02-05, 05:35,A,50,5.0       ,299.8,19.6
0.138,116.122,316.7,1.4,1.2,2016-02-05, 05:35,A,64,5.0       ,297.2,17.5
1.445,125.196,316.5,1.9,1.3,2016-02-05, 05:35,A,39,5.0       ,297.3,27.1
1.442,125.18,317.6,1.9,1.3,2016-02-05, 05:35,A,28,5.0       ,297.9,27.4
0.28,116.877,321.5,1.3,1.1,2016-02-05, 05:35,A,39,5.0       ,299.5,16.2
0.361,116.94,326.9,1.3,1.1,2016-02-05, 05:35,A,37,5.0       ,302.7,24.5
1.04,120.817,320,1,1,2016-02-05, 05:35,A,0,5.0       ,301.4,12.3
0.628,117.643,320.2,1.1,1.1,2016-02-05, 05:35,A,30,5.0       ,296.9,20.6
0.583,117.133,318.2,1.2,1.1,2016-02-05, 05:35,A,67,5.0       ,296,19.9
0.582,117.122,312.1,1.2,1.1,2016-02-05, 05:35,A,35,5.0       ,295.3,10.6
0.752,117.734,313.9,1.1,1.1,2016-02-05, 05:35,A,36,5.0       ,297.1,12.1
3.511,117.847,316.9,1.1,1,2016-02-05, 05:35,A,33,5.0       ,301.5,11.6
3.863,114.222,313.7,1.7,1.3,2016-02-05, 05:35,A,54,5.0       ,295.2,24.5
5.514,115.699,334.7,1.3,1.1,2016-02-05, 05:35,A,81,5.0       ,297.6,51.8
5.512,115.688,327.2,1.3,1.1,2016-02-05, 05:35,A,80,5.0       ,298.2,35.1
11.906,119.893,315.2,1.2,1.1,2016-02-05, 05:35,A,55,5.0       ,298.9,10
12.524,120.948,319,1.3,1.1,2016-02-05, 05:35,A,30,5.0       ,299.7,16.2
13.483,107.143,311.8,4.1,1.9,2016-02-05, 05:35,A,36,5.0       ,278.5,67.5
13.641,106.536,315.3,4.5,2,2016-02-05, 05:35,A,48,5.0       ,291.2,44
13.642,106.532,315.7,4.5,2,2016-02-05, 05:35,A,57,5.0       ,291.4,54.3
14.272,108.068,314,3.4,1.7,2016-02-05, 05:35,A,60,5.0       ,292.7,58
14.267,108.065,313.2,3.4,1.7,2016-02-05, 05:35,A,56,5.0       ,292.1,51.6
23.058,97.777,310.4,2.5,1.5,2016-02-05, 07:20,A,30,5.0       ,297.7,32.1
22.6,93.483,313.2,1.2,1.1,2016-02-05, 07:20,A,54,5.0       ,296.9,17.7
22.599,93.391,311.6,1.2,1.1,2016-02-05, 07:20,A,50,5.0       ,299.9,13.3
22.713,93.497,320.4,1.2,1.1,2016-02-05, 07:20,A,70,5.0       ,298,24.8
22.712,93.485,315.7,1.2,1.1,2016-02-05, 07:20,A,47,5.0       ,299,17.9
22.714,93.49,322.6,1.2,1.1,2016-02-05, 07:20,A,72,5.0       ,299.2,30.2
23.157,93.701,328.5,1.3,1.1,2016-02-05, 07:20,A,81,5.0       ,297.5,43.4
23.155,93.69,312.3,1.3,1.1,2016-02-05, 07:20,A,37,5.0       ,299,13.7
22.902,91.713,315,1,1,2016-02-05, 07:20,A,63,5.0       ,303.2,10.4
23.848,93.615,340.2,1.3,1.1,2016-02-05, 07:20,A,90,5.0       ,295.2,77.1
25.054,97.377,312.5,2.4,1.5,2016-02-05, 07:20,A,48,5.0       ,295.5,37.3
25.06,97.37,310.3,2.4,1.5,2016-02-05, 07:20,A,35,5.0       ,295.4,31.4
24.698,93.679,314.7,1.3,1.1,2016-02-05, 07:20,A,62,5.0       ,294.3,22.3
24.89,94.448,340.3,1.5,1.2,2016-02-05, 07:20,A,90,5.0       ,292.5,95.6
24.889,94.436,319,1.5,1.2,2016-02-05, 07:20,A,70,5.0       ,295.2,37.4
25.272,95.918,310.3,1.9,1.4,2016-02-05, 07:20,A,36,5.0       ,290,26.3
24.984,92.349,314.5,1.2,1.1,2016-02-05, 07:20,A,61,5.0       ,301,9.9
25.297,90.533,318.4,1,1,2016-02-05, 07:20,A,69,5.0       ,298.1,17.6
25.387,91.065,311.2,1,1,2016-02-05, 07:20,A,47,5.0       ,297.2,11
25.705,92.49,312.8,1.2,1.1,2016-02-05, 07:20,A,52,5.0       ,292.6,16.2
25.581,90.999,319.7,1,1,2016-02-05, 07:20,A,71,5.0       ,294.8,22.2
26.007,94.255,326.3,1.5,1.2,2016-02-05, 07:20,A,79,5.0       ,292.8,52.4
26.01,94.265,315.3,1.5,1.2,2016-02-05, 07:20,A,63,5.0       ,292.4,29.7
26.009,94.249,317.2,1.5,1.2,2016-02-05, 07:20,A,67,5.0       ,292.7,34.9
10.591,107.503,313.2,1.2,1.1,2016-02-05, 15:00,T,81,5.0       ,291.2,19.4
11.699,104.345,306.3,1.8,1.3,2016-02-05, 15:00,T,19,5.0       ,291.3,18.6
11.707,104.354,306.9,1.8,1.3,2016-02-05, 15:00,T,50,5.0       ,291.4,20.9
11.76,103.969,310,2,1.4,2016-02-05, 15:00,T,69,5.0       ,289.8,33
11.757,103.952,311.1,2,1.4,2016-02-05, 15:00,T,73,5.0       ,289.8,36.3
12.137,106.235,306.1,1.3,1.1,2016-02-05, 15:00,T,41,5.0       ,291.5,12.2
12.562,106.134,308,1.3,1.1,2016-02-05, 15:00,T,58,5.0       ,294.8,13.3
12.578,106.107,305.2,1.3,1.1,2016-02-05, 15:00,T,24,5.0       ,295.1,9.3
12.682,106.641,306.7,1.2,1.1,2016-02-05, 15:00,T,48,5.0       ,292.7,11.3
12.54,105.729,305.4,1.4,1.2,2016-02-05, 15:00,T,30,5.0       ,293,12.2
12.756,107.067,307.7,1.2,1.1,2016-02-05, 15:00,T,56,5.0       ,287.9,14.2
12.661,106.05,305.3,1.3,1.1,2016-02-05, 15:00,T,24,5.0       ,293.4,9.9
12.87,105.623,308.5,1.4,1.2,2016-02-05, 15:00,T,61,5.0       ,295.3,14.6
13.509,108.411,306.8,1,1,2016-02-05, 15:00,T,49,5.0       ,286.1,12.9
12.645,102.816,308.5,2.3,1.5,2016-02-05, 15:00,T,61,5.0       ,292.9,40
12.642,102.812,308.8,2.3,1.5,2016-02-05, 15:00,T,63,5.0       ,293.2,40.6
13.459,107.098,305.7,1.1,1.1,2016-02-05, 15:00,T,36,5.0       ,290.2,10.9
13.549,106.285,310.6,1.3,1.1,2016-02-05, 15:00,T,72,5.0       ,294.6,16.2
13.547,106.274,305.8,1.3,1.1,2016-02-05, 15:00,T,38,5.0       ,294.4,9.6
13.844,107.328,306.2,1.1,1.1,2016-02-05, 15:00,T,43,5.0       ,289.8,11.6
13.665,106.111,305.8,1.3,1.1,2016-02-05, 15:00,T,38,5.0       ,294.9,9.9
14.048,105.555,307.2,1.4,1.2,2016-02-05, 15:05,T,52,5.0       ,291.9,15.9
13.99,104.492,305.7,1.6,1.3,2016-02-05, 15:05,T,35,5.0       ,294,15.6
14.09,104.903,308.2,1.5,1.2,2016-02-05, 15:05,T,59,5.0       ,294.5,17
14.101,104.901,307.4,1.5,1.2,2016-02-05, 15:05,T,54,5.0       ,294.5,15.7
14.095,104.911,305.4,1.5,1.2,2016-02-05, 15:05,T,29,5.0       ,294.2,12.6
14.092,104.897,308.8,1.5,1.2,2016-02-05, 15:05,T,63,5.0       ,294.7,18
14.092,104.266,310.1,1.7,1.3,2016-02-05, 15:05,T,69,5.0       ,292.7,29.6
14.089,104.26,312.9,1.7,1.3,2016-02-05, 15:05,T,80,5.0       ,292.4,35.5
14.047,104.007,305.7,1.8,1.3,2016-02-05, 15:05,T,27,5.0       ,293.3,17.8
14.355,103.766,319.8,1.8,1.3,2016-02-05, 15:05,T,99,5.0       ,295.3,53.2
16.157,103.797,305.6,1.7,1.3,2016-02-05, 15:05,T,34,5.0       ,291.2,23.1
2.015,117.654,310.5,1.2,1.1,2016-02-05, 17:55,A,71,5.0       ,292.3,15.6
-2.448,114.383,319.4,1,1,2016-02-05, 17:55,A,98,5.0       ,287.1,23.2