latitude,longitude,brightness,scan,track,acq_date,acq_time,satellite,confidence,version,bright_t31,frp
12.778,103.821,330.8,1.9,1.4,2016-02-24,06:10,A,83,5.0       ,300.8,64.6
12.775,103.803,322.7,1.9,1.4,2016-02-24,06:10,A,52,5.0       ,300.5,35.4
13.223,106.541,341.5,1.2,1.1,2016-02-24,06:10,A,91,5.0       ,306.7,50.6
13.032,105.316,349.6,1.5,1.2,2016-02-24,06:10,A,95,5.0       ,304.5,96.7
13.029,105.302,327.9,1.5,1.2,2016-02-24,06:10,A,69,5.0       ,303.7,29.3
12.802,103.888,320.3,1.9,1.3,2016-02-24,06:10,A,52,5.0       ,299.2,26.9
12.916,104.522,329.3,1.7,1.3,2016-02-24,06:10,A,82,5.0       ,306.8,31.3
13.034,105.31,336.7,1.5,1.2,2016-02-24,06:10,A,88,5.0       ,303.7,54.2
12.916,104.532,324.7,1.7,1.3,2016-02-24,06:10,A,78,5.0       ,306.6,20.3
12.913,104.517,324.9,1.7,1.3,2016-02-24,06:10,A,75,5.0       ,306.3,20.9
12.806,103.883,324.4,1.9,1.3,2016-02-24,06:10,A,73,5.0       ,299.5,42.8
12.842,103.805,321.4,1.9,1.4,2016-02-24,06:10,A,74,5.0       ,300.1,35.7
12.988,104.614,326.7,1.7,1.3,2016-02-24,06:10,A,73,5.0       ,305.9,27.6
12.985,104.599,333,1.7,1.3,2016-02-24,06:10,A,85,5.0       ,304.9,47.6
13.208,105.926,321.3,1.3,1.1,2016-02-24,06:10,A,59,5.0       ,297.6,17.3
12.84,103.641,313.8,2,1.4,2016-02-24,06:10,A,59,5.0       ,299.5,16.8
12.705,107.282,328,1.1,1.1,2016-02-24,06:10,A,71,5.0       ,308.7,16
12.337,104.996,350.6,1.6,1.2,2016-02-24,06:10,A,94,5.0       ,307,108.5
12.32,104.893,330.7,1.6,1.3,2016-02-24,06:10,A,83,5.0       ,305.2,38.7
12.317,104.879,341.8,1.6,1.3,2016-02-24,06:10,A,91,5.0       ,303.8,82
12.348,104.994,330.6,1.6,1.2,2016-02-24,06:10,A,41,5.0       ,306.9,35.8
12.061,103.222,313.3,2.2,1.4,2016-02-24,06:10,A,43,5.0       ,289.9,30.7
12.351,104.873,324.4,1.6,1.3,2016-02-24,06:10,A,29,5.0       ,302.3,27.7
12.196,103.943,321.2,1.9,1.4,2016-02-24,06:10,A,51,5.0       ,297.4,25.3
12.741,107.072,325.2,1.2,1.1,2016-02-24,06:10,A,76,5.0       ,303.7,20.9
12.739,107.061,319.8,1.2,1.1,2016-02-24,06:10,A,29,5.0       ,302.5,12.6
12.403,104.909,354.9,1.6,1.3,2016-02-24,06:10,A,85,5.0       ,303.9,136.7
12.398,104.88,335.6,1.6,1.3,2016-02-24,06:10,A,87,5.0       ,301.3,60
12.393,104.774,323.8,1.7,1.3,2016-02-24,06:10,A,63,5.0       ,304,21.6
12.408,104.873,322.2,1.6,1.3,2016-02-24,06:10,A,39,5.0       ,302.3,20.1
12.547,105.646,348.6,1.4,1.2,2016-02-24,06:10,A,94,5.0       ,306.5,82.1
12.236,103.784,320.9,2,1.4,2016-02-24,06:10,A,45,5.0       ,300.7,25.6
12.42,104.81,327.2,1.6,1.3,2016-02-24,06:10,A,73,5.0       ,303,36.1
12.405,104.719,323.5,1.7,1.3,2016-02-24,06:10,A,75,5.0       ,302.9,22.4
12.439,104.852,334.1,1.6,1.3,2016-02-24,06:10,A,86,5.0       ,303.6,58.8
12.389,104.548,337.5,1.7,1.3,2016-02-24,06:10,A,88,5.0       ,301.5,75.1
12.386,104.533,328.9,1.7,1.3,2016-02-24,06:10,A,77,5.0       ,302.6,43.2
12.251,103.726,319,2,1.4,2016-02-24,06:10,A,49,5.0       ,298.7,24.1
12.426,104.7,325.9,1.7,1.3,2016-02-24,06:10,A,31,5.0       ,302.3,29.2
12.423,104.685,327.9,1.7,1.3,2016-02-24,06:10,A,53,5.0       ,302,35.6
12.288,103.793,322.2,2,1.4,2016-02-24,06:10,A,41,5.0       ,300.8,27
12.47,104.832,322.1,1.6,1.3,2016-02-24,06:10,A,50,5.0       ,303,17.9
12.461,104.772,323.6,1.7,1.3,2016-02-24,06:10,A,77,5.0       ,300.9,27.6
12.479,104.815,321.3,1.6,1.3,2016-02-24,06:10,A,30,5.0       ,302.9,16.2
12.294,103.681,322.8,2,1.4,2016-02-24,06:10,A,43,5.0       ,303.1,28.1
12.627,105.572,323.7,1.4,1.2,2016-02-24,06:10,A,67,5.0       ,302.9,16
12.661,105.714,338.7,1.4,1.2,2016-02-24,06:10,A,84,5.0       ,307.3,50.8
12.659,105.701,336.9,1.4,1.2,2016-02-24,06:10,A,88,5.0       ,305.4,44.5
12.592,105.289,328.4,1.5,1.2,2016-02-24,06:10,A,81,5.0       ,304,28.6
12.671,105.712,326.7,1.4,1.2,2016-02-24,06:10,A,30,5.0       ,304.3,20.7
12.511,104.726,322.3,1.7,1.3,2016-02-24,06:10,A,55,5.0       ,301.7,20.5
12.508,104.711,322.1,1.7,1.3,2016-02-24,06:10,A,51,5.0       ,302.7,22.1
12.337,103.685,321,2,1.4,2016-02-24,06:10,A,73,5.0       ,300.9,19.5
12.667,105.62,327.4,1.4,1.2,2016-02-24,06:10,A,58,5.0       ,305.4,22.2
12.665,105.606,330.1,1.4,1.2,2016-02-24,06:10,A,83,5.0       ,305,29.3
12.625,105.354,323.4,1.5,1.2,2016-02-24,06:10,A,38,5.0       ,305.1,16.3
12.678,105.618,342.8,1.4,1.2,2016-02-24,06:10,A,91,5.0       ,300.5,65.4
12.676,105.605,340.5,1.4,1.2,2016-02-24,06:10,A,90,5.0       ,304,58.7
12.635,105.352,413.2,1.5,1.2,2016-02-24,06:10,A,100,5.0       ,309.1,589
12.633,105.338,345.7,1.5,1.2,2016-02-24,06:10,A,93,5.0       ,304.2,80.4
12.538,104.752,324.3,1.7,1.3,2016-02-24,06:10,A,19,5.0       ,300.9,25.2
12.534,104.722,339,1.7,1.3,2016-02-24,06:10,A,89,5.0       ,301.3,72.3
12.519,104.631,320.5,1.7,1.3,2016-02-24,06:10,A,73,5.0       ,301.5,22.3
12.709,105.745,323.8,1.4,1.2,2016-02-24,06:10,A,29,5.0       ,299.4,20.8
12.707,105.732,333.8,1.4,1.2,2016-02-24,06:10,A,86,5.0       ,301.7,44.4
12.666,105.471,329.4,1.5,1.2,2016-02-24,06:10,A,71,5.0       ,304.9,33.8
12.542,104.705,329.8,1.7,1.3,2016-02-24,06:10,A,83,5.0       ,302.3,46.1
12.674,105.456,356.5,1.5,1.2,2016-02-24,06:10,A,98,5.0       ,304.2,128.6
12.672,105.443,328.9,1.5,1.2,2016-02-24,06:10,A,77,5.0       ,304.2,34.1
12.718,105.664,323,1.4,1.2,2016-02-24,06:10,A,29,5.0       ,301.4,21.5
12.716,105.651,341,1.4,1.2,2016-02-24,06:10,A,90,5.0       ,303.8,66.8
12.714,105.638,341,1.4,1.2,2016-02-24,06:10,A,90,5.0       ,302.5,65.7
12.708,105.599,326.8,1.4,1.2,2016-02-24,06:10,A,69,5.0       ,303.5,27.3
12.683,105.441,323.8,1.5,1.2,2016-02-24,06:10,A,68,5.0       ,304.5,23.3
12.746,105.777,323.4,1.4,1.2,2016-02-24,06:10,A,30,5.0       ,301.4,20.6
12.706,105.519,368.8,1.5,1.2,2016-02-24,06:10,A,100,5.0       ,302.6,188.8
12.576,104.699,332.8,1.7,1.3,2016-02-24,06:10,A,85,5.0       ,301.4,52.8
12.722,105.658,328,1.4,1.2,2016-02-24,06:10,A,63,5.0       ,303.4,35.8
12.72,105.645,343.6,1.4,1.2,2016-02-24,06:10,A,92,5.0       ,304.6,78.5
12.711,105.526,343.3,1.5,1.2,2016-02-24,06:10,A,92,5.0       ,300.7,74.1
12.709,105.513,354.8,1.5,1.2,2016-02-24,06:10,A,97,5.0       ,302.7,120.8
12.577,104.709,325.7,1.7,1.3,2016-02-24,06:10,A,79,5.0       ,301.3,31.5
12.574,104.694,325.8,1.7,1.3,2016-02-24,06:10,A,65,5.0       ,301.4,30
12.726,105.55,348.5,1.4,1.2,2016-02-24,06:10,A,94,5.0       ,302.6,92.6
12.724,105.537,326.4,1.4,1.2,2016-02-24,06:10,A,64,5.0       ,301.9,25.8
12.58,104.662,322.4,1.7,1.3,2016-02-24,06:10,A,40,5.0       ,303.3,22.7
12.764,105.717,330.1,1.4,1.2,2016-02-24,06:10,A,81,5.0       ,298,40.2
12.762,105.704,335.2,1.4,1.2,2016-02-24,06:10,A,86,5.0       ,301.2,54.1
12.737,105.548,333.5,1.4,1.2,2016-02-24,06:10,A,85,5.0       ,304.5,46.4
12.675,105.17,335.9,1.5,1.2,2016-02-24,06:10,A,87,5.0       ,304.6,52.5
12.787,105.726,318.8,1.4,1.2,2016-02-24,06:10,A,66,5.0       ,294.2,18.8
12.75,105.492,326.6,1.5,1.2,2016-02-24,06:10,A,75,5.0       ,302.3,32.9
12.984,106.926,389.2,1.2,1.1,2016-02-24,06:10,A,100,5.0       ,311.3,236.1
12.633,104.699,361.4,1.7,1.3,2016-02-24,06:10,A,100,5.0       ,304.8,181.5
12.631,104.684,385.6,1.7,1.3,2016-02-24,06:10,A,100,5.0       ,309,365.9
12.734,105.259,323.6,1.5,1.2,2016-02-24,06:10,A,54,5.0       ,303.5,14.8
12.642,104.682,355.4,1.7,1.3,2016-02-24,06:10,A,98,5.0       ,305.5,146.4
12.639,104.667,350.6,1.7,1.3,2016-02-24,06:10,A,95,5.0       ,304.1,126
12.842,105.872,322.7,1.4,1.2,2016-02-24,06:10,A,37,5.0       ,296,21
12.653,104.68,333.7,1.7,1.3,2016-02-24,06:10,A,75,5.0       ,302.6,52.1
12.662,104.663,334.5,1.7,1.3,2016-02-24,06:10,A,72,5.0       ,302.2,55.9
12.794,105.464,320.6,1.5,1.2,2016-02-24,06:10,A,35,5.0       ,302.2,18.8
12.663,104.672,334.5,1.7,1.3,2016-02-24,06:10,A,79,5.0       ,302.6,53.1
13.059,107.06,327.6,1.2,1.1,2016-02-24,06:10,A,81,5.0       ,308.3,16.1
12.832,105.633,321,1.4,1.2,2016-02-24,06:10,A,23,5.0       ,302.4,19.6
12.83,105.62,326.2,1.4,1.2,2016-02-24,06:10,A,57,5.0       ,304.7,30
12.674,104.67,330.1,1.7,1.3,2016-02-24,06:10,A,63,5.0       ,302.9,40
12.672,104.655,350,1.7,1.3,2016-02-24,06:10,A,95,5.0       ,302.8,118
12.654,104.547,315.3,1.7,1.3,2016-02-24,06:10,A,61,5.0       ,300.4,14.6
12.678,104.622,339.7,1.7,1.3,2016-02-24,06:10,A,90,5.0       ,303.3,78.1
12.813,105.379,320.5,1.5,1.2,2016-02-24,06:10,A,73,5.0       ,303.1,20
12.7,104.681,326.3,1.7,1.3,2016-02-24,06:10,A,35,5.0       ,302.3,31.7
12.695,104.651,336.6,1.7,1.3,2016-02-24,06:10,A,75,5.0       ,303.2,59.7
12.837,105.457,330.1,1.5,1.2,2016-02-24,06:10,A,64,5.0       ,305.9,34.6
12.711,104.679,326.1,1.7,1.3,2016-02-24,06:10,A,68,5.0       ,301.2,30.7
12.708,104.664,332.8,1.7,1.3,2016-02-24,06:10,A,85,5.0       ,301.9,48.8
12.706,104.649,361.2,1.7,1.3,2016-02-24,06:10,A,100,5.0       ,304.4,178.7
12.824,105.308,333.1,1.5,1.2,2016-02-24,06:10,A,85,5.0       ,303,46.1
12.822,105.294,341,1.5,1.2,2016-02-24,06:10,A,90,5.0       ,304.9,71.2
12.712,104.616,326.6,1.7,1.3,2016-02-24,06:10,A,25,5.0       ,300.3,31
12.707,104.586,328.8,1.7,1.3,2016-02-24,06:10,A,82,5.0       ,302.3,44.7
12.705,104.57,320.5,1.7,1.3,2016-02-24,06:10,A,59,5.0       ,301.5,22.1
13.089,106.935,324.4,1.2,1.1,2016-02-24,06:10,A,32,5.0       ,307.2,9
12.843,105.36,327.7,1.5,1.2,2016-02-24,06:10,A,43,5.0       ,304.2,28.6
12.841,105.346,330.1,1.5,1.2,2016-02-24,06:10,A,71,5.0       ,302.3,36.2
13.116,107.051,332.6,1.2,1.1,2016-02-24,06:10,A,85,5.0       ,307.3,21.6
12.891,105.596,326.3,1.4,1.2,2016-02-24,06:10,A,79,5.0       ,303.6,27
12.889,105.583,320.8,1.4,1.2,2016-02-24,06:10,A,61,5.0       ,300.8,15.8
12.735,104.612,332.9,1.7,1.3,2016-02-24,06:10,A,85,5.0       ,302.4,52.4
12.258,106.726,332.4,1.2,1.1,2016-02-24,06:05,A,62,5.0       ,306.1,19.5
12.144,106.004,333.8,1.4,1.2,2016-02-24,06:05,A,86,5.0       ,308,34.5
12.154,106.003,328.3,1.4,1.2,2016-02-24,06:05,A,78,5.0       ,308,21.5
12.17,106.038,328.1,1.4,1.2,2016-02-24,06:05,A,81,5.0       ,307.6,20.2
12.168,106.026,339.6,1.4,1.2,2016-02-24,06:05,A,90,5.0       ,308.3,49.8
11.917,104.48,324.7,1.8,1.3,2016-02-24,06:05,A,65,5.0       ,304.6,16.7
12.351,107.128,322,1.2,1.1,2016-02-24,06:05,A,64,5.0       ,305.3,16.6
12.295,106.766,332.3,1.2,1.1,2016-02-24,06:05,A,74,5.0       ,307.5,29
12.283,106.687,330,1.2,1.1,2016-02-24,06:05,A,40,5.0       ,308.4,14.3
12.217,106.268,328.7,1.3,1.1,2016-02-24,06:05,A,61,5.0       ,307.3,20.5
12.316,106.774,333.1,1.2,1.1,2016-02-24,06:05,A,79,5.0       ,305.6,33.3
12.325,106.761,325.6,1.2,1.1,2016-02-24,06:05,A,33,5.0       ,303.8,14.5
12.2,105.957,333.8,1.4,1.2,2016-02-24,06:05,A,86,5.0       ,307.1,35.8
12.198,105.944,323.8,1.4,1.2,2016-02-24,06:05,A,72,5.0       ,305.2,12.2
12.343,106.746,338.7,1.2,1.1,2016-02-24,06:05,A,89,5.0       ,303.8,41.3
12.341,106.735,330.4,1.2,1.1,2016-02-24,06:05,A,61,5.0       ,305.8,23.1
12.342,106.741,334.3,1.2,1.1,2016-02-24,06:05,A,86,5.0       ,305.4,34.2
12.27,106.155,327.6,1.3,1.1,2016-02-24,06:05,A,81,5.0       ,307,18.2
12.187,105.568,317.2,1.5,1.2,2016-02-24,06:05,A,0,5.0       ,301.8,13.8
12.206,105.62,321.4,1.5,1.2,2016-02-24,06:05,A,50,5.0       ,303,19.6
12.354,106.422,357,1.3,1.1,2016-02-24,06:05,A,98,5.0       ,310.7,97
12.352,106.411,343,1.3,1.1,2016-02-24,06:05,A,91,5.0       ,309,51
12.07,104.563,331.6,1.7,1.3,2016-02-24,06:05,A,84,5.0       ,304.7,45.9
12.067,104.547,336.9,1.8,1.3,2016-02-24,06:05,A,88,5.0       ,304.5,65.2
12.297,105.876,324.2,1.4,1.2,2016-02-24,06:05,A,71,5.0       ,301.9,21.8
12.315,105.925,326.7,1.4,1.2,2016-02-24,06:05,A,80,5.0       ,305.7,23.3
12.313,105.913,321.8,1.4,1.2,2016-02-24,06:05,A,57,5.0       ,304.6,14.1
12.268,105.63,327,1.5,1.2,2016-02-24,06:05,A,76,5.0       ,304.2,28.7
12.366,106.108,326.9,1.3,1.1,2016-02-24,06:05,A,74,5.0       ,307.1,16.8
12.386,106.104,331.7,1.3,1.1,2016-02-24,06:05,A,84,5.0       ,308.2,25
17.103,104.391,320.2,1.5,1.2,2016-02-24,06:10,A,60,5.0       ,302.5,13.4
17.131,104.428,321.8,1.5,1.2,2016-02-24,06:10,A,74,5.0       ,302.6,16.3
16.972,103.346,322.1,1.7,1.3,2016-02-24,06:10,A,75,5.0       ,302,20.2
17.067,103.557,318.8,1.7,1.3,2016-02-24,06:10,A,70,5.0       ,300.2,20.9
17.281,104.674,328.5,1.4,1.2,2016-02-24,06:10,A,81,5.0       ,303.5,32
17.278,104.661,320.2,1.4,1.2,2016-02-24,06:10,A,71,5.0       ,302,14.2
17.261,104.364,319.7,1.5,1.2,2016-02-24,06:10,A,63,5.0       ,302.2,11.5
17.3,104.468,336.4,1.4,1.2,2016-02-24,06:10,A,88,5.0       ,304.8,52.5
17.298,104.455,322.1,1.4,1.2,2016-02-24,06:10,A,61,5.0       ,302.9,16.2
17.311,104.466,321.6,1.4,1.2,2016-02-24,06:10,A,66,5.0       ,303.2,16.3
17.309,104.453,320,1.4,1.2,2016-02-24,06:10,A,60,5.0       ,301.4,12.3
17.383,104.61,320.2,1.4,1.2,2016-02-24,06:10,A,72,5.0       ,302.8,15.6
16.792,101.006,310.3,2.6,1.6,2016-02-24,06:10,A,22,5.0       ,293.1,28.3
17.3,103.43,316.7,1.7,1.3,2016-02-24,06:10,A,63,5.0       ,297.3,17.8
17.297,103.415,317.7,1.7,1.3,2016-02-24,06:10,A,68,5.0       ,297.7,19.6
17.572,102.934,320.1,1.8,1.3,2016-02-24,06:10,A,72,5.0       ,298.3,26.9
17.965,104.387,324.9,1.4,1.2,2016-02-24,06:10,A,78,5.0       ,295.5,38.4
17.963,104.374,343.9,1.4,1.2,2016-02-24,06:10,A,92,5.0       ,295.6,91.8
17.97,104.379,349.4,1.4,1.2,2016-02-24,06:10,A,95,5.0       ,296.7,108.4
17.968,104.366,320.8,1.4,1.2,2016-02-24,06:10,A,69,5.0       ,295.4,30
18.123,104.291,314.8,1.4,1.2,2016-02-24,06:10,A,16,5.0       ,299.1,12
18.13,104.297,317.3,1.4,1.2,2016-02-24,06:10,A,40,5.0       ,299.2,17.8
17.788,101.558,323.1,2.3,1.5,2016-02-24,06:10,A,76,5.0       ,295.2,67.6
17.784,101.538,337.1,2.3,1.5,2016-02-24,06:10,A,88,5.0       ,295.1,138.2
18.5,103.909,310.3,1.5,1.2,2016-02-24,06:10,A,20,5.0       ,294.4,14.8
18.498,103.895,312.5,1.5,1.2,2016-02-24,06:10,A,51,5.0       ,294.8,18.3
18.509,103.893,316.3,1.5,1.2,2016-02-24,06:10,A,66,5.0       ,294.7,25.9
18.046,98.136,321.6,4.1,1.9,2016-02-24,06:10,A,74,5.0       ,296.6,134.5
18.038,98.094,311.2,4.1,1.9,2016-02-24,06:10,A,15,5.0       ,295,51.5
18.034,98.134,320.2,4.1,1.9,2016-02-24,06:10,A,72,5.0       ,297.6,124.9
19.617,97.415,319.3,4.3,1.9,2016-02-24,06:10,A,71,5.0       ,297.9,119.4
19.681,97.559,321.7,4.1,1.9,2016-02-24,06:10,A,62,5.0       ,297.1,129
19.62,97.408,316,4.3,1.9,2016-02-24,06:10,A,65,5.0       ,297.7,88.4
19.693,97.59,315.8,4.1,1.9,2016-02-24,06:10,A,60,5.0       ,297,79.8
19.685,97.551,318.2,4.1,1.9,2016-02-24,06:10,A,69,5.0       ,297,104.4
20.708,97.503,312.2,4,1.9,2016-02-24,06:10,A,49,5.0       ,294.3,61.6
21.266,98.565,331.3,3.2,1.7,2016-02-24,06:10,A,84,5.0       ,297.2,180.9
21.26,98.534,313.1,3.2,1.7,2016-02-24,06:10,A,53,5.0       ,296.2,55.7
21.263,98.563,332.4,3.2,1.7,2016-02-24,06:10,A,85,5.0       ,296.8,187.2
21.12,97.076,321.9,4.2,1.9,2016-02-24,06:10,A,0,5.0       ,290.9,140.3
29.139,112.933,324.6,2.2,1.4,2016-02-24,06:10,A,52,5.0       ,282.6,85.1
26.659,95.452,312.1,4,1.9,2016-02-24,06:10,A,44,5.0       ,289.8,115.6
26.548,94.81,310,4.5,1.9,2016-02-24,06:10,A,18,5.0       ,292,83
26.539,94.768,315,4.5,2,2016-02-24,06:10,A,62,5.0       ,292.1,129.7
26.55,94.808,310.4,4.5,1.9,2016-02-24,06:10,A,31,5.0       ,292.2,85.9
26.539,94.764,312.3,4.5,2,2016-02-24,06:10,A,47,5.0       ,292.4,105.3
26.658,95.042,314.6,4.3,1.9,2016-02-24,06:10,A,62,5.0       ,295.3,111.8
26.675,95.038,334.4,4.3,1.9,2016-02-24,06:10,A,86,5.0       ,294.3,323
26.667,95.002,328.8,4.3,1.9,2016-02-24,06:10,A,82,5.0       ,294.8,255.5
26.661,95.034,324.8,4.3,1.9,2016-02-24,06:10,A,78,5.0       ,295.5,200.6
26.679,95.032,337.5,4.3,1.9,2016-02-24,06:10,A,88,5.0       ,294.2,357.5
26.67,94.994,316.8,4.3,1.9,2016-02-24,06:10,A,26,5.0       ,294,122.1
26.903,95.221,323.4,4.1,1.9,2016-02-24,06:10,A,76,5.0       ,292.9,194.9
26.915,95.122,380.6,4.2,1.9,2016-02-24,06:10,A,100,5.0       ,295.6,1278.6
26.906,95.08,315.8,4.2,1.9,2016-02-24,06:10,A,64,5.0       ,292.3,119.7
26.932,95.116,325.5,4.2,1.9,2016-02-24,06:10,A,79,5.0       ,293.2,207.5
26.907,95.211,322.5,4.1,1.9,2016-02-24,06:10,A,75,5.0       ,293.2,188.3
26.929,95.156,337.2,4.1,1.9,2016-02-24,06:10,A,88,5.0       ,292.8,342.4
26.919,95.113,379.7,4.2,1.9,2016-02-24,06:10,A,100,5.0       ,295.5,1253.2
-8.451,113.32,310.6,1,1,2016-02-24,06:00,A,0,5.0       ,295.3,5.2
-6.892,109.384,313.1,1.6,1.2,2016-02-24,06:00,A,33,5.0       ,292,10.4
-3.412,114.848,321.2,1.1,1,2016-02-24,06:05,A,73,5.0       ,299.1,13.8
-2.348,114.374,318.2,1.1,1,2016-02-24,06:05,A,36,5.0       ,294.6,10.3
0.373,116.763,327.2,1.6,1.2,2016-02-24,06:05,A,65,5.0       ,297,38.1
1.298,116.655,321.4,1.6,1.2,2016-02-24,06:05,A,47,5.0       ,298.6,24.3
1.453,110.453,316.3,1.1,1,2016-02-24,06:05,A,43,5.0       ,298.7,9.7
0.372,102.854,310.6,3.8,1.8,2016-02-24,06:05,A,40,5.0       ,287.2,64.6
5.507,115.849,319.8,1.6,1.3,2016-02-24,06:05,A,72,5.0       ,299.6,26.1
9.722,105.494,315.8,1.6,1.3,2016-02-24,06:05,A,64,5.0       ,297.5,20.5
9.76,105.236,321.5,1.7,1.3,2016-02-24,06:05,A,74,5.0       ,302,24.6
9.996,106.067,317.7,1.5,1.2,2016-02-24,06:05,A,50,5.0       ,301.4,13
9.994,106.053,317,1.5,1.2,2016-02-24,06:05,A,43,5.0       ,301.5,13.2
10.017,105.547,321.5,1.6,1.2,2016-02-24,06:05,A,74,5.0       ,301.2,25.9
9.996,105.416,314.5,1.6,1.3,2016-02-24,06:05,A,56,5.0       ,300.4,14.7
10.107,105.815,317.3,1.5,1.2,2016-02-24,06:05,A,63,5.0       ,302.3,14.6
10.091,105.573,334.5,1.6,1.2,2016-02-24,06:05,A,86,5.0       ,301.6,62.3
10.089,105.558,317.4,1.6,1.2,2016-02-24,06:05,A,68,5.0       ,300.7,16
10.172,105.804,320.4,1.5,1.2,2016-02-24,06:05,A,40,5.0       ,302.4,18.4
10.17,105.79,320.5,1.5,1.2,2016-02-24,06:05,A,47,5.0       ,302,20.7
10.174,105.799,321.7,1.5,1.2,2016-02-24,06:05,A,74,5.0       ,302.4,23.8
10.146,105.485,315.9,1.6,1.2,2016-02-24,06:05,A,65,5.0       ,300.2,13.1
10.143,105.47,318.9,1.6,1.3,2016-02-24,06:05,A,70,5.0       ,301.2,20.5
10.09,105.141,313.9,1.7,1.3,2016-02-24,06:05,A,60,5.0       ,299.8,15.6
10.111,105.201,317.3,1.7,1.3,2016-02-24,06:05,A,63,5.0       ,300.5,19.4
10.19,105.477,316.2,1.6,1.2,2016-02-24,06:05,A,52,5.0       ,300.6,14.3
10.202,105.116,313.2,1.7,1.3,2016-02-24,06:05,A,48,5.0       ,299.7,15.3
10.311,105.583,316,1.6,1.2,2016-02-24,06:05,A,59,5.0       ,301.8,13
10.302,105.452,322.7,1.6,1.2,2016-02-24,06:05,A,75,5.0       ,300.6,27.9
10.311,105.578,320,1.6,1.2,2016-02-24,06:05,A,69,5.0       ,302,21.4
10.301,105.447,318.3,1.6,1.2,2016-02-24,06:05,A,65,5.0       ,300,18.8
10.247,105.119,314.4,1.7,1.3,2016-02-24,06:05,A,58,5.0       ,299.2,18.3
10.479,106.354,320.8,1.4,1.2,2016-02-24,06:05,A,69,5.0       ,306.2,18.1
10.422,105.995,317.7,1.5,1.2,2016-02-24,06:05,A,51,5.0       ,301.7,12.6
10.423,105.926,317.5,1.5,1.2,2016-02-24,06:05,A,68,5.0       ,301.6,16.6
10.476,105.986,327.3,1.5,1.2,2016-02-24,06:05,A,80,5.0       ,302.1,36.4
10.471,105.994,323.1,1.5,1.2,2016-02-24,06:05,A,76,5.0       ,301.8,26.5
10.469,105.98,318.6,1.5,1.2,2016-02-24,06:05,A,70,5.0       ,301.8,17
10.52,106.026,319.1,1.5,1.2,2016-02-24,06:05,A,63,5.0       ,302.1,20
10.424,105.13,323.8,1.7,1.3,2016-02-24,06:05,A,77,5.0       ,301.3,40.2
10.421,105.114,315,1.7,1.3,2016-02-24,06:05,A,22,5.0       ,300.5,16.8
10.392,104.928,321.7,1.8,1.3,2016-02-24,06:05,A,70,5.0       ,299.8,31.5
10.581,106.104,316.1,1.4,1.2,2016-02-24,06:05,A,59,5.0       ,302.5,13.4
10.421,105.125,321.8,1.7,1.3,2016-02-24,06:05,A,49,5.0       ,301.2,32.2
10.399,104.921,323.9,1.8,1.3,2016-02-24,06:05,A,77,5.0       ,299.1,39.3
10.589,105.955,314.3,1.5,1.2,2016-02-24,06:05,A,61,5.0       ,301.7,14
10.629,106.07,316,1.4,1.2,2016-02-24,06:05,A,65,5.0       ,302.2,15.4
10.553,105.584,316.2,1.6,1.2,2016-02-24,06:05,A,19,5.0       ,300.5,14.5
10.671,105.316,317.3,1.6,1.3,2016-02-24,06:05,A,18,5.0       ,304.4,22.1
10.594,104.845,319.5,1.8,1.3,2016-02-24,06:05,A,55,5.0       ,301.6,19.8
10.746,105.207,324.7,1.6,1.3,2016-02-24,06:05,A,68,5.0       ,302.6,43.2
10.85,105.784,319.4,1.5,1.2,2016-02-24,06:05,A,57,5.0       ,302,19.2
10.889,105.819,322.5,1.5,1.2,2016-02-24,06:05,A,70,5.0       ,302.5,21.1
10.887,105.806,326.8,1.5,1.2,2016-02-24,06:05,A,80,5.0       ,302.3,32
10.895,105.702,323.3,1.5,1.2,2016-02-24,06:05,A,76,5.0       ,302.7,27.1
11.375,108.607,324.2,1,1,2016-02-24,06:05,A,69,5.0       ,302.3,18.6
10.862,105.288,323.7,1.6,1.3,2016-02-24,06:05,A,0,5.0       ,303.5,20.9
10.93,105.497,321.8,1.6,1.2,2016-02-24,06:05,A,58,5.0       ,304.2,23.5
11.142,106.331,323.8,1.4,1.2,2016-02-24,06:05,A,37,5.0       ,305.9,16.8
11.333,106.908,321.2,1.2,1.1,2016-02-24,06:05,A,62,5.0       ,301.5,17.7
11.68,108.79,335.9,1,1,2016-02-24,06:05,A,66,5.0       ,301.5,32.4
11.041,104.203,320.7,1.9,1.4,2016-02-24,06:05,A,36,5.0       ,300.6,23.8
11.439,105.576,326.3,1.5,1.2,2016-02-24,06:05,A,31,5.0       ,307.5,13.8
11.201,103.83,319,2.1,1.4,2016-02-24,06:05,A,60,5.0       ,299.6,31.8
11.732,106.961,319.4,1.2,1.1,2016-02-24,06:05,A,71,5.0       ,302.2,15.1
11.515,105.471,330.2,1.5,1.2,2016-02-24,06:05,A,83,5.0       ,309.4,25.5
11.513,105.458,327.9,1.5,1.2,2016-02-24,06:05,A,81,5.0       ,308.3,18.5
11.915,107.897,319,1.1,1,2016-02-24,06:05,A,65,5.0       ,295.3,17.1
11.281,103.751,328.4,2.1,1.4,2016-02-24,06:05,A,81,5.0       ,300.9,65.3
11.552,105.278,320.1,1.6,1.2,2016-02-24,06:05,A,0,5.0       ,302.8,14.9
11.424,104.398,327.1,1.8,1.3,2016-02-24,06:05,A,74,5.0       ,306.7,27.4
11.552,105.273,321.1,1.6,1.2,2016-02-24,06:05,A,33,5.0       ,303.2,14.5
11.673,105.879,322.4,1.4,1.2,2016-02-24,06:05,A,75,5.0       ,297,26.4
11.996,107.888,359.1,1.1,1,2016-02-24,06:05,A,99,5.0       ,302.4,96.1
11.994,107.878,373.2,1.1,1,2016-02-24,06:05,A,100,5.0       ,303.7,145.9
11.771,106.434,337.1,1.3,1.1,2016-02-24,06:05,A,88,5.0       ,303,51.9
12.005,107.826,318.9,1.1,1,2016-02-24,06:05,A,70,5.0       ,298.6,13.6
11.999,107.786,317,1.1,1,2016-02-24,06:05,A,65,5.0       ,300.8,9.5
11.493,104.148,326.2,1.9,1.4,2016-02-24,06:05,A,68,5.0       ,305.3,30.8
11.383,103.259,323.2,2.3,1.5,2016-02-24,06:05,A,76,5.0       ,300.6,57.2
12.101,107.587,320.6,1.1,1.1,2016-02-24,06:05,A,58,5.0       ,305.4,10.3
12.125,107.588,326.4,1.1,1.1,2016-02-24,06:05,A,80,5.0       ,307.2,17.5
11.732,105.111,325.9,1.6,1.2,2016-02-24,06:05,A,79,5.0       ,306.5,17.5
11.567,104.113,325.7,1.9,1.4,2016-02-24,06:05,A,71,5.0       ,304,27.7
11.671,104.373,335.8,1.8,1.3,2016-02-24,06:05,A,87,5.0       ,305.6,58.3
11.668,104.357,328,1.8,1.3,2016-02-24,06:05,A,81,5.0       ,306.4,30.4
12.243,107.988,324.4,1.1,1,2016-02-24,06:05,A,68,5.0       ,295.5,22.9
12.195,107.671,319,1.1,1.1,2016-02-24,06:05,A,49,5.0       ,297.5,16.2
11.813,105.113,327.4,1.6,1.2,2016-02-24,06:05,A,71,5.0       ,308.1,20.7
12.107,106.933,327.2,1.2,1.1,2016-02-24,06:05,A,46,5.0       ,303.4,26.7
11.815,105.121,326.5,1.6,1.2,2016-02-24,06:05,A,68,5.0       ,307.8,21.3
12.073,106.652,330.6,1.3,1.1,2016-02-24,06:05,A,73,5.0       ,302.7,32.8
12.071,106.64,325.4,1.3,1.1,2016-02-24,06:05,A,64,5.0       ,300.3,24.3
19.745,94.56,333.2,4.8,2,2016-02-24,07:50,A,85,5.0       ,301.3,306.1
19.745,94.551,327.7,4.8,2,2016-02-24,07:50,A,72,5.0       ,301.3,233.8
-2.778,136.226,311.1,1.1,1,2016-02-24,04:25,A,35,5.0       ,294.4,6.3
13.584,105.844,331.3,1.3,1.1,2016-02-24,06:10,A,73,5.0       ,302.9,32.5
13.586,105.794,318.3,1.4,1.2,2016-02-24,06:10,A,47,5.0       ,294,12.3
13.584,105.781,323.2,1.4,1.2,2016-02-24,06:10,A,76,5.0       ,298.8,22.1
13.213,103.488,314.3,2,1.4,2016-02-24,06:10,A,60,5.0       ,299.7,18.2
13.209,103.47,316.5,2,1.4,2016-02-24,06:10,A,66,5.0       ,300.2,23.3
13.822,107.166,332.5,1.1,1.1,2016-02-24,06:10,A,85,5.0       ,304.3,29.8
13.821,107.156,379.7,1.1,1.1,2016-02-24,06:10,A,100,5.0       ,307.1,177.3
13.819,107.145,328.3,1.1,1.1,2016-02-24,06:10,A,81,5.0       ,302.6,23.9
13.209,103.394,324.3,2,1.4,2016-02-24,06:10,A,65,5.0       ,299.3,42.7
13.228,103.429,334.2,2,1.4,2016-02-24,06:10,A,86,5.0       ,300.6,84.3
13.249,103.481,370.3,2,1.4,2016-02-24,06:10,A,100,5.0       ,301.8,327.1
13.246,103.463,342.8,2,1.4,2016-02-24,06:10,A,91,5.0       ,301.2,131.5
13.304,103.583,318,2,1.4,2016-02-24,06:10,A,69,5.0       ,299.5,25.2
13.28,103.438,322.4,2,1.4,2016-02-24,06:10,A,75,5.0       ,299.9,41.2
12.733,104.597,358.3,1.7,1.3,2016-02-24,06:10,A,99,5.0       ,303.8,169.1
12.503,103.116,321.9,2.2,1.4,2016-02-24,06:10,A,34,5.0       ,297.6,46.7
12.732,104.608,347.1,1.7,1.3,2016-02-24,06:10,A,94,5.0       ,303.9,110
12.73,104.592,337.2,1.7,1.3,2016-02-24,06:10,A,88,5.0       ,303.3,72.8
12.908,105.601,347.9,1.4,1.2,2016-02-24,06:10,A,94,5.0       ,304.2,88.4
12.906,105.588,327.8,1.4,1.2,2016-02-24,06:10,A,81,5.0       ,300.7,29.9
12.929,105.531,326.5,1.4,1.2,2016-02-24,06:10,A,80,5.0       ,301.8,32.7
12.927,105.518,330.3,1.4,1.2,2016-02-24,06:10,A,76,5.0       ,302.9,39.1
12.768,104.538,319.7,1.7,1.3,2016-02-24,06:10,A,67,5.0       ,301.8,20.1
12.765,104.523,319.9,1.7,1.3,2016-02-24,06:10,A,71,5.0       ,302.2,20.2
12.899,105.275,342.8,1.5,1.2,2016-02-24,06:10,A,91,5.0       ,306.8,70.7
13.209,107.191,326.5,1.1,1.1,2016-02-24,06:10,A,80,5.0       ,306,14
12.953,105.473,342.7,1.5,1.2,2016-02-24,06:10,A,91,5.0       ,305.1,72.4
12.789,104.455,318.7,1.7,1.3,2016-02-24,06:10,A,30,5.0       ,302.2,15.5
12.774,104.36,322.2,1.8,1.3,2016-02-24,06:10,A,65,5.0       ,299.6,32.9
12.771,104.344,362.5,1.8,1.3,2016-02-24,06:10,A,0,5.0       ,301.1,213.6
12.817,104.482,330.8,1.7,1.3,2016-02-24,06:10,A,83,5.0       ,302.4,45.4
12.815,104.466,332.3,1.7,1.3,2016-02-24,06:10,A,80,5.0       ,303.4,50.2
12.817,104.491,325.6,1.7,1.3,2016-02-24,06:10,A,78,5.0       ,302.4,29.6
12.815,104.476,326.2,1.7,1.3,2016-02-24,06:10,A,75,5.0       ,303.1,31.7
12.812,104.46,323.8,1.7,1.3,2016-02-24,06:10,A,48,5.0       ,303.9,24.6
12.73,103.829,320.6,1.9,1.4,2016-02-24,06:10,A,72,5.0       ,302.1,23.5
13.328,107.49,331.3,1.1,1,2016-02-24,06:10,A,84,5.0       ,307.5,17
13.327,107.48,328.5,1.1,1,2016-02-24,06:10,A,81,5.0       ,307.6,12.4
13.01,105.457,338.5,1.5,1.2,2016-02-24,06:10,A,85,5.0       ,304.8,59
13.288,107.161,326.4,1.1,1.1,2016-02-24,06:10,A,75,5.0       ,308.2,11.7
13.232,106.8,334.5,1.2,1.1,2016-02-24,06:10,A,86,5.0       ,306.3,29.5
12.766,103.823,324.5,1.9,1.4,2016-02-24,06:10,A,78,5.0       ,300.6,41.3
12.763,103.806,323.2,1.9,1.4,2016-02-24,06:10,A,75,5.0       ,301.3,36.9
13.213,106.543,331.2,1.2,1.1,2016-02-24,06:10,A,81,5.0       ,305.9,27.2
13.069,105.62,316.2,1.4,1.2,2016-02-24,06:10,A,50,5.0       ,300.6,13.6
12.935,104.782,328,1.6,1.3,2016-02-24,06:10,A,81,5.0       ,305.2,28
12.793,103.907,325.2,1.9,1.3,2016-02-24,06:10,A,45,5.0       ,299.5,40.9
12.837,103.623,317.6,2,1.4,2016-02-24,06:10,A,68,5.0       ,299.6,28
13.442,107.321,334.5,1.1,1.1,2016-02-24,06:10,A,86,5.0       ,307.5,28.8
13.441,107.311,332,1.1,1.1,2016-02-24,06:10,A,84,5.0       ,306.8,25.3
13.133,105.307,324.3,1.5,1.2,2016-02-24,06:10,A,48,5.0       ,302,24.4
12.885,103.761,328.2,1.9,1.4,2016-02-24,06:10,A,81,5.0       ,302,54.5
13.128,105.315,327.9,1.5,1.2,2016-02-24,06:10,A,76,5.0       ,303.2,33.6
12.843,103.633,318.8,2,1.4,2016-02-24,06:10,A,68,5.0       ,299.8,29.3
13.522,107.742,330.1,1.1,1,2016-02-24,06:10,A,66,5.0       ,301.8,24.5
13.491,107.534,329,1.1,1,2016-02-24,06:10,A,82,5.0       ,304.5,18.2
13.313,106.328,343.9,1.3,1.1,2016-02-24,06:10,A,92,5.0       ,302.8,66
13.311,106.316,352.6,1.3,1.1,2016-02-24,06:10,A,96,5.0       ,305.3,92.8
13.292,106.2,323.1,1.3,1.1,2016-02-24,06:10,A,49,5.0       ,303.6,20.6
12.892,103.771,319.5,1.9,1.4,2016-02-24,06:10,A,56,5.0       ,300.3,26.7
12.889,103.753,323.2,1.9,1.4,2016-02-24,06:10,A,76,5.0       ,300.8,39.8
13.304,106.21,362,1.3,1.1,2016-02-24,06:10,A,100,5.0       ,305.8,129.8
13.303,106.198,331,1.3,1.1,2016-02-24,06:10,A,84,5.0       ,304.7,35.7
13.14,105.187,324.8,1.5,1.2,2016-02-24,06:10,A,78,5.0       ,301.6,26.3
13.012,104.413,325.5,1.7,1.3,2016-02-24,06:10,A,53,5.0       ,305.2,23.7
12.978,104.206,318.7,1.8,1.3,2016-02-24,06:10,A,53,5.0       ,300.8,23.1
13.329,106.301,366.9,1.3,1.1,2016-02-24,06:10,A,100,5.0       ,306,143.7
13.327,106.29,363.2,1.3,1.1,2016-02-24,06:10,A,100,5.0       ,306.9,128.6
13.339,106.3,328.7,1.3,1.1,2016-02-24,06:10,A,59,5.0       ,304.5,22.8
13.12,104.858,340.7,1.6,1.2,2016-02-24,06:10,A,90,5.0       ,304.5,72.3
13.348,106.227,348,1.3,1.1,2016-02-24,06:10,A,94,5.0       ,309,74.9
13.337,106.156,327.5,1.3,1.1,2016-02-24,06:10,A,54,5.0       ,305.2,22
13.145,104.943,320.8,1.6,1.2,2016-02-24,06:10,A,62,5.0       ,302.5,22.5
12.917,103.546,334.8,2,1.4,2016-02-24,06:10,A,86,5.0       ,301.2,82.9
12.914,103.527,353.8,2,1.4,2016-02-24,06:10,A,97,5.0       ,303.3,188.3
13.547,107.463,326.9,1.1,1,2016-02-24,06:10,A,55,5.0       ,303.3,18.6
13.545,107.453,327,1.1,1,2016-02-24,06:10,A,51,5.0       ,303.5,19.4
13.372,106.318,326,1.3,1.1,2016-02-24,06:10,A,57,5.0       ,304.9,19.2
13.347,106.155,327,1.3,1.1,2016-02-24,06:10,A,77,5.0       ,304.5,18.9
13.025,104.131,321.8,1.8,1.3,2016-02-24,06:10,A,48,5.0       ,302.9,26.9
12.95,103.669,346.9,2,1.4,2016-02-24,06:10,A,94,5.0       ,300.7,150.1
12.947,103.652,356.9,2,1.4,2016-02-24,06:10,A,98,5.0       ,301.4,211.1
12.926,103.525,323.5,2,1.4,2016-02-24,06:10,A,76,5.0       ,301.8,39.6
13.553,107.442,336.6,1.1,1,2016-02-24,06:10,A,88,5.0       ,305.6,37.4
13.552,107.432,329.8,1.1,1,2016-02-24,06:10,A,81,5.0       ,302.4,26
13.547,107.401,331.7,1.1,1,2016-02-24,06:10,A,82,5.0       ,301.4,30.9
12.953,103.614,325.1,2,1.4,2016-02-24,06:10,A,68,5.0       ,299.5,46
12.95,103.596,331,2,1.4,2016-02-24,06:10,A,84,5.0       ,300,68.7
13.559,107.446,354,1.1,1,2016-02-24,06:10,A,97,5.0       ,307.7,77.3
13.558,107.436,339.9,1.1,1,2016-02-24,06:10,A,90,5.0       ,305.8,43.5
12.919,103.54,344,2,1.4,2016-02-24,06:10,A,92,5.0       ,302.1,131.2
12.916,103.522,338,2,1.4,2016-02-24,06:10,A,89,5.0       ,303.1,100.7
13.573,107.474,360.9,1.1,1,2016-02-24,06:10,A,100,5.0       ,306.1,94.5
13.572,107.464,361.1,1.1,1,2016-02-24,06:10,A,100,5.0       ,305.6,95
12.953,103.664,360,2,1.4,2016-02-24,06:10,A,99,5.0       ,301.7,235.3
12.95,103.646,342.4,2,1.4,2016-02-24,06:10,A,91,5.0       ,300.9,123.4
12.944,103.61,322.6,2,1.4,2016-02-24,06:10,A,62,5.0       ,300,38.5
13.583,107.473,347.1,1.1,1,2016-02-24,06:10,A,94,5.0       ,305.2,56.2
13.581,107.463,347.8,1.1,1,2016-02-24,06:10,A,94,5.0       ,305.4,58.5
13.061,104.153,316.9,1.8,1.3,2016-02-24,06:10,A,41,5.0       ,301.4,14.9
12.956,103.534,337.5,2,1.4,2016-02-24,06:10,A,88,5.0       ,302,99
13.428,106.35,328.7,1.3,1.1,2016-02-24,06:10,A,56,5.0       ,305.6,22.8
13.403,106.188,328.8,1.3,1.1,2016-02-24,06:10,A,68,5.0       ,307.1,27.9
13.205,104.956,319.8,1.6,1.2,2016-02-24,06:10,A,72,5.0       ,302.7,24.4
13.594,107.295,328.9,1.1,1.1,2016-02-24,06:10,A,60,5.0       ,307.2,23.9
12.996,103.545,320.3,2,1.4,2016-02-24,06:10,A,53,5.0       ,299.9,33.1
12.894,102.784,323.7,2.3,1.5,2016-02-24,06:10,A,74,5.0       ,302,39.6
12.891,102.778,324.7,2.3,1.5,2016-02-24,06:10,A,72,5.0       ,301.2,44.9
13.06,103.452,322.6,2,1.4,2016-02-24,06:10,A,75,5.0       ,300.5,42.6
13.057,103.433,327.1,2,1.4,2016-02-24,06:10,A,80,5.0       ,300.8,56.7
13.094,103.502,321,2,1.4,2016-02-24,06:10,A,73,5.0       ,299.3,36.4
13.739,107.451,331,1.1,1,2016-02-24,06:10,A,84,5.0       ,301.8,25.6
13.619,106.656,340.3,1.2,1.1,2016-02-24,06:10,A,85,5.0       ,305.3,43.6
13.214,104.085,331,1.8,1.3,2016-02-24,06:10,A,84,5.0       ,304.9,47.7
13.109,103.443,322,2,1.4,2016-02-24,06:10,A,72,5.0       ,300.5,35.9
13.622,106.661,338,1.2,1.1,2016-02-24,06:10,A,87,5.0       ,305.1,39.2
13.493,105.791,325.6,1.4,1.2,2016-02-24,06:10,A,77,5.0       ,300.4,24.4
13.491,105.778,331.9,1.4,1.2,2016-02-24,06:10,A,84,5.0       ,301.8,40.8
13.221,104.079,327.8,1.8,1.3,2016-02-24,06:10,A,81,5.0       ,305,35.4
13.114,103.456,320.7,2,1.4,2016-02-24,06:10,A,73,5.0       ,300.8,36.2
13.111,103.437,316.7,2,1.4,2016-02-24,06:10,A,62,5.0       ,300.2,21
13.769,107.358,337,1.1,1,2016-02-24,06:10,A,87,5.0       ,305.3,34
13.777,107.347,330.5,1.1,1,2016-02-24,06:10,A,54,5.0       ,303.5,22.2
13.421,105.08,329.7,1.5,1.2,2016-02-24,06:10,A,83,5.0       ,303.1,27.1
13.375,104.797,326.6,1.6,1.2,2016-02-24,06:10,A,80,5.0       ,302.4,24.9
13.373,104.782,342.8,1.6,1.2,2016-02-24,06:10,A,91,5.0       ,305.4,77.5
13.824,107.535,343.7,1.1,1,2016-02-24,06:10,A,87,5.0       ,303.7,50.3
13.795,107.344,342.9,1.1,1,2016-02-24,06:10,A,91,5.0       ,308.2,45
13.843,107.532,342.2,1.1,1,2016-02-24,06:10,A,91,5.0       ,306.2,46.5
13.841,107.522,332,1.1,1,2016-02-24,06:10,A,70,5.0       ,302.3,28.6
13.586,105.85,356,1.3,1.1,2016-02-24,06:10,A,98,5.0       ,303.7,107.8
13.486,105.208,333.8,1.5,1.2,2016-02-24,06:10,A,86,5.0       ,301.5,45.2
13.206,103.477,317.4,2,1.4,2016-02-24,06:10,A,64,5.0       ,299.9,24.9
13.586,105.857,337.7,1.3,1.1,2016-02-24,06:10,A,88,5.0       ,300.7,47.7
11.803,104.833,321,1.7,1.3,2016-02-24,06:05,A,64,5.0       ,303.6,24.1
11.653,103.928,326.9,2,1.4,2016-02-24,06:05,A,61,5.0       ,305.5,38.7
11.814,104.831,327.1,1.7,1.3,2016-02-24,06:05,A,80,5.0       ,302.4,40.1
12.275,107.651,316.7,1.1,1.1,2016-02-24,06:05,A,64,5.0       ,300.6,10.2
12.073,106.192,346.9,1.3,1.1,2016-02-24,06:05,A,94,5.0       ,306.3,70.9
12.072,106.18,333.2,1.3,1.1,2016-02-24,06:05,A,85,5.0       ,305.9,32.2
12.072,106.2,331.7,1.3,1.1,2016-02-24,06:05,A,73,5.0       ,304.6,28.8
12.07,106.188,339.7,1.3,1.1,2016-02-24,06:05,A,90,5.0       ,307,48
12.068,106.175,326.3,1.3,1.1,2016-02-24,06:05,A,62,5.0       ,305.2,15
12.178,106.803,327.3,1.2,1.1,2016-02-24,06:05,A,50,5.0       ,308.2,14.6
12.076,106.162,330.9,1.3,1.2,2016-02-24,06:05,A,79,5.0       ,307,27.2
12.083,106.072,332.3,1.4,1.2,2016-02-24,06:05,A,85,5.0       ,303.3,34.5
12.229,106.806,359.3,1.2,1.1,2016-02-24,06:05,A,99,5.0       ,302.9,105.2
12.135,106.202,325.7,1.3,1.1,2016-02-24,06:05,A,36,5.0       ,306.2,13.4
12.11,106.042,325.6,1.4,1.2,2016-02-24,06:05,A,74,5.0       ,307.6,18.5
11.891,104.67,329.8,1.7,1.3,2016-02-24,06:05,A,83,5.0       ,304.3,36.4
12.23,106.748,327.4,1.2,1.1,2016-02-24,06:05,A,36,5.0       ,306.1,11.1
12.156,106.272,337.1,1.3,1.1,2016-02-24,06:05,A,88,5.0       ,308.1,36.3
12.155,106.26,331.9,1.3,1.1,2016-02-24,06:05,A,84,5.0       ,308.5,23.4
11.903,104.668,333.7,1.7,1.3,2016-02-24,06:05,A,86,5.0       ,304.2,49.3
12.245,106.78,335.6,1.2,1.1,2016-02-24,06:05,A,81,5.0       ,307.2,33.6
12.224,106.645,345.8,1.3,1.1,2016-02-24,06:05,A,93,5.0       ,308.1,58.7
12.154,106.186,338.2,1.3,1.1,2016-02-24,06:05,A,89,5.0       ,307.9,42.6
12.244,106.711,346.5,1.2,1.1,2016-02-24,06:05,A,93,5.0       ,308.3,51.5
12.243,106.7,368,1.2,1.1,2016-02-24,06:05,A,100,5.0       ,310.5,131.2
12.162,106.172,332.3,1.3,1.1,2016-02-24,06:05,A,80,5.0       ,307.8,27.6
12.245,106.705,357.8,1.2,1.1,2016-02-24,06:05,A,99,5.0       ,310.1,87.7
12.163,106.191,331.5,1.3,1.1,2016-02-24,06:05,A,74,5.0       ,306.1,24.6
12.312,107.068,318.3,1.2,1.1,2016-02-24,06:05,A,62,5.0       ,301.7,17.5
12.264,106.759,326.4,1.2,1.1,2016-02-24,06:05,A,31,5.0       ,306.8,12.8
13.277,103.42,315.8,2,1.4,2016-02-24,06:10,A,49,5.0       ,300.1,20.1
13.905,107.293,327,1.1,1.1,2016-02-24,06:10,A,75,5.0       ,307.5,14.7
13.903,107.283,343.6,1.1,1.1,2016-02-24,06:10,A,92,5.0       ,307.2,47.9
13.282,103.433,326.4,2,1.4,2016-02-24,06:10,A,79,5.0       ,300.1,56.9
13.938,107.256,362.4,1.1,1.1,2016-02-24,06:10,A,100,5.0       ,310.9,98.3
13.936,107.246,339.3,1.1,1.1,2016-02-24,06:10,A,89,5.0       ,308.8,37.3
13.935,107.236,326.6,1.1,1.1,2016-02-24,06:10,A,66,5.0       ,303.7,15.3
13.322,103.444,318.6,2,1.4,2016-02-24,06:10,A,70,5.0       ,299.6,26.8
13.947,107.255,331.3,1.1,1.1,2016-02-24,06:10,A,79,5.0       ,309.2,20.1
13.92,107.081,315.7,1.1,1.1,2016-02-24,06:10,A,49,5.0       ,301.1,8.9
13.334,103.442,318,2,1.4,2016-02-24,06:10,A,58,5.0       ,299.3,24
13.368,103.492,317.9,2,1.4,2016-02-24,06:10,A,69,5.0       ,301,22
11.998,106.18,330.6,1.3,1.2,2016-02-24,06:05,A,78,5.0       ,307.5,28.5
12.083,106.65,337.2,1.3,1.1,2016-02-24,06:05,A,88,5.0       ,305.6,46.9
12.081,106.639,332.5,1.3,1.1,2016-02-24,06:05,A,82,5.0       ,304.2,36.4
12.08,106.568,332.8,1.3,1.1,2016-02-24,06:05,A,84,5.0       ,303.4,36
12.323,105.634,322.4,1.4,1.2,2016-02-24,06:05,A,68,5.0       ,303.9,18.6
12.224,105.012,343.8,1.6,1.2,2016-02-24,06:05,A,92,5.0       ,303.1,81
12.616,107.467,317.9,1.1,1.1,2016-02-24,06:05,A,51,5.0       ,302.2,10.7
12.077,103.885,320.8,2,1.4,2016-02-24,06:05,A,53,5.0       ,301.1,28.3
12.334,105.477,325.9,1.5,1.2,2016-02-24,06:05,A,79,5.0       ,307.5,24.2
12.375,105.66,328.6,1.4,1.2,2016-02-24,06:05,A,82,5.0       ,304.8,31.4
12.396,105.723,324.9,1.4,1.2,2016-02-24,06:05,A,78,5.0       ,306.2,18
12.419,105.799,331.9,1.4,1.2,2016-02-24,06:05,A,84,5.0       ,307.4,28.6
12.291,104.935,346.2,1.6,1.3,2016-02-24,06:05,A,93,5.0       ,308,89.1
12.543,106.391,335.2,1.3,1.1,2016-02-24,06:05,A,87,5.0       ,305.5,32.5
12.336,105.002,358.4,1.6,1.2,2016-02-24,06:05,A,99,5.0       ,304.4,151.1
12.334,104.988,337,1.6,1.2,2016-02-24,06:05,A,88,5.0       ,307.5,56.8
12.318,104.885,349.6,1.6,1.3,2016-02-24,06:05,A,95,5.0       ,305.1,109.4
12.315,104.87,330.3,1.6,1.3,2016-02-24,06:05,A,51,5.0       ,300.5,39.8
12.345,104.986,330.1,1.6,1.2,2016-02-24,06:05,A,64,5.0       ,309.6,34.8
13.902,106.77,323.1,1.2,1.1,2016-02-24,06:10,A,51,5.0       ,298,16.3
13.739,105.712,322.5,1.4,1.2,2016-02-24,06:10,A,31,5.0       ,303.2,18.2
13.721,105.599,322.1,1.4,1.2,2016-02-24,06:10,A,73,5.0       ,298.8,22.1
13.719,105.587,325.5,1.4,1.2,2016-02-24,06:10,A,79,5.0       ,297.8,30.6
13.377,103.472,337.9,2,1.4,2016-02-24,06:10,A,89,5.0       ,300.7,100
13.383,103.482,321.2,2,1.4,2016-02-24,06:10,A,51,5.0       ,300.6,29.1
13.38,103.464,326.5,2,1.4,2016-02-24,06:10,A,80,5.0       ,300.2,49.5
13.386,103.273,328.2,2.1,1.4,2016-02-24,06:10,A,81,5.0       ,301.9,58.7
13.683,104.918,312.9,1.5,1.2,2016-02-24,06:10,A,46,5.0       ,294.9,12.6
14.11,107.591,322.8,1.1,1,2016-02-24,06:10,A,50,5.0       ,306.2,17.7
14.018,106.983,352.7,1.1,1.1,2016-02-24,06:10,A,96,5.0       ,304.7,81.3
14.043,107.085,321.1,1.1,1.1,2016-02-24,06:10,A,44,5.0       ,304.5,11.9
14.022,106.95,322.1,1.1,1.1,2016-02-24,06:10,A,75,5.0       ,302.2,13.4
14.081,107.116,373.3,1.1,1.1,2016-02-24,06:10,A,100,5.0       ,308.6,146.7
14.08,107.106,330.1,1.1,1.1,2016-02-24,06:10,A,83,5.0       ,302.8,25
14.185,107.735,322.2,1.1,1,2016-02-24,06:10,A,72,5.0       ,300.8,20.9
14.105,107.144,326.3,1.1,1.1,2016-02-24,06:10,A,64,5.0       ,301.8,20
13.486,103.327,325.5,2,1.4,2016-02-24,06:10,A,72,5.0       ,305.1,26.5
14.028,106.388,319.8,1.2,1.1,2016-02-24,06:10,A,52,5.0       ,296.1,15.9
15.312,104.442,320.6,1.6,1.2,2016-02-24,06:10,A,57,5.0       ,301.7,18.7
15.339,104.333,320.8,1.6,1.2,2016-02-24,06:10,A,73,5.0       ,301.6,17.1
15.305,103.498,316.3,1.8,1.3,2016-02-24,06:10,A,26,5.0       ,298.5,15
15.311,103.492,320,1.8,1.3,2016-02-24,06:10,A,63,5.0       ,298.4,22.7
15.703,105.567,317.9,1.3,1.1,2016-02-24,06:10,A,69,5.0       ,301.4,11.8
15.86,106.376,324.8,1.2,1.1,2016-02-24,06:10,A,78,5.0       ,303.5,21
15.465,103.71,323.6,1.8,1.3,2016-02-24,06:10,A,77,5.0       ,302.4,23.6
15.565,103.752,325.4,1.7,1.3,2016-02-24,06:10,A,73,5.0       ,302.4,28.2
15.582,103.248,321.6,1.9,1.3,2016-02-24,06:10,A,74,5.0       ,301.5,19.7
15.558,103.034,321.8,2,1.4,2016-02-24,06:10,A,74,5.0       ,301.9,27
16.014,105.519,319.9,1.3,1.1,2016-02-24,06:10,A,72,5.0       ,302.8,12.6
16.13,105.864,315.8,1.2,1.1,2016-02-24,06:10,A,49,5.0       ,300.5,14.8
16.07,105.491,325.7,1.3,1.1,2016-02-24,06:10,A,79,5.0       ,302.9,22.1
16.068,105.479,330.1,1.3,1.1,2016-02-24,06:10,A,83,5.0       ,301.6,29.9
16.08,105.489,320.1,1.3,1.1,2016-02-24,06:10,A,50,5.0       ,302.9,13
16.168,105.65,316.4,1.3,1.1,2016-02-24,06:10,A,66,5.0       ,301.3,10.1
16.204,105.486,323.3,1.3,1.1,2016-02-24,06:10,A,50,5.0       ,301.5,19.2
15.304,99.173,314.5,3.9,1.8,2016-02-24,06:10,A,42,5.0       ,298.2,59.2
16.331,104.524,315.5,1.5,1.2,2016-02-24,06:10,A,60,5.0       ,299.9,13.1
15.919,101.942,326.5,2.3,1.5,2016-02-24,06:10,A,80,5.0       ,299.8,57.6
15.707,100.781,327.7,2.9,1.6,2016-02-24,06:10,A,81,5.0       ,300.2,79
16.47,104.907,320,1.4,1.2,2016-02-24,06:10,A,72,5.0       ,302.2,15.1
15.669,100.243,320.7,3.2,1.7,2016-02-24,06:10,A,46,5.0       ,298.7,46.8
16.058,102.496,321.4,2.1,1.4,2016-02-24,06:10,A,74,5.0       ,298.9,33.3
16.488,104.911,317.2,1.4,1.2,2016-02-24,06:10,A,55,5.0       ,299.9,11.4
16.053,102.397,318.2,2.1,1.4,2016-02-24,06:10,A,60,5.0       ,299.9,26.7
15.667,100.24,321.9,3.2,1.7,2016-02-24,06:10,A,59,5.0       ,298.9,56.2
16.586,105.253,313.5,1.3,1.1,2016-02-24,06:10,A,35,5.0       ,296.6,10.4
16.558,105.081,313.4,1.4,1.2,2016-02-24,06:10,A,35,5.0       ,298.2,9.3
16.284,103.104,318.8,1.9,1.3,2016-02-24,06:10,A,59,5.0       ,298.8,14.8
16.544,104.557,335.9,1.5,1.2,2016-02-24,06:10,A,87,5.0       ,302.3,54.8
16.541,104.544,319.3,1.5,1.2,2016-02-24,06:10,A,71,5.0       ,301.2,14.1
16.24,102.416,318.9,2.1,1.4,2016-02-24,06:10,A,63,5.0       ,299.8,19.8
16.243,102.43,321,2.1,1.4,2016-02-24,06:10,A,73,5.0       ,300.7,28.5
16.698,104.675,320.3,1.4,1.2,2016-02-24,06:10,A,72,5.0       ,303,15.6
16.249,102.017,319.9,2.3,1.5,2016-02-24,06:10,A,62,5.0       ,294.3,43.8
16.251,102.035,323.4,2.3,1.5,2016-02-24,06:10,A,66,5.0       ,293.9,55.2
16.812,105.132,322.3,1.3,1.1,2016-02-24,06:10,A,75,5.0       ,302.4,17.3
16.744,104.383,316.9,1.5,1.2,2016-02-24,06:10,A,66,5.0       ,300.8,14.2
16.741,104.369,318.1,1.5,1.2,2016-02-24,06:10,A,69,5.0       ,301.1,16.5
16.829,104.845,346.9,1.4,1.2,2016-02-24,06:10,A,94,5.0       ,303.5,83.2
16.827,104.832,320.1,1.4,1.2,2016-02-24,06:10,A,32,5.0       ,300.9,13.8
16.517,102.886,326.3,1.9,1.4,2016-02-24,06:10,A,79,5.0       ,301.5,38.9
16.835,104.838,324.6,1.4,1.2,2016-02-24,06:10,A,78,5.0       ,301.8,26.3
16.86,104.925,321.1,1.4,1.2,2016-02-24,06:10,A,74,5.0       ,301.8,20.6
16.864,104.885,316.9,1.4,1.2,2016-02-24,06:10,A,63,5.0       ,300.6,11.4
16.524,102.897,320.8,1.9,1.4,2016-02-24,06:10,A,57,5.0       ,300.8,20
16.521,102.88,321.1,1.9,1.4,2016-02-24,06:10,A,74,5.0       ,301.3,23.9
16.982,105.159,348.7,1.3,1.1,2016-02-24,06:10,A,95,5.0       ,301.7,87.8
16.98,105.147,326.9,1.3,1.1,2016-02-24,06:10,A,80,5.0       ,299.8,29.6
16.982,105.165,326.4,1.3,1.1,2016-02-24,06:10,A,79,5.0       ,299.9,29.1
16.98,105.153,339.1,1.3,1.1,2016-02-24,06:10,A,89,5.0       ,302.1,57.2
17.008,105.135,321,1.3,1.1,2016-02-24,06:10,A,22,5.0       ,303.2,16.8
16.891,103.944,318.9,1.6,1.2,2016-02-24,06:10,A,69,5.0       ,301.5,17.2
16.888,103.93,318.1,1.6,1.2,2016-02-24,06:10,A,58,5.0       ,300.6,16.6
17.186,105.091,318,1.3,1.1,2016-02-24,06:10,A,53,5.0       ,299.3,15.8
17.111,104.569,333,1.4,1.2,2016-02-24,06:10,A,85,5.0       ,304.1,45.6
17.109,104.556,320.8,1.4,1.2,2016-02-24,06:10,A,73,5.0       ,302.2,15.8
17.105,104.405,335.8,1.5,1.2,2016-02-24,06:10,A,87,5.0       ,304.3,50.8
26.556,92.323,315.5,4,1.9,2016-02-24,07:50,A,64,5.0       ,296.4,84.1
26.562,92.315,314.6,4,1.9,2016-02-24,07:50,A,62,5.0       ,296.7,78
26.682,90.869,311.2,3.1,1.7,2016-02-24,07:50,A,34,5.0       ,299,30.1
13.845,105.185,324.5,1.5,1.2,2016-02-24,06:10,A,32,5.0       ,302.3,25.8
14.285,107.782,335.2,1.1,1,2016-02-24,06:10,A,82,5.0       ,305.5,35.4
14.283,107.772,346.9,1.1,1,2016-02-24,06:10,A,94,5.0       ,306.5,58.4
13.776,104.359,330.2,1.7,1.3,2016-02-24,06:10,A,83,5.0       ,299.3,43.5
13.819,104.477,325,1.6,1.3,2016-02-24,06:10,A,66,5.0       ,302.3,21.1
13.732,103.873,324.9,1.8,1.3,2016-02-24,06:10,A,51,5.0       ,302.4,37.7
14.345,107.697,311.9,1.1,1,2016-02-24,06:10,A,52,5.0       ,297.7,10
13.899,104.889,322.6,1.5,1.2,2016-02-24,06:10,A,48,5.0       ,301.1,15.1
13.827,104.392,324.7,1.7,1.3,2016-02-24,06:10,A,72,5.0       ,296.6,26.8
13.824,104.377,326.1,1.7,1.3,2016-02-24,06:10,A,79,5.0       ,298.8,31.5
13.741,103.884,331.3,1.8,1.3,2016-02-24,06:10,A,84,5.0       ,300.5,63.7
13.738,103.867,323.6,1.8,1.3,2016-02-24,06:10,A,60,5.0       ,302.2,34.2
13.952,105.008,327.2,1.5,1.2,2016-02-24,06:10,A,64,5.0       ,299.4,35.7
13.949,104.994,353.8,1.5,1.2,2016-02-24,06:10,A,97,5.0       ,301.8,123
13.793,103.976,333.8,1.8,1.3,2016-02-24,06:10,A,86,5.0       ,303.8,54.4
13.875,104.399,327.9,1.7,1.3,2016-02-24,06:10,A,81,5.0       ,302.7,30.6
13.813,103.956,338,1.8,1.3,2016-02-24,06:10,A,89,5.0       ,302,71.9
13.83,103.986,325.6,1.8,1.3,2016-02-24,06:10,A,72,5.0       ,303.8,24.6
13.841,103.995,324.5,1.8,1.3,2016-02-24,06:10,A,44,5.0       ,301.9,21.1
14.083,105.309,324.3,1.4,1.2,2016-02-24,06:10,A,77,5.0       ,301.7,27.4
14.03,104.988,340.8,1.5,1.2,2016-02-24,06:10,A,90,5.0       ,302.9,64.8
13.921,104.259,321.4,1.7,1.3,2016-02-24,06:10,A,62,5.0       ,300.5,15.3
14.099,105.143,324.3,1.5,1.2,2016-02-24,06:10,A,71,5.0       ,304,13.5
14.398,106.652,314,1.2,1.1,2016-02-24,06:10,A,53,5.0       ,298.2,12.1
14.169,105.208,330.4,1.4,1.2,2016-02-24,06:10,A,83,5.0       ,305,28.4
14.166,105.194,326.1,1.4,1.2,2016-02-24,06:10,A,79,5.0       ,303.1,17.3
13.939,103.819,322.8,1.8,1.3,2016-02-24,06:10,A,60,5.0       ,303,23.6
14.342,106.23,343.2,1.2,1.1,2016-02-24,06:10,A,86,5.0       ,306.5,59.3
14.245,105.614,322.8,1.4,1.2,2016-02-24,06:10,A,76,5.0       ,298.8,26.1
14.345,106.054,311.5,1.3,1.1,2016-02-24,06:10,A,30,5.0       ,297.1,8.3
14.022,103.957,325.6,1.8,1.3,2016-02-24,06:10,A,71,5.0       ,303,27.8
14.188,104.963,333,1.5,1.2,2016-02-24,06:10,A,85,5.0       ,304.8,38.2
14.029,103.949,323.9,1.8,1.3,2016-02-24,06:10,A,67,5.0       ,301.6,22.9
14.092,104.248,348.8,1.7,1.3,2016-02-24,06:10,A,95,5.0       ,303.3,117.3
14.089,104.233,349.1,1.7,1.3,2016-02-24,06:10,A,95,5.0       ,302.3,118
14.087,104.217,326.5,1.7,1.3,2016-02-24,06:10,A,76,5.0       ,300.6,33.4
14.627,107.543,312.1,1.1,1,2016-02-24,06:10,A,19,5.0       ,295.5,9.3
14.258,105.186,321.3,1.4,1.2,2016-02-24,06:10,A,40,5.0       ,300.9,21.1
14.256,105.173,328.2,1.4,1.2,2016-02-24,06:10,A,76,5.0       ,301,37.5
14.656,107.257,310.7,1.1,1,2016-02-24,06:10,A,37,5.0       ,298.6,8.7
14.548,106.492,338.4,1.2,1.1,2016-02-24,06:10,A,89,5.0       ,307.1,41.3
14.546,106.481,352,1.2,1.1,2016-02-24,06:10,A,96,5.0       ,308.5,77.9
14.557,106.49,336.1,1.2,1.1,2016-02-24,06:10,A,87,5.0       ,304.6,36.8
14.555,106.479,328.8,1.2,1.1,2016-02-24,06:10,A,72,5.0       ,304.4,21.9
14.753,107.647,376.8,1.1,1,2016-02-24,06:10,A,100,5.0       ,303.2,153.6
14.752,107.637,351.9,1.1,1,2016-02-24,06:10,A,96,5.0       ,303.3,72.9
14.74,107.559,348,1.1,1,2016-02-24,06:10,A,94,5.0       ,297.1,69.7
14.739,107.549,336.4,1.1,1,2016-02-24,06:10,A,88,5.0       ,297.3,45.9
14.758,107.615,327.9,1.1,1,2016-02-24,06:10,A,81,5.0       ,302.5,25.5
14.756,107.606,322.8,1.1,1,2016-02-24,06:10,A,76,5.0       ,301.1,18.5
13.953,102.597,317.5,2.3,1.5,2016-02-24,06:10,A,42,5.0       ,299.7,20.9
14.836,107.893,318.9,1,1,2016-02-24,06:10,A,48,5.0       ,300.6,13.3
14.74,107.133,325.1,1.1,1,2016-02-24,06:10,A,71,5.0       ,305.5,16.6
14.719,106.474,317.9,1.2,1.1,2016-02-24,06:10,A,34,5.0       ,300.7,6.8
13.885,101.397,322.1,2.8,1.6,2016-02-24,06:10,A,75,5.0       ,294.3,60.3
13.88,101.371,322.8,2.8,1.6,2016-02-24,06:10,A,76,5.0       ,295,69
14.847,106.984,325.7,1.1,1.1,2016-02-24,06:10,A,69,5.0       ,306.9,9.7
14.845,106.973,326.8,1.1,1.1,2016-02-24,06:10,A,76,5.0       ,307.6,11.3
14.895,107.175,313.6,1.1,1,2016-02-24,06:10,A,56,5.0       ,299.3,11.9
14.897,106.958,326.1,1.1,1.1,2016-02-24,06:10,A,56,5.0       ,307.8,12.9
14.93,106.921,324,1.1,1.1,2016-02-24,06:10,A,49,5.0       ,306.7,12
14.825,106.107,316.7,1.2,1.1,2016-02-24,06:10,A,40,5.0       ,300.6,8
14.897,106.433,362.8,1.2,1.1,2016-02-24,06:10,A,100,5.0       ,302,125.3
14.896,106.422,315.4,1.2,1.1,2016-02-24,06:10,A,64,5.0       ,300.6,12.1
14.989,106.959,324.3,1.1,1.1,2016-02-24,06:10,A,65,5.0       ,308.9,14.6
14.865,106.165,330.9,1.2,1.1,2016-02-24,06:10,A,83,5.0       ,300,35.3
14.061,101.351,316.7,2.8,1.6,2016-02-24,06:10,A,49,5.0       ,295.5,33.9
14.056,101.325,326.5,2.8,1.6,2016-02-24,06:10,A,80,5.0       ,295.9,87.1
14.925,106.417,314.8,1.2,1.1,2016-02-24,06:10,A,62,5.0       ,301.9,11.1
14.894,106.09,317.1,1.2,1.1,2016-02-24,06:10,A,31,5.0       ,296.9,11.5
14.927,105.971,321.6,1.3,1.1,2016-02-24,06:10,A,74,5.0       ,300.7,17.3
15.023,106.452,317.1,1.2,1.1,2016-02-24,06:10,A,67,5.0       ,299.5,17.6
14.909,105.659,327.4,1.3,1.1,2016-02-24,06:10,A,80,5.0       ,306.3,18.5
15.017,106.285,317.1,1.2,1.1,2016-02-24,06:10,A,30,5.0       ,295.2,14.6
14.978,106.034,340.3,1.2,1.1,2016-02-24,06:10,A,90,5.0       ,298.9,61.7
14.976,106.022,352.5,1.3,1.1,2016-02-24,06:10,A,96,5.0       ,301.3,95.1
14.972,105.999,348.7,1.3,1.1,2016-02-24,06:10,A,95,5.0       ,304.4,78.9
14.971,105.987,329.7,1.3,1.1,2016-02-24,06:10,A,82,5.0       ,304.1,30.9
14.583,103.592,324.3,1.9,1.3,2016-02-24,06:10,A,77,5.0       ,302.4,26.7
14.628,103.789,322.3,1.8,1.3,2016-02-24,06:10,A,75,5.0       ,302.8,19.4
14.625,103.773,322.3,1.8,1.3,2016-02-24,06:10,A,75,5.0       ,302,19.5
15.11,106.738,313.7,1.1,1.1,2016-02-24,06:10,A,18,5.0       ,301.1,10.9
14.623,103.785,323.3,1.8,1.3,2016-02-24,06:10,A,59,5.0       ,302.7,21
14.588,103.586,323.8,1.9,1.3,2016-02-24,06:10,A,77,5.0       ,302.5,24.1
15.063,106.373,355.2,1.2,1.1,2016-02-24,06:10,A,98,5.0       ,300.8,100.2
15.061,106.362,315,1.2,1.1,2016-02-24,06:10,A,41,5.0       ,300.9,11.7
15.079,106.415,336.2,1.2,1.1,2016-02-24,06:10,A,87,5.0       ,296.9,50.3
15.145,106.708,318.3,1.1,1.1,2016-02-24,06:10,A,51,5.0       ,303.2,15
14.984,105.491,319.5,1.3,1.1,2016-02-24,06:10,A,63,5.0       ,302.2,11.2
15.238,106.46,324.4,1.2,1.1,2016-02-24,06:10,A,78,5.0       ,292.6,28.2
15.31,106.866,323.5,1.1,1.1,2016-02-24,06:10,A,73,5.0       ,303.2,17
15.315,106.87,319.7,1.1,1.1,2016-02-24,06:10,A,72,5.0       ,302.5,16.6
14.628,102.762,322,2.1,1.4,2016-02-24,06:10,A,70,5.0       ,299.7,29.3
15.367,106.766,324.7,1.1,1.1,2016-02-24,06:10,A,76,5.0       ,308.4,14.7
15.414,106.951,311.4,1.1,1.1,2016-02-24,06:10,A,49,5.0       ,298,9.8
15.413,106.941,313.4,1.1,1.1,2016-02-24,06:10,A,58,5.0       ,298.2,12.4
15.395,106.825,334.1,1.1,1.1,2016-02-24,06:10,A,86,5.0       ,305.6,34.8
15.394,106.815,328.5,1.1,1.1,2016-02-24,06:10,A,81,5.0       ,305.3,22.4
15.42,106.944,327.5,1.1,1.1,2016-02-24,06:10,A,81,5.0       ,298,32.2
15.4,106.818,331.5,1.1,1.1,2016-02-24,06:10,A,84,5.0       ,305.4,28.4
15.341,106.319,317.7,1.2,1.1,2016-02-24,06:10,A,68,5.0       ,301.7,11.1
15.351,106.317,316.3,1.2,1.1,2016-02-24,06:10,A,52,5.0       ,301.6,10.4
15.309,105.988,322.7,1.2,1.1,2016-02-24,06:10,A,57,5.0       ,303.6,17.1
15.346,105.899,323.8,1.3,1.1,2016-02-24,06:10,A,77,5.0       ,306.1,14.6
15.345,105.894,326.5,1.3,1.1,2016-02-24,06:10,A,74,5.0       ,306,18.6
14.966,103.206,323.1,2,1.4,2016-02-24,06:10,A,76,5.0       ,301.6,23.3
15.328,105.2,325.3,1.4,1.2,2016-02-24,06:10,A,77,5.0       ,305.9,18.9
15.527,106.136,321.3,1.2,1.1,2016-02-24,06:10,A,74,5.0       ,303.3,14.3
15.641,106.68,322.8,1.1,1.1,2016-02-24,06:10,A,66,5.0       ,305.5,19.1
14.494,99.851,319.7,3.6,1.8,2016-02-24,06:10,A,66,5.0       ,295.9,77.1
15.538,105.949,324.5,1.2,1.1,2016-02-24,06:10,A,57,5.0       ,305.4,18.8
15.538,105.943,324.9,1.2,1.1,2016-02-24,06:10,A,66,5.0       ,304.9,18.3
4.422,114.243,308.9,2.2,1.4,2016-02-24,18:25,A,63,5.0       ,289.8,43.3
14.812,106.974,313.5,1.3,1.1,2016-02-24,18:20,A,82,5.0       ,291.9,24.5
13.781,107.436,307.4,1.2,1.1,2016-02-24,18:20,A,54,5.0       ,292.2,14.3
13.644,106.319,330.7,1.3,1.1,2016-02-24,18:20,A,100,5.0       ,294.9,57.6
13.642,106.331,312.8,1.3,1.1,2016-02-24,18:20,A,80,5.0       ,293.5,22.6
13.636,106.323,316,1.3,1.1,2016-02-24,18:20,A,90,5.0       ,293.8,28.3
13.406,106.205,305.5,1.4,1.2,2016-02-24,18:20,A,32,5.0       ,293.2,13
13.342,106.303,310.7,1.3,1.1,2016-02-24,18:20,A,72,5.0       ,293.9,17.7
13.284,106.502,308.5,1.3,1.1,2016-02-24,18:20,A,61,5.0       ,293.3,16
13.218,106.547,333.7,1.3,1.1,2016-02-24,18:20,A,100,5.0       ,294.3,60.7
13.216,106.558,322,1.3,1.1,2016-02-24,18:20,A,100,5.0       ,294.2,36.1
12.993,106.92,306.6,1.2,1.1,2016-02-24,18:20,A,47,5.0       ,293.5,12.6
12.991,106.931,305.4,1.2,1.1,2016-02-24,18:20,A,30,5.0       ,293.2,11.2
12.724,105.646,310.7,1.4,1.2,2016-02-24,18:20,A,72,5.0       ,291.8,21.3
12.712,105.737,308.1,1.4,1.2,2016-02-24,18:20,A,30,5.0       ,293.5,14.5
12.707,105.697,305.4,1.4,1.2,2016-02-24,18:20,A,20,5.0       ,293.3,11.4
12.705,105.71,307.8,1.4,1.2,2016-02-24,18:20,A,18,5.0       ,293.3,13.9
12.71,105.705,312.5,1.4,1.2,2016-02-24,18:20,A,23,5.0       ,293.5,20.6
12.597,105.71,310.8,1.4,1.2,2016-02-24,18:20,A,72,5.0       ,293.5,19.2
12.595,105.723,317.7,1.4,1.2,2016-02-24,18:20,A,94,5.0       ,294.3,31.7
12.587,105.708,340.1,1.4,1.2,2016-02-24,18:20,A,100,5.0       ,294.8,86.5
12.585,105.721,379.3,1.4,1.2,2016-02-24,18:20,A,100,5.0       ,299.3,268
12.607,105.301,319.2,1.5,1.2,2016-02-24,18:20,A,98,5.0       ,294,40.4
12.237,106.101,307.6,1.3,1.1,2016-02-24,18:20,A,55,5.0       ,294.3,14
12.141,106.506,314.7,1.3,1.1,2016-02-24,18:20,A,86,5.0       ,293.1,23.3
12.141,106.511,307.5,1.3,1.1,2016-02-24,18:20,A,55,5.0       ,293,14.4
12.175,106.036,305,1.3,1.1,2016-02-24,18:20,A,6,5.0       ,294,11.1
12.083,106.641,340.6,1.2,1.1,2016-02-24,18:20,A,100,5.0       ,295.3,72.3
12.081,106.652,320.9,1.2,1.1,2016-02-24,18:20,A,100,5.0       ,294.8,31.9
12.125,106.177,322.8,1.3,1.1,2016-02-24,18:20,A,100,5.0       ,294.7,38.3
12.124,106.189,306.4,1.3,1.1,2016-02-24,18:20,A,44,5.0       ,293.9,12.1
11.854,104.229,305.1,1.8,1.3,2016-02-24,18:20,A,17,5.0       ,292.2,21.7