latitude,longitude,brightness,scan,track,acq_date,acq_time,satellite,confidence,version,bright_t31,frp
15.368,120.368,312.1,2.3,1.5,2016-03-11,03:05,T,40,5.0       ,294.7,34.2
15.275,120.07,318.7,2.2,1.4,2016-03-11,03:05,T,43,5.0       ,299.9,34.4
14.99,120.189,322.2,2.3,1.5,2016-03-11,03:05,T,75,5.0       ,301.2,53.7
13.387,120.678,313.7,2.7,1.6,2016-03-11,03:05,T,50,5.0       ,298.3,37.5
13.382,120.672,313.9,2.7,1.6,2016-03-11,03:05,T,43,5.0       ,298.6,36.8
13.704,106.534,324.2,2.2,1.4,2016-03-11,03:05,T,72,5.0       ,294.6,56
12.946,107.922,324.5,1.7,1.3,2016-03-11,03:05,T,71,5.0       ,300.8,28.5
12.944,107.937,326.4,1.7,1.3,2016-03-11,03:05,T,79,5.0       ,299.9,35.1
12.376,106.423,324.9,2.2,1.4,2016-03-11,03:05,T,78,5.0       ,297.2,41.1
12.374,106.442,321.6,2.1,1.4,2016-03-11,03:05,T,74,5.0       ,297,28.4
12.374,106.436,328,2.1,1.4,2016-03-11,03:05,T,81,5.0       ,297,55.4
12.146,106.591,326.4,2.1,1.4,2016-03-11,03:05,T,79,5.0       ,298.1,44.6
12.143,106.609,321.7,2.1,1.4,2016-03-11,03:05,T,70,5.0       ,298.7,28.3
7.978,117.023,328.1,1.8,1.3,2016-03-11,03:05,T,81,5.0       ,297.8,61.3
5.47,115.558,322,1.5,1.2,2016-03-11,03:05,T,73,5.0       ,299.1,22
5.31,116.517,321.7,1.8,1.3,2016-03-11,03:05,T,60,5.0       ,301.2,37.1
5.338,115.651,317.1,1.6,1.2,2016-03-11,03:05,T,67,5.0       ,298.8,20.7
4.344,114.313,316.4,1.3,1.1,2016-03-11,03:05,T,61,5.0       ,298,16.1
4.342,114.325,315.3,1.3,1.1,2016-03-11,03:05,T,45,5.0       ,297.8,14.6
3.909,117.109,311.1,2.1,1.4,2016-03-11,03:05,T,33,5.0       ,291.5,24.6
2.747,114.177,310.6,1.3,1.1,2016-03-11,03:05,T,20,5.0       ,292.9,13.6
2.645,114.107,314.2,1.3,1.1,2016-03-11,03:05,T,35,5.0       ,294.3,16.2
2.568,114.006,312.3,1.3,1.1,2016-03-11,03:05,T,25,5.0       ,290.5,13.5
2.347,113.919,313.1,1.3,1.1,2016-03-11,03:05,T,42,5.0       ,289.2,16.9
0.143,116.723,316.7,2.3,1.5,2016-03-11,03:05,T,47,5.0       ,284.2,45.8
0.13,116.721,327.3,2.3,1.5,2016-03-11,03:05,T,75,5.0       ,286.6,86.6
0.133,116.715,331.6,2.3,1.5,2016-03-11,03:05,T,84,5.0       ,286.9,109.3
0.12,116.713,315.2,2.3,1.5,2016-03-11,03:05,T,33,5.0       ,286.1,38.7
-0.054,117.42,317.8,2.6,1.6,2016-03-11,03:05,T,66,5.0       ,289,42.7
-0.058,117.444,315.9,2.6,1.6,2016-03-11,03:05,T,51,5.0       ,288.6,39.1
-0.063,117.438,318.4,2.6,1.6,2016-03-11,03:05,T,69,5.0       ,287.9,49.8
-0.262,116.634,314,2.3,1.5,2016-03-11,03:05,T,60,5.0       ,291.1,28.4
12.516,98.843,313.5,4.7,2,2016-03-11,04:40,T,57,5.0       ,299,78.2
-3.411,114.849,321.3,1.1,1,2016-03-11,06:05,A,52,5.0       ,299.1,13.3
-2.964,104.292,312.1,3.4,1.7,2016-03-11,06:05,A,52,5.0       ,289,47.7
-2.968,104.288,310.3,3.4,1.7,2016-03-11,06:05,A,35,5.0       ,289,41.9
-0.964,114.894,315.7,1.2,1.1,2016-03-11,06:05,A,46,5.0       ,292.9,11
-0.276,116.627,329.7,1.5,1.2,2016-03-11,06:05,A,82,5.0       ,299.3,40
-0.263,116.639,337.8,1.5,1.2,2016-03-11,06:05,A,88,5.0       ,300.9,62.5
-0.057,117.419,326.6,1.8,1.3,2016-03-11,06:05,A,54,5.0       ,297.7,25.9
0.137,116.711,357.8,1.6,1.2,2016-03-11,06:05,A,93,5.0       ,301.3,150.2
-1.592,103.945,319.5,2,1.4,2016-03-11,03:10,T,56,5.0       ,292.9,29.6
-5.753,112.729,311.4,1.4,1.2,2016-03-11,03:10,T,0,5.0       ,293,11.7
-5.798,112.749,311.3,1.4,1.2,2016-03-11,03:10,T,0,5.0       ,292.9,9.1
15.757,120.17,311.1,2.2,1.4,2016-03-11,03:05,T,41,5.0       ,293.7,27.2
15.759,120.165,311,2.2,1.4,2016-03-11,03:05,T,42,5.0       ,293.7,28.4
15.365,120.373,311.6,2.3,1.5,2016-03-11,03:05,T,45,5.0       ,293.6,32.3
-6.448,146.392,320.2,2.9,1.6,2016-03-11,04:25,A,45,5.0       ,297.5,51.3
13.78,106.085,332.1,1.3,1.1,2016-03-11,06:10,A,73,5.0       ,299.4,38.6
13.721,105.712,346.3,1.4,1.2,2016-03-11,06:10,A,88,5.0       ,301,80.1
13.707,105.625,318.6,1.4,1.2,2016-03-11,06:10,A,43,5.0       ,301,19
13.913,106.801,323.3,1.2,1.1,2016-03-11,06:10,A,51,5.0       ,303.2,12.8
13.935,106.688,323.1,1.2,1.1,2016-03-11,06:10,A,57,5.0       ,301.4,17.4
14.199,108.25,323.4,1,1,2016-03-11,06:10,A,74,5.0       ,297.8,23
14.03,106.987,322.7,1.1,1.1,2016-03-11,06:10,A,61,5.0       ,302.4,15.8
14.014,106.789,343.4,1.2,1.1,2016-03-11,06:10,A,92,5.0       ,303.3,55.2
14.234,108.17,336.1,1,1,2016-03-11,06:10,A,87,5.0       ,304.1,35.3
14.232,108.161,323.8,1,1,2016-03-11,06:10,A,47,5.0       ,303,14.1
13.951,106.327,348.9,1.2,1.1,2016-03-11,06:10,A,82,5.0       ,301.4,80.6
14.243,108.169,334.8,1,1,2016-03-11,06:10,A,86,5.0       ,304.4,32.2
14.187,107.798,323.9,1.1,1,2016-03-11,06:10,A,64,5.0       ,301,14.9
14.25,108.158,345.3,1,1,2016-03-11,06:10,A,93,5.0       ,301.7,49.6
14.249,108.149,353,1,1,2016-03-11,06:10,A,91,5.0       ,300.1,65.9
14.26,108.157,446.9,1,1,2016-03-11,06:10,A,100,5.0       ,313.2,683.2
14.258,108.147,472.4,1,1,2016-03-11,06:10,A,94,5.0       ,317.7,1087.4
14.269,108.155,320.8,1,1,2016-03-11,06:10,A,47,5.0       ,298.8,14.6
14.267,108.146,327.4,1,1,2016-03-11,06:10,A,75,5.0       ,295.7,22.8
14.142,107.309,332.7,1.1,1,2016-03-11,06:10,A,85,5.0       ,301,33.8
14.141,107.299,361.7,1.1,1,2016-03-11,06:10,A,100,5.0       ,304.6,105.4
14.29,108.113,345.1,1,1,2016-03-11,06:10,A,93,5.0       ,301.5,52.7
14.289,108.104,329,1,1,2016-03-11,06:10,A,82,5.0       ,300.3,22.7
13.677,104.143,334.9,1.8,1.3,2016-03-11,06:10,A,86,5.0       ,297.6,68.7
14.304,108.086,338.1,1,1,2016-03-11,06:10,A,89,5.0       ,303.3,37.8
14.302,108.077,330.2,1,1,2016-03-11,06:10,A,83,5.0       ,303.8,24.3
13.673,104.139,329.1,1.8,1.3,2016-03-11,06:10,A,82,5.0       ,298.5,48.9
13.685,104.137,325.9,1.8,1.3,2016-03-11,06:10,A,79,5.0       ,295.6,39.9
14.28,107.806,334.1,1.1,1,2016-03-11,06:10,A,86,5.0       ,304.8,28.4
14.348,108.137,333,1,1,2016-03-11,06:10,A,85,5.0       ,303,29.3
13.886,105.011,328.1,1.5,1.2,2016-03-11,06:10,A,69,5.0       ,294.9,43
14.025,105.756,337.4,1.3,1.1,2016-03-11,06:10,A,88,5.0       ,301.6,49.9
14.223,107.013,321.6,1.1,1.1,2016-03-11,06:10,A,74,5.0       ,306.7,20.2
14.025,105.762,327.9,1.3,1.1,2016-03-11,06:10,A,79,5.0       ,301.6,24.5
14.023,105.75,325.7,1.3,1.1,2016-03-11,06:10,A,63,5.0       ,300.1,19.6
14.154,106.509,328,1.2,1.1,2016-03-11,06:10,A,68,5.0       ,301.8,24
14.269,107.121,310.7,1.1,1.1,2016-03-11,06:10,A,42,5.0       ,296.9,6.7
14.268,107.111,311.6,1.1,1.1,2016-03-11,06:10,A,50,5.0       ,297.6,7.7
14.441,108.203,345,1,1,2016-03-11,06:10,A,93,5.0       ,304.1,52.6
14.389,107.724,359.9,1.1,1,2016-03-11,06:10,A,99,5.0       ,304.9,94.3
14.387,107.714,329,1.1,1,2016-03-11,06:10,A,51,5.0       ,301.4,26.7
13.969,105.018,334.4,1.5,1.2,2016-03-11,06:10,A,86,5.0       ,296.6,62.2
26.428,95.294,363,1.4,1.2,2016-03-11,04:40,T,87,5.0       ,289.8,160.1
26.417,95.293,316.1,1.4,1.2,2016-03-11,04:40,T,40,5.0       ,283.1,24.6
26.681,93.358,328.9,1.1,1,2016-03-11,04:40,T,77,5.0       ,294.9,34
26.672,93.356,317.9,1.1,1,2016-03-11,04:40,T,69,5.0       ,294.3,19.5
26.301,94.837,401.7,1.3,1.1,2016-03-11,04:40,T,100,5.0       ,304.7,378.9
26.299,94.851,402,1.3,1.1,2016-03-11,04:40,T,100,5.0       ,302.9,381
26.291,94.836,390.1,1.3,1.1,2016-03-11,04:40,T,100,5.0       ,298.8,290.4
26.289,94.848,353.5,1.3,1.1,2016-03-11,04:40,T,97,5.0       ,296.4,104.8
26.337,94.443,332.5,1.2,1.1,2016-03-11,04:40,T,85,5.0       ,291.9,51.1
26.748,90.924,322.9,1,1,2016-03-11,04:40,T,76,5.0       ,300.4,17.1
26.746,90.934,316.6,1,1,2016-03-11,04:40,T,61,5.0       ,300.3,8.9
26.739,90.922,317.2,1,1,2016-03-11,04:40,T,38,5.0       ,300.5,10
26.146,94.242,316.6,1.2,1.1,2016-03-11,04:40,T,66,5.0       ,295.1,19.9
25.808,94.886,318.2,1.3,1.1,2016-03-11,04:40,T,42,5.0       ,287.2,22.8
25.851,94.086,313.2,1.2,1.1,2016-03-11,04:40,T,57,5.0       ,296.6,13.7
25.998,92.117,315.2,1,1,2016-03-11,04:40,T,63,5.0       ,299,9.9
25.915,92.177,311.7,1,1,2016-03-11,04:40,T,50,5.0       ,298.6,7.5
25.913,92.187,311,1,1,2016-03-11,04:40,T,45,5.0       ,298.6,6.4
25.846,91.963,315,1,1,2016-03-11,04:40,T,60,5.0       ,299.3,9.7
25.709,91.956,319.5,1,1,2016-03-11,04:40,T,58,5.0       ,301.5,12.6
25.85,90.888,318,1,1,2016-03-11,04:40,T,63,5.0       ,302.5,9.2
25.844,90.927,330.6,1,1,2016-03-11,04:40,T,83,5.0       ,303.8,24.7
12.011,108.1,326.2,1.1,1,2016-03-11,06:05,A,79,5.0       ,300.7,22.9
11.314,103.744,319.8,2.1,1.4,2016-03-11,06:05,A,20,5.0       ,299.3,35.1
12.017,107.888,318.6,1.1,1,2016-03-11,06:05,A,37,5.0       ,297.3,11.6
12.031,107.856,338,1.1,1,2016-03-11,06:05,A,89,5.0       ,300.4,41.8
12.05,107.817,318.1,1.1,1,2016-03-11,06:05,A,45,5.0       ,298.9,11.3
12.073,107.587,318.8,1.1,1.1,2016-03-11,06:05,A,46,5.0       ,297.8,14.9
11.866,106.161,325.8,1.4,1.2,2016-03-11,06:05,A,78,5.0       ,304.1,23.3
-7.717,113.573,319.4,1,1,2016-03-11,06:00,A,0,5.0       ,300.9,11.9
-7.623,112.809,319.9,1,1,2016-03-11,06:00,A,31,5.0       ,298.9,10.2
12.201,107.888,326.1,1.1,1,2016-03-11,06:10,A,67,5.0       ,304.5,22.1
11.999,106.24,337,1.3,1.1,2016-03-11,06:10,A,88,5.0       ,303.6,42.9
12.291,107.878,324.1,1.1,1,2016-03-11,06:10,A,69,5.0       ,302.4,21.3
12.265,107.638,323.9,1.1,1.1,2016-03-11,06:10,A,77,5.0       ,303.7,14
12.25,107.536,324.3,1.1,1.1,2016-03-11,06:10,A,77,5.0       ,302.7,18.3
12.282,107.687,342.4,1.1,1,2016-03-11,06:10,A,91,5.0       ,297,55.5
11.629,103.518,322.5,2.1,1.4,2016-03-11,06:10,A,75,5.0       ,296.8,55.2
11.651,103.573,325.8,2.1,1.4,2016-03-11,06:10,A,79,5.0       ,297.4,61
12.332,107.844,349.7,1.1,1,2016-03-11,06:10,A,83,5.0       ,298.5,71.1
11.633,103.531,313.9,2.1,1.4,2016-03-11,06:10,A,30,5.0       ,298.4,22.5
11.63,103.512,316.5,2.1,1.4,2016-03-11,06:10,A,62,5.0       ,294.4,33.6
11.652,103.566,327,2.1,1.4,2016-03-11,06:10,A,58,5.0       ,297.8,61.7
12.342,107.721,322.4,1.1,1,2016-03-11,06:10,A,33,5.0       ,301.9,15.3
11.684,103.6,324.1,2.1,1.4,2016-03-11,06:10,A,73,5.0       ,301.9,52.3
11.68,103.581,321.9,2.1,1.4,2016-03-11,06:10,A,57,5.0       ,298.3,47.2
12.495,108.565,322.3,1,1,2016-03-11,06:10,A,75,5.0       ,301.4,14.3
12.402,107.767,324.1,1.1,1,2016-03-11,06:10,A,67,5.0       ,301.1,19.6
12.546,108.474,327.5,1,1,2016-03-11,06:10,A,81,5.0       ,305,18.1
12.565,108.539,314.2,1,1,2016-03-11,06:10,A,42,5.0       ,300.3,5.9
12.459,107.283,320.4,1.1,1.1,2016-03-11,06:10,A,55,5.0       ,298.9,15.4
12.368,106.428,332.6,1.3,1.1,2016-03-11,06:10,A,85,5.0       ,303,35.7
12.199,103.855,322.2,2,1.4,2016-03-11,06:10,A,51,5.0       ,300.1,31.6
12.813,107.605,325.7,1.1,1,2016-03-11,06:10,A,61,5.0       ,306.1,9.6
12.552,105.833,331.5,1.4,1.2,2016-03-11,06:10,A,83,5.0       ,303,33.2
12.413,104.878,321.9,1.6,1.3,2016-03-11,06:10,A,40,5.0       ,301.4,19.5
12.413,104.871,324.8,1.6,1.3,2016-03-11,06:10,A,78,5.0       ,301.3,27.6
12.979,108.347,319.4,1,1,2016-03-11,06:10,A,61,5.0       ,297.9,12.8
12.927,107.874,329.4,1.1,1,2016-03-11,06:10,A,78,5.0       ,305.4,17.4
12.641,105.812,336.3,1.4,1.2,2016-03-11,06:10,A,76,5.0       ,301.9,47.2
12.396,104.006,328,1.9,1.3,2016-03-11,06:10,A,43,5.0       ,303.7,24.5
12.309,103.487,333.6,2.1,1.4,2016-03-11,06:10,A,86,5.0       ,301.8,84.7
12.305,103.468,330.2,2.1,1.4,2016-03-11,06:10,A,83,5.0       ,301.5,73.4
12.703,105.757,320.4,1.4,1.2,2016-03-11,06:10,A,73,5.0       ,297.4,18.3
12.679,105.536,321.8,1.4,1.2,2016-03-11,06:10,A,55,5.0       ,299.8,17.7
12.71,105.664,318.9,1.4,1.2,2016-03-11,06:10,A,36,5.0       ,297.6,12.9
12.565,104.68,332.9,1.7,1.3,2016-03-11,06:10,A,85,5.0       ,297,56.5
12.316,103.141,327.9,2.2,1.4,2016-03-11,06:10,A,76,5.0       ,306.6,42.1
12.734,105.506,333.4,1.5,1.2,2016-03-11,06:10,A,85,5.0       ,298.8,51.3
12.41,103.463,322.1,2.1,1.4,2016-03-11,06:10,A,57,5.0       ,300.4,35.2
12.812,105.861,325.9,1.4,1.2,2016-03-11,06:10,A,75,5.0       ,304.5,22.6
12.423,103.461,321.5,2.1,1.4,2016-03-11,06:10,A,43,5.0       ,300.7,33.4
12.764,105.488,315.7,1.5,1.2,2016-03-11,06:10,A,19,5.0       ,298,12.5
12.998,106.93,333.7,1.2,1.1,2016-03-11,06:10,A,81,5.0       ,298.6,36.6
12.577,104.174,319.4,1.8,1.3,2016-03-11,06:10,A,42,5.0       ,299.9,20.2
12.655,104.597,321.9,1.7,1.3,2016-03-11,06:10,A,75,5.0       ,299.4,29.8
12.652,104.581,317.3,1.7,1.3,2016-03-11,06:10,A,53,5.0       ,299.1,19.1
12.586,104.184,319.7,1.8,1.3,2016-03-11,06:10,A,0,5.0       ,299.1,24.1
12.818,105.527,318.1,1.4,1.2,2016-03-11,06:10,A,54,5.0       ,299.5,14.3
12.816,105.514,317.3,1.4,1.2,2016-03-11,06:10,A,51,5.0       ,297.8,12.4
12.823,105.486,346,1.5,1.2,2016-03-11,06:10,A,93,5.0       ,299.7,85.9
12.821,105.473,374.7,1.5,1.2,2016-03-11,06:10,A,100,5.0       ,301,223.1
11.805,99.509,328.6,4.3,1.9,2016-03-11,06:10,A,82,5.0       ,299.9,206.3
12.867,105.626,322.1,1.4,1.2,2016-03-11,06:10,A,72,5.0       ,301.9,22.8
12.709,104.571,321.2,1.7,1.3,2016-03-11,06:10,A,59,5.0       ,301.4,22.3
12.969,105.887,325.1,1.4,1.2,2016-03-11,06:10,A,70,5.0       ,305.3,23.4
11.856,99.285,317.7,4.5,1.9,2016-03-11,06:10,A,62,5.0       ,299.8,95.6
11.849,99.246,331.7,4.5,2,2016-03-11,06:10,A,84,5.0       ,300.9,254.8
11.873,99.282,317.4,4.5,1.9,2016-03-11,06:10,A,60,5.0       ,299.3,94.2
11.857,99.28,321.3,4.5,1.9,2016-03-11,06:10,A,68,5.0       ,299.9,128.8
11.849,99.241,324.3,4.5,2,2016-03-11,06:10,A,77,5.0       ,300.7,156.7
12.756,103.953,322.2,1.9,1.3,2016-03-11,06:10,A,55,5.0       ,301.1,22.6
12.966,104.882,370,1.6,1.2,2016-03-11,06:10,A,100,5.0       ,304.6,214.7
12.964,104.868,368.6,1.6,1.2,2016-03-11,06:10,A,100,5.0       ,305.9,205.8
12.967,104.876,384.6,1.6,1.2,2016-03-11,06:10,A,100,5.0       ,306.8,324.9
12.965,104.861,339.2,1.6,1.2,2016-03-11,06:10,A,89,5.0       ,302.9,61.9
13.224,105.932,323.2,1.3,1.1,2016-03-11,06:10,A,36,5.0       ,303.5,17.7
13.222,105.92,321.4,1.3,1.1,2016-03-11,06:10,A,47,5.0       ,303.2,12.9
13.448,107.309,327,1.1,1.1,2016-03-11,06:10,A,80,5.0       ,305.8,12
13.242,105.936,390.7,1.3,1.1,2016-03-11,06:10,A,100,5.0       ,303,300.1
12.877,103.651,316.8,2,1.4,2016-03-11,06:10,A,67,5.0       ,300.1,17
13.487,107.313,331.7,1.1,1.1,2016-03-11,06:10,A,84,5.0       ,307.8,17.6
13.486,107.303,325.6,1.1,1.1,2016-03-11,06:10,A,62,5.0       ,305.9,6.8
13.525,107.369,343.3,1.1,1.1,2016-03-11,06:10,A,92,5.0       ,305.4,44.9
13.515,107.308,330,1.1,1.1,2016-03-11,06:10,A,67,5.0       ,307.7,16.6
13.535,107.378,361.1,1.1,1.1,2016-03-11,06:10,A,100,5.0       ,308.3,92.6
13.534,107.368,441.8,1.1,1.1,2016-03-11,06:10,A,100,5.0       ,314.4,682.2
13.318,105.892,357,1.3,1.1,2016-03-11,06:10,A,98,5.0       ,304.9,108.4
13.316,105.88,331.1,1.3,1.1,2016-03-11,06:10,A,84,5.0       ,303.7,29.8
13.631,107.773,326.2,1.1,1,2016-03-11,06:10,A,75,5.0       ,305.6,11.5
13.34,105.901,336.1,1.3,1.1,2016-03-11,06:10,A,87,5.0       ,304.6,43.1
13.338,105.889,329.2,1.3,1.1,2016-03-11,06:10,A,82,5.0       ,304.3,26.1
12.975,103.608,318.3,2,1.4,2016-03-11,06:10,A,23,5.0       ,300.3,19.3
13.008,103.584,328.8,2,1.4,2016-03-11,06:10,A,82,5.0       ,300.4,56.4
13.628,107.439,340.1,1.1,1,2016-03-11,06:10,A,90,5.0       ,308.3,39.1
13.626,107.429,325.5,1.1,1,2016-03-11,06:10,A,45,5.0       ,307,12.7
13.276,105.158,345.2,1.5,1.2,2016-03-11,06:10,A,93,5.0       ,302,86.7
13.274,105.144,367.9,1.5,1.2,2016-03-11,06:10,A,100,5.0       ,301.8,195.3
13.038,103.688,321.7,1.9,1.4,2016-03-11,06:10,A,74,5.0       ,299.9,37.8
13.637,107.438,329.7,1.1,1,2016-03-11,06:10,A,68,5.0       ,306.8,19.7
13.561,106.932,335.9,1.2,1.1,2016-03-11,06:10,A,87,5.0       ,302.2,34.1
13.28,105.165,322.3,1.5,1.2,2016-03-11,06:10,A,61,5.0       ,301.7,19.2
13.278,105.152,352.5,1.5,1.2,2016-03-11,06:10,A,96,5.0       ,301.5,114.4
13.276,105.138,348,1.5,1.2,2016-03-11,06:10,A,94,5.0       ,301.2,96.1
13.029,103.685,329,1.9,1.4,2016-03-11,06:10,A,82,5.0       ,300.5,63.3
13.011,103.578,327,2,1.4,2016-03-11,06:10,A,80,5.0       ,300.5,49.8
13.628,107.278,329.2,1.1,1.1,2016-03-11,06:10,A,71,5.0       ,306.5,20.9
13.063,103.438,323.4,2,1.4,2016-03-11,06:10,A,59,5.0       ,301.5,34.7
13.532,106.276,340.7,1.3,1.1,2016-03-11,06:10,A,90,5.0       ,309,42.8
13.53,106.264,340.7,1.3,1.1,2016-03-11,06:10,A,90,5.0       ,310.9,44.2
13.472,105.638,319.7,1.4,1.2,2016-03-11,06:10,A,49,5.0       ,300.7,17.9
13.106,103.442,321.3,2,1.4,2016-03-11,06:10,A,52,5.0       ,300.5,23
13.626,106.543,344.1,1.2,1.1,2016-03-11,06:10,A,87,5.0       ,304.5,56.3
13.491,105.622,351.7,1.4,1.2,2016-03-11,06:10,A,96,5.0       ,301.2,103.4
13.489,105.609,337.1,1.4,1.2,2016-03-11,06:10,A,88,5.0       ,301,57.7
13.501,105.62,370.9,1.4,1.2,2016-03-11,06:10,A,100,5.0       ,299.5,190.2
13.38,104.795,327,1.6,1.2,2016-03-11,06:10,A,76,5.0       ,291.2,42.8
13.514,105.434,319.8,1.4,1.2,2016-03-11,06:10,A,37,5.0       ,297.4,17.6
13.695,106.526,352.6,1.2,1.1,2016-03-11,06:10,A,91,5.0       ,306.7,82.7
13.769,106.87,343.1,1.2,1.1,2016-03-11,06:10,A,92,5.0       ,300.4,54.6
13.767,106.859,343.9,1.2,1.1,2016-03-11,06:10,A,92,5.0       ,297.6,55.9
13.571,105.616,334.8,1.4,1.2,2016-03-11,06:10,A,86,5.0       ,301.8,53.3
13.569,105.603,322.7,1.4,1.2,2016-03-11,06:10,A,75,5.0       ,298.5,25.6
13.856,107.374,324.3,1.1,1,2016-03-11,06:10,A,69,5.0       ,302.6,14.9
13.609,105.788,325.2,1.3,1.2,2016-03-11,06:10,A,31,5.0       ,300.8,19
13.581,105.614,334.9,1.4,1.2,2016-03-11,06:10,A,86,5.0       ,298.8,52.9
13.615,105.761,322.8,1.4,1.2,2016-03-11,06:10,A,29,5.0       ,302,16.5
13.255,103.559,328.9,2,1.4,2016-03-11,06:10,A,82,5.0       ,299.7,58.9
13.252,103.541,323.2,2,1.4,2016-03-11,06:10,A,76,5.0       ,299.3,37.3
13.267,103.557,319.4,2,1.4,2016-03-11,06:10,A,64,5.0       ,300,24.5
13.264,103.539,318.8,2,1.4,2016-03-11,06:10,A,65,5.0       ,299.5,22.2
13.298,103.515,347.7,2,1.4,2016-03-11,06:10,A,94,5.0       ,299.4,148.4
13.295,103.497,322.2,2,1.4,2016-03-11,06:10,A,75,5.0       ,298.3,32.6
14.058,108.355,329.5,1,1,2016-03-11,06:10,A,82,5.0       ,303,22.1
13.289,103.51,319.6,2,1.4,2016-03-11,06:10,A,64,5.0       ,299,24.4
13.304,103.525,319.6,2,1.4,2016-03-11,06:10,A,46,5.0       ,299.2,22.8
13.301,103.507,339.3,2,1.4,2016-03-11,06:10,A,89,5.0       ,298.8,102.6
13.047,102.055,317.5,2.6,1.5,2016-03-11,06:10,A,40,5.0       ,299.1,40.2
13.49,104.553,312.3,1.6,1.3,2016-03-11,06:10,A,40,5.0       ,287.9,16.5
13.633,105.361,337.4,1.4,1.2,2016-03-11,06:10,A,88,5.0       ,297.4,59.6
13.631,105.348,322.2,1.4,1.2,2016-03-11,06:10,A,29,5.0       ,300.6,18.8
13.988,107.449,316.8,1.1,1,2016-03-11,06:10,A,41,5.0       ,300.9,8.9
13.781,106.097,338.6,1.3,1.1,2016-03-11,06:10,A,77,5.0       ,300.1,54.3
14.459,108.132,336.3,1,1,2016-03-11,06:10,A,87,5.0       ,300.2,34.3
14.424,107.895,317.3,1,1,2016-03-11,06:10,A,54,5.0       ,302.3,8.4
14.48,108.095,325.8,1,1,2016-03-11,06:10,A,66,5.0       ,299.3,18.8
14.467,108.009,331.5,1,1,2016-03-11,06:10,A,84,5.0       ,303.5,24.2
0.231,116.719,336.7,1.6,1.2,2016-03-11,06:05,A,83,5.0       ,299.4,62.3
0.229,116.705,344.9,1.6,1.2,2016-03-11,06:05,A,93,5.0       ,298.6,91.2
0.242,116.718,329.6,1.6,1.2,2016-03-11,06:05,A,63,5.0       ,300.5,39.7
0.242,116.712,337.3,1.6,1.2,2016-03-11,06:05,A,88,5.0       ,300.7,65.5
0.363,102.842,311.1,3.8,1.8,2016-03-11,06:05,A,33,5.0       ,290.9,47.4
0.375,102.867,311,3.8,1.8,2016-03-11,06:05,A,21,5.0       ,290.6,45.7
0.563,102.972,311.3,3.7,1.8,2016-03-11,06:05,A,32,5.0       ,292.5,46.7
0.721,102.861,312,3.8,1.8,2016-03-11,06:05,A,39,5.0       ,292.1,52.3
1.317,103.661,316.2,3.2,1.7,2016-03-11,06:05,A,0,5.0       ,293.1,52.5
1.345,102.447,315.1,4,1.9,2016-03-11,06:05,A,21,5.0       ,292.7,64.5
4.528,114.013,333.7,1.2,1.1,2016-03-11,06:05,A,80,5.0       ,295.9,34.5
5.314,116.516,323.7,1.8,1.3,2016-03-11,06:05,A,67,5.0       ,297.5,35.2
5.326,116.514,331.9,1.8,1.3,2016-03-11,06:05,A,84,5.0       ,295.9,62
14.452,107.845,323.1,1,1,2016-03-11,06:10,A,54,5.0       ,305.1,10.3
14.52,108.242,324.1,1,1,2016-03-11,06:10,A,69,5.0       ,298.8,17.1
14.507,108.09,318.1,1,1,2016-03-11,06:10,A,34,5.0       ,303.7,12.2
14.53,108.058,346.7,1,1,2016-03-11,06:10,A,93,5.0       ,300.7,59.8
14.018,104.471,316.9,1.6,1.3,2016-03-11,06:10,A,44,5.0       ,297.8,14.6
14.566,107.801,322.8,1,1,2016-03-11,06:10,A,51,5.0       ,298.4,13.6
14.243,105.445,327.7,1.4,1.2,2016-03-11,06:10,A,69,5.0       ,297,37
14.647,107.919,323.4,1,1,2016-03-11,06:10,A,53,5.0       ,303.6,12
14.694,107.922,348.9,1,1,2016-03-11,06:10,A,95,5.0       ,300.2,61.8
14.693,107.913,353.9,1,1,2016-03-11,06:10,A,97,5.0       ,300,73.3
14.703,107.921,333.4,1,1,2016-03-11,06:10,A,79,5.0       ,297,34.2
14.753,107.945,320.2,1,1,2016-03-11,06:10,A,31,5.0       ,304.2,12.9
14.762,107.944,333,1,1,2016-03-11,06:10,A,85,5.0       ,304.3,30.9
14.432,105.542,348.3,1.4,1.2,2016-03-11,06:10,A,94,5.0       ,301,87.5
14.812,107.725,335.6,1.1,1,2016-03-11,06:10,A,87,5.0       ,281.3,41.9
14.889,107.869,322,1,1,2016-03-11,06:10,A,40,5.0       ,295.6,15.5
14.796,107.181,321.3,1.1,1,2016-03-11,06:10,A,65,5.0       ,293.9,18.8
14.938,108.011,315.3,1,1,2016-03-11,06:10,A,45,5.0       ,289.2,14.3
14.611,105.896,322.8,1.3,1.1,2016-03-11,06:10,A,39,5.0       ,300.6,21.1
14.926,107.808,327.7,1,1,2016-03-11,06:10,A,39,5.0       ,295.6,22.8
14.841,107.239,319.5,1.1,1,2016-03-11,06:10,A,68,5.0       ,283.3,21.3
14.935,107.737,374.7,1,1,2016-03-11,06:10,A,100,5.0       ,292.5,143.6
14.944,107.736,334.4,1,1,2016-03-11,06:10,A,83,5.0       ,294.7,34.4
14.968,107.771,328.1,1,1,2016-03-11,06:10,A,70,5.0       ,292.6,29.1
14.879,106.296,314.8,1.2,1.1,2016-03-11,06:10,A,62,5.0       ,289.4,15.2
14.914,106.392,340.9,1.2,1.1,2016-03-11,06:10,A,90,5.0       ,296,62.3
15.53,106.732,326.2,1.1,1.1,2016-03-11,06:10,A,73,5.0       ,299.3,19.4
15.539,106.731,333.2,1.1,1.1,2016-03-11,06:10,A,85,5.0       ,298,33.5
15.536,106.71,336,1.1,1.1,2016-03-11,06:10,A,87,5.0       ,299,40.1
15.509,106.385,350.7,1.2,1.1,2016-03-11,06:10,A,90,5.0       ,297.2,78.8
15.526,106.371,344.6,1.2,1.1,2016-03-11,06:10,A,92,5.0       ,298.4,62.3
15.524,106.36,324.3,1.2,1.1,2016-03-11,06:10,A,71,5.0       ,299.1,19.6
15.598,106.705,324.7,1.1,1.1,2016-03-11,06:10,A,67,5.0       ,299.6,19.6
15.535,106.109,326.7,1.2,1.1,2016-03-11,06:10,A,80,5.0       ,300.7,20.5
15.553,106.094,322.2,1.2,1.1,2016-03-11,06:10,A,54,5.0       ,299.7,12.2
15.551,106.083,340.6,1.2,1.1,2016-03-11,06:10,A,90,5.0       ,300.2,49.5
15.554,106.087,336,1.2,1.1,2016-03-11,06:10,A,87,5.0       ,300.6,40.5
15.552,106.076,321.2,1.2,1.1,2016-03-11,06:10,A,46,5.0       ,299.9,11.7
15.652,106.33,328,1.2,1.1,2016-03-11,06:10,A,76,5.0       ,301.2,20.4
15.65,106.319,330.4,1.2,1.1,2016-03-11,06:10,A,77,5.0       ,302.6,25.6
15.614,106.019,324.6,1.2,1.1,2016-03-11,06:10,A,19,5.0       ,295.8,19.4
15.612,106.008,341.6,1.2,1.1,2016-03-11,06:10,A,91,5.0       ,296.4,55.9
15.689,106.172,321.7,1.2,1.1,2016-03-11,06:10,A,74,5.0       ,298,13.9
15.416,103.509,326.4,1.8,1.3,2016-03-11,06:10,A,80,5.0       ,302.4,21.5
15.413,103.521,325.2,1.8,1.3,2016-03-11,06:10,A,72,5.0       ,302.6,18.6
15.459,103.714,329.5,1.7,1.3,2016-03-11,06:10,A,80,5.0       ,302.5,32.6
15.432,103.13,332.1,1.9,1.4,2016-03-11,06:10,A,76,5.0       ,304.8,45.6
15.44,103.14,328.7,1.9,1.4,2016-03-11,06:10,A,65,5.0       ,305.7,26.8
15.53,98.554,334.3,4.3,1.9,2016-03-11,06:10,A,86,5.0       ,299,298.9
15.546,98.549,322.1,4.3,1.9,2016-03-11,06:10,A,60,5.0       ,298.9,157.7
15.533,98.546,334.5,4.3,1.9,2016-03-11,06:10,A,86,5.0       ,299.1,306.7
15.55,98.541,321.6,4.3,1.9,2016-03-11,06:10,A,74,5.0       ,299.1,156
17.769,103.935,319.4,1.5,1.2,2016-03-11,06:10,A,71,5.0       ,297.8,17
18.021,104.274,332.8,1.4,1.2,2016-03-11,06:10,A,75,5.0       ,294,53.7
18.044,104.352,326,1.4,1.2,2016-03-11,06:10,A,79,5.0       ,292.7,42.6
18.028,104.28,322.3,1.4,1.2,2016-03-11,06:10,A,75,5.0       ,295.5,28.2
18.026,104.267,324.6,1.4,1.2,2016-03-11,06:10,A,71,5.0       ,294.2,34.2
18.052,104.357,325.5,1.4,1.2,2016-03-11,06:10,A,79,5.0       ,293.1,40.6
18.049,104.344,323.9,1.4,1.2,2016-03-11,06:10,A,77,5.0       ,292.8,36
18.11,103.087,314.4,1.7,1.3,2016-03-11,06:10,A,60,5.0       ,297.2,15.9
17.909,101.174,316.9,2.4,1.5,2016-03-11,06:10,A,33,5.0       ,299.1,25
17.905,101.15,318,2.4,1.5,2016-03-11,06:10,A,68,5.0       ,299.8,33.3
18.114,101.211,325.1,2.4,1.5,2016-03-11,06:10,A,78,5.0       ,301,58.9
18.11,101.188,319.2,2.4,1.5,2016-03-11,06:10,A,44,5.0       ,300.3,35.9
18.31,102.231,314.6,2,1.4,2016-03-11,06:10,A,59,5.0       ,297.8,21.4
18.313,102.225,314,2,1.4,2016-03-11,06:10,A,46,5.0       ,297.6,19
18.123,101.203,328.2,2.4,1.5,2016-03-11,06:10,A,81,5.0       ,300.4,73.5
19.152,103.764,320.9,1.5,1.2,2016-03-11,06:10,A,68,5.0       ,289.7,38.2
19.166,103.242,339.5,1.6,1.3,2016-03-11,06:10,A,89,5.0       ,293.4,93
19.02,101.476,316.1,2.2,1.4,2016-03-11,06:10,A,54,5.0       ,298.1,30.4
19.019,101.469,314.2,2.2,1.4,2016-03-11,06:10,A,42,5.0       ,297.7,25
18.858,99.679,320.8,3,1.6,2016-03-11,06:10,A,64,5.0       ,302.4,58.4
18.859,99.672,321.5,3,1.6,2016-03-11,06:10,A,69,5.0       ,302.6,59.9
20.398,103.89,313.9,1.4,1.2,2016-03-11,06:10,A,30,5.0       ,296.5,18.4
20.396,103.876,314.9,1.4,1.2,2016-03-11,06:10,A,48,5.0       ,292.9,20.4
19.66,97.483,321.8,4.2,1.9,2016-03-11,06:10,A,43,5.0       ,299.3,90.5
19.663,97.48,322.3,4.2,1.9,2016-03-11,06:10,A,52,5.0       ,299,97.7
19.68,97.473,323.1,4.2,1.9,2016-03-11,06:10,A,58,5.0       ,299.3,106.5
19.672,97.35,336.8,4.3,1.9,2016-03-11,06:10,A,88,5.0       ,298.8,277.9
19.683,97.379,322.8,4.3,1.9,2016-03-11,06:10,A,48,5.0       ,300.2,100.6
19.994,98.399,312.9,3.5,1.8,2016-03-11,06:10,A,56,5.0       ,296.1,53.7
19.989,98.399,311,3.5,1.8,2016-03-11,06:10,A,44,5.0       ,296,42.5
20.527,99.227,319.8,3,1.6,2016-03-11,06:10,A,69,5.0       ,301.9,63.3
20.575,99.401,321.5,2.9,1.6,2016-03-11,06:10,A,74,5.0       ,297.1,95.1
20.527,99.222,322.3,3,1.6,2016-03-11,06:10,A,75,5.0       ,301.9,78.9
20.582,99.422,312.8,2.9,1.6,2016-03-11,06:10,A,47,5.0       ,295.5,48.3
20.577,99.397,317,2.9,1.6,2016-03-11,06:10,A,67,5.0       ,296.9,67.4
20.914,100.641,313.4,2.3,1.5,2016-03-11,06:10,A,50,5.0       ,297.3,30.9
20.91,100.62,316.2,2.3,1.5,2016-03-11,06:10,A,65,5.0       ,298,42.1
20.912,100.635,318.7,2.3,1.5,2016-03-11,06:10,A,70,5.0       ,297.8,54.1
21.322,102.155,313.3,1.8,1.3,2016-03-11,06:10,A,58,5.0       ,296,25.7
21.42,102.183,311.3,1.7,1.3,2016-03-11,06:10,A,30,5.0       ,294.6,16.8
21.431,102.18,313,1.7,1.3,2016-03-11,06:10,A,51,5.0       ,295.6,21.4
21.428,102.163,312.2,1.7,1.3,2016-03-11,06:10,A,36,5.0       ,296.9,19.5
21.424,100.83,316.5,2.2,1.4,2016-03-11,06:10,A,66,5.0       ,296.3,43.6
21.454,100.779,361.9,2.2,1.4,2016-03-11,06:10,A,100,5.0       ,287.7,307.7
21.451,100.759,351.6,2.2,1.4,2016-03-11,06:10,A,96,5.0       ,294.3,223.9
21.484,100.439,337.4,2.3,1.5,2016-03-11,06:10,A,88,5.0       ,289.9,158.6
21.489,100.2,314.1,2.4,1.5,2016-03-11,06:10,A,60,5.0       ,293.1,46.3
22.134,102.231,312.4,1.7,1.3,2016-03-11,06:10,A,54,5.0       ,294.4,25.1
22.131,102.215,315,1.7,1.3,2016-03-11,06:10,A,62,5.0       ,294.3,32.4
22.297,102.836,311.3,1.5,1.2,2016-03-11,06:10,A,48,5.0       ,291.8,21.7
22.113,101.613,312.7,1.9,1.3,2016-03-11,06:10,A,55,5.0       ,289.2,33.9
22.11,101.595,314.2,1.9,1.3,2016-03-11,06:10,A,60,5.0       ,292.6,38.1
21.446,97.246,313.7,4,1.9,2016-03-11,06:10,A,59,5.0       ,298.2,58.4
22.921,99.215,344.7,2.7,1.6,2016-03-11,06:10,A,87,5.0       ,280.7,251.2
22.988,99.332,312.9,2.6,1.5,2016-03-11,06:10,A,22,5.0       ,291.9,47.2
23.001,99.327,314.4,2.6,1.5,2016-03-11,06:10,A,28,5.0       ,293.5,52.8
23.777,103.208,317.8,1.4,1.2,2016-03-11,06:10,A,59,5.0       ,301.9,14
23.919,103.502,315.3,1.3,1.1,2016-03-11,06:10,A,63,5.0       ,300,14.1
24.039,103.797,320.6,1.2,1.1,2016-03-11,06:10,A,73,5.0       ,299.6,22.3
24.049,103.795,319.1,1.2,1.1,2016-03-11,06:10,A,68,5.0       ,297.9,20.7
25.253,108.244,311.6,1.1,1,2016-03-11,06:10,A,40,5.0       ,286.3,16.4
24.607,103.817,310,1.2,1.1,2016-03-11,06:10,A,17,5.0       ,291.8,13.9
25.31,96.518,311.7,3.6,1.8,2016-03-11,06:10,A,40,5.0       ,293.7,53.6
25.318,96.511,310.7,3.6,1.8,2016-03-11,06:10,A,33,5.0       ,293.2,43.3
25.949,95.623,313.2,4.1,1.9,2016-03-11,06:10,A,43,5.0       ,289.9,74.8
25.965,95.62,321.8,4.1,1.9,2016-03-11,06:10,A,74,5.0       ,290.4,151.6
25.953,95.614,322.3,4.1,1.9,2016-03-11,06:10,A,75,5.0       ,290.2,155.4
25.951,94.658,325.1,4.7,2,2016-03-11,06:10,A,78,5.0       ,285.9,269
25.95,94.65,315.9,4.7,2,2016-03-11,06:10,A,61,5.0       ,285.1,165.1
26.303,94.81,318,4.5,2,2016-03-11,06:10,A,15,5.0       ,286.5,148.4
26.357,94.873,330.3,4.5,1.9,2016-03-11,06:10,A,78,5.0       ,288.7,307.2
25.787,91.008,312.6,1,1,2016-03-11,04:40,T,55,5.0       ,299.2,6.3
25.722,91.192,310.1,1,1,2016-03-11,04:40,T,24,5.0       ,298.1,6.8
25.748,90.763,332.8,1,1,2016-03-11,04:40,T,85,5.0       ,304.2,29.4
23.431,93.747,315.4,1.2,1.1,2016-03-11,04:40,T,59,5.0       ,290.7,23
23.514,93.136,345.3,1.2,1.1,2016-03-11,04:40,T,93,5.0       ,295.5,74.7
23.512,93.148,326.4,1.2,1.1,2016-03-11,04:40,T,79,5.0       ,294.3,36
23.51,93.13,314.3,1.2,1.1,2016-03-11,04:40,T,53,5.0       ,293.4,19.2
23.508,93.141,335.9,1.2,1.1,2016-03-11,04:40,T,87,5.0       ,294.1,56.1
22.975,96.004,317,1.8,1.3,2016-03-11,04:40,T,67,5.0       ,301,24.5
23.397,93.339,317,1.2,1.1,2016-03-11,04:40,T,67,5.0       ,295.2,20.1
23.389,93.067,344.1,1.1,1.1,2016-03-11,04:40,T,82,5.0       ,295.9,64.5
23.381,93.055,425.1,1.1,1.1,2016-03-11,04:40,T,100,5.0       ,306.3,524.7
23.379,93.066,449.5,1.1,1.1,2016-03-11,04:40,T,100,5.0       ,309.6,845.5
23.427,92.717,314.7,1.1,1,2016-03-11,04:40,T,62,5.0       ,295.4,14.4
23.372,93.053,378.9,1.1,1.1,2016-03-11,04:40,T,100,5.0       ,293.9,184.3
23.37,93.064,353.5,1.1,1.1,2016-03-11,04:40,T,97,5.0       ,294.9,88.5
23.276,93.313,312.8,1.2,1.1,2016-03-11,04:40,T,56,5.0       ,295.3,14.5
23.362,92.722,311.6,1.1,1.1,2016-03-11,04:40,T,50,5.0       ,296.1,11.7
23.251,93.404,312.7,1.2,1.1,2016-03-11,04:40,T,55,5.0       ,298.9,13.8
23.249,93.415,330,1.2,1.1,2016-03-11,04:40,T,83,5.0       ,298.8,41.8
23.237,93.307,386.7,1.2,1.1,2016-03-11,04:40,T,100,5.0       ,301.1,237.5
23.236,93.317,323.5,1.2,1.1,2016-03-11,04:40,T,12,5.0       ,292.5,25.7
23.23,93.294,389.8,1.2,1.1,2016-03-11,04:40,T,100,5.0       ,299.9,251.7
23.228,93.305,445.4,1.2,1.1,2016-03-11,04:40,T,100,5.0       ,313.4,819.9
23.21,93.41,314.6,1.2,1.1,2016-03-11,04:40,T,40,5.0       ,294.8,14.3
23.208,93.421,379.3,1.2,1.1,2016-03-11,04:40,T,100,5.0       ,299.2,203.8
23.207,93.432,323.6,1.2,1.1,2016-03-11,04:40,T,65,5.0       ,295.5,28.1
23.18,93.397,348.3,1.2,1.1,2016-03-11,04:40,T,94,5.0       ,299.1,83
23.178,93.408,317.4,1.2,1.1,2016-03-11,04:40,T,53,5.0       ,299.2,17.8
23.163,93.439,375.8,1.2,1.1,2016-03-11,04:40,T,100,5.0       ,301.3,185.5
23.161,93.451,400.1,1.2,1.1,2016-03-11,04:40,T,100,5.0       ,299.5,335.2
23.151,93.449,338.3,1.2,1.1,2016-03-11,04:40,T,86,5.0       ,298.6,57.1
23.128,93.589,350.6,1.2,1.1,2016-03-11,04:40,T,95,5.0       ,297.2,96.3
22.487,97.135,311.4,2.2,1.4,2016-03-11,04:40,T,38,5.0       ,299.3,18.6
23.114,93.49,346,1.2,1.1,2016-03-11,04:40,T,93,5.0       ,301.4,78.5
23.112,93.502,374.9,1.2,1.1,2016-03-11,04:40,T,100,5.0       ,301.7,187.4
23.111,93.513,313,1.2,1.1,2016-03-11,04:40,T,47,5.0       ,293,16.5
23.074,93.417,367.7,1.2,1.1,2016-03-11,04:40,T,100,5.0       ,302.5,147.9
23.066,93.403,347.7,1.2,1.1,2016-03-11,04:40,T,94,5.0       ,298.9,78.3
23.064,93.415,474.1,1.2,1.1,2016-03-11,04:40,T,100,5.0       ,323.1,1413.5
23.062,93.428,398.3,1.2,1.1,2016-03-11,04:40,T,100,5.0       ,302.4,316.6
23.037,93.577,314.5,1.2,1.1,2016-03-11,04:40,T,45,5.0       ,296.6,14
23.035,93.589,318.5,1.2,1.1,2016-03-11,04:40,T,63,5.0       ,296.4,18.6
23.018,93.695,315.1,1.2,1.1,2016-03-11,04:40,T,63,5.0       ,298.9,14.7
22.411,97.114,317,2.2,1.4,2016-03-11,04:40,T,67,5.0       ,296.3,35.1
22.406,97.138,317,2.2,1.4,2016-03-11,04:40,T,67,5.0       ,298.2,38.2
23.055,93.413,344.1,1.2,1.1,2016-03-11,04:40,T,92,5.0       ,296.4,68
22.972,93.786,335.5,1.3,1.1,2016-03-11,04:40,T,87,5.0       ,297.4,55.1
22.97,93.799,320.1,1.3,1.1,2016-03-11,04:40,T,48,5.0       ,297.9,25.4
22.962,93.785,328.6,1.3,1.1,2016-03-11,04:40,T,82,5.0       ,298,39
22.948,93.809,319.2,1.3,1.1,2016-03-11,04:40,T,47,5.0       ,297.1,23.1
22.968,93.558,311.8,1.2,1.1,2016-03-11,04:40,T,24,5.0       ,297.8,12.3
22.966,93.57,310.5,1.2,1.1,2016-03-11,04:40,T,20,5.0       ,297.4,10.2
22.942,93.654,317.3,1.2,1.1,2016-03-11,04:40,T,54,5.0       ,302.5,17
22.373,96.55,323.5,2,1.4,2016-03-11,04:40,T,76,5.0       ,307,33.4
22.366,96.563,322.1,2,1.4,2016-03-11,04:40,T,37,5.0       ,307.3,24.4
22.858,93.665,321.8,1.3,1.1,2016-03-11,04:40,T,61,5.0       ,299.4,25.2
22.85,93.651,324.1,1.2,1.1,2016-03-11,04:40,T,47,5.0       ,301.4,27.5
22.848,93.664,334.4,1.3,1.1,2016-03-11,04:40,T,86,5.0       ,302.3,48.8
22.838,93.663,329.7,1.3,1.1,2016-03-11,04:40,T,68,5.0       ,302.2,37.4
22.244,96.451,314.5,2,1.4,2016-03-11,04:40,T,44,5.0       ,295.7,27.6
22.167,96.593,322.3,2,1.4,2016-03-11,04:40,T,75,5.0       ,307.9,29.8
22.616,93.453,421.5,1.2,1.1,2016-03-11,04:40,T,100,5.0       ,313.6,543.9
22.614,93.464,414.5,1.2,1.1,2016-03-11,04:40,T,100,5.0       ,307.4,473.1
22.606,93.451,325.7,1.2,1.1,2016-03-11,04:40,T,79,5.0       ,294.6,34.2
22.021,96.223,322,1.9,1.3,2016-03-11,04:40,T,73,5.0       ,303.8,30.5
21.525,98.597,312.9,2.9,1.6,2016-03-11,04:40,T,56,5.0       ,293.9,59.3
21.523,98.591,310.8,2.9,1.6,2016-03-11,04:40,T,42,5.0       ,294,46.8
21.779,96.955,317.2,2.2,1.4,2016-03-11,04:40,T,41,5.0       ,300.6,35.6
22.395,93.424,310.9,1.2,1.1,2016-03-11,04:40,T,27,5.0       ,290.3,14.5
21.763,96.617,326.8,2.1,1.4,2016-03-11,04:40,T,80,5.0       ,303.6,65.1
21.759,96.636,316,2.1,1.4,2016-03-11,04:40,T,51,5.0       ,302.2,28.9
22.343,93.24,312.6,1.2,1.1,2016-03-11,04:40,T,55,5.0       ,298.8,13.8
22.341,93.251,369.5,1.2,1.1,2016-03-11,04:40,T,100,5.0       ,304.6,162
22.34,93.262,358.8,1.2,1.1,2016-03-11,04:40,T,99,5.0       ,297.3,120.5
22.333,93.239,350.1,1.2,1.1,2016-03-11,04:40,T,95,5.0       ,301,89.3
22.332,93.25,390.1,1.2,1.1,2016-03-11,04:40,T,100,5.0       ,306,268.5
22.33,93.261,339.4,1.2,1.1,2016-03-11,04:40,T,89,5.0       ,297.7,63.2
21.971,93.563,313.1,1.3,1.1,2016-03-11,04:40,T,47,5.0       ,297.8,14.5
21.175,97.485,314.5,2.4,1.5,2016-03-11,04:40,T,50,5.0       ,290.2,54.7
21.281,96.377,314.4,2,1.4,2016-03-11,04:40,T,48,5.0       ,297.3,23.7
21.287,96.392,313.6,2,1.4,2016-03-11,04:40,T,44,5.0       ,297.2,23.4
21.788,93.241,377.5,1.2,1.1,2016-03-11,04:40,T,100,5.0       ,302,201.7
21.786,93.254,329,1.2,1.1,2016-03-11,04:40,T,82,5.0       ,298.4,39
21.569,93.567,315.8,1.3,1.1,2016-03-11,04:40,T,64,5.0       ,293.2,25.6
21.612,93.188,327.7,1.2,1.1,2016-03-11,04:40,T,81,5.0       ,297.7,39.5
21.492,92.734,316.7,1.2,1.1,2016-03-11,04:40,T,66,5.0       ,300.9,15.4
19.692,97.489,318.1,2.6,1.6,2016-03-11,04:40,T,62,5.0       ,296.7,53.2
20.492,93.004,321.5,1.2,1.1,2016-03-11,04:40,T,69,5.0       ,298.7,20.8
19.615,96.44,322.4,2.2,1.4,2016-03-11,04:40,T,75,5.0       ,297.2,65.6
19.611,96.459,310.3,2.2,1.4,2016-03-11,04:40,T,28,5.0       ,295.3,28
19.616,96.435,316.4,2.2,1.4,2016-03-11,04:40,T,43,5.0       ,297.5,38.6
19.612,96.454,315.7,2.2,1.4,2016-03-11,04:40,T,38,5.0       ,296.4,40.3
19.883,94.457,320.1,1.6,1.2,2016-03-11,04:40,T,71,5.0       ,300.7,26
19.694,94.937,338.7,1.7,1.3,2016-03-11,04:40,T,89,5.0       ,306.4,74.9
19.693,94.948,352.2,1.7,1.3,2016-03-11,04:40,T,96,5.0       ,304.9,136.7
19.502,94.85,320.4,1.7,1.3,2016-03-11,04:40,T,53,5.0       ,307.2,18.3
19.499,94.865,332.3,1.7,1.3,2016-03-11,04:40,T,73,5.0       ,308.6,55.6
19.289,95.08,324.6,1.8,1.3,2016-03-11,04:40,T,78,5.0       ,307.2,25.2
19.166,95.705,321.2,2,1.4,2016-03-11,04:40,T,70,5.0       ,307.6,20.8
18.73,97.679,315.1,2.8,1.6,2016-03-11,04:40,T,61,5.0       ,299.1,43.9
18.728,97.671,317.1,2.8,1.6,2016-03-11,04:40,T,67,5.0       ,299,52.8
19.169,95.033,320.2,1.8,1.3,2016-03-11,04:40,T,49,5.0       ,304.8,9.5
18.95,95.67,326.1,2,1.4,2016-03-11,04:40,T,76,5.0       ,309.7,29
18.88,95.027,327.4,1.8,1.3,2016-03-11,04:40,T,81,5.0       ,311.7,21.8
18.856,94.982,327.4,1.8,1.3,2016-03-11,04:40,T,80,5.0       ,311.8,22.6
18.783,95.054,326.1,1.8,1.3,2016-03-11,04:40,T,79,5.0       ,310.2,22.5
18.116,95.824,322.8,2.1,1.4,2016-03-11,04:40,T,63,5.0       ,307.7,24.8
18.086,95.692,325.5,2.1,1.4,2016-03-11,04:40,T,79,5.0       ,310,25.6
16.879,94.772,316.2,1.9,1.3,2016-03-11,04:40,T,61,5.0       ,304.9,19.3
15.167,99.087,315.1,4.3,1.9,2016-03-11,04:40,T,47,5.0       ,301.1,84.4
15.164,99.081,314.4,4.3,1.9,2016-03-11,04:40,T,27,5.0       ,301.7,76.1
12.524,98.807,322.7,4.6,2,2016-03-11,04:40,T,75,5.0       ,298.9,166.7
12.516,98.848,311.7,4.7,2,2016-03-11,04:40,T,44,5.0       ,299,59.8
12.523,98.802,320.5,4.6,2,2016-03-11,04:40,T,73,5.0       ,299,143.6
5.331,115.648,322,1.6,1.2,2016-03-11,06:05,A,36,5.0       ,301.8,24
5.334,115.655,319.4,1.6,1.2,2016-03-11,06:05,A,71,5.0       ,300.5,19.2
5.332,115.641,322.3,1.6,1.2,2016-03-11,06:05,A,75,5.0       ,302,26.8
4.338,102.632,310.9,3.4,1.7,2016-03-11,06:05,A,44,5.0       ,298.8,44.8
6.422,116.498,324.4,1.9,1.3,2016-03-11,06:05,A,77,5.0       ,300.9,34.1
4.647,101.75,313.4,3.9,1.8,2016-03-11,06:05,A,58,5.0       ,299.6,65.8
4.85,101.709,311.3,3.9,1.8,2016-03-11,06:05,A,44,5.0       ,297,47.7
4.839,101.708,312.4,3.9,1.8,2016-03-11,06:05,A,53,5.0       ,297,57
9.505,106.133,325.9,1.5,1.2,2016-03-11,06:05,A,79,5.0       ,301.9,25.6
9.503,106.12,332.2,1.5,1.2,2016-03-11,06:05,A,85,5.0       ,302,43.1
9.613,106.028,317.6,1.5,1.2,2016-03-11,06:05,A,61,5.0       ,299.3,17
9.597,105.698,318.6,1.6,1.2,2016-03-11,06:05,A,28,5.0       ,299.4,23.4
10.036,105.281,324.2,1.7,1.3,2016-03-11,06:05,A,77,5.0       ,297.1,39.1
10.293,106.393,326.1,1.4,1.2,2016-03-11,06:05,A,79,5.0       ,301.6,32.6
10.203,105.101,316.8,1.7,1.3,2016-03-11,06:05,A,49,5.0       ,298.4,19.5
10.496,106.574,318.9,1.3,1.1,2016-03-11,06:05,A,59,5.0       ,301.6,12.8
10.295,105.312,315.3,1.6,1.3,2016-03-11,06:05,A,58,5.0       ,296.4,17.5
10.484,106.363,325.4,1.4,1.2,2016-03-11,06:05,A,79,5.0       ,302.7,28.3
10.482,106.35,321.8,1.4,1.2,2016-03-11,06:05,A,70,5.0       ,302.4,21.3
10.638,106.236,316.9,1.4,1.2,2016-03-11,06:05,A,67,5.0       ,298.9,13.8
10.603,105.951,318.2,1.5,1.2,2016-03-11,06:05,A,47,5.0       ,297.5,20.7
10.614,105.509,316.1,1.6,1.2,2016-03-11,06:05,A,64,5.0       ,297.2,15.9
10.647,105.503,318.1,1.6,1.2,2016-03-11,06:05,A,69,5.0       ,298.6,18.4
10.722,105.878,323.3,1.5,1.2,2016-03-11,06:05,A,76,5.0       ,298.4,24.9
11.472,108.752,334.3,1,1,2016-03-11,06:05,A,86,5.0       ,308.7,26.4
11.47,108.743,327.8,1,1,2016-03-11,06:05,A,71,5.0       ,307.2,18
16.669,94.566,315.5,4.4,1.9,2016-03-11,07:45,A,56,5.0       ,303.7,75.6
11.386,105.148,320.8,1.6,1.3,2016-03-11,06:05,A,49,5.0       ,299.4,20.3
11.397,105.146,323.3,1.6,1.3,2016-03-11,06:05,A,61,5.0       ,299.8,26.1
11.395,105.132,336.8,1.6,1.3,2016-03-11,06:05,A,88,5.0       ,299.8,66.8
11.519,105.12,316.3,1.6,1.3,2016-03-11,06:05,A,20,5.0       ,298.5,12.7
22.135,92.853,330.8,3.9,1.8,2016-03-11,07:50,A,83,5.0       ,295.2,206
22.132,92.813,325,3.8,1.8,2016-03-11,07:50,A,78,5.0       ,298.3,141.9
22.14,92.849,338.8,3.9,1.8,2016-03-11,07:50,A,89,5.0       ,295.4,298.3
22.137,92.807,322.1,3.8,1.8,2016-03-11,07:50,A,67,5.0       ,298.4,112.2
22.157,92.847,339.6,3.9,1.8,2016-03-11,07:50,A,90,5.0       ,294.9,301.9
22.153,92.806,327.7,3.8,1.8,2016-03-11,07:50,A,73,5.0       ,298.5,158.2
22.19,92.843,339,3.9,1.8,2016-03-11,07:50,A,89,5.0       ,295.2,310.9
22.186,92.803,330.8,3.8,1.8,2016-03-11,07:50,A,83,5.0       ,296.7,201.8
25.747,90.772,323.2,1,1,2016-03-11,04:40,T,76,5.0       ,304.4,15.7
25.557,91.803,320,1,1,2016-03-11,04:40,T,68,5.0       ,296.4,18
25.201,93.982,313.6,1.2,1.1,2016-03-11,04:40,T,50,5.0       ,298.8,13
25.334,92.87,312.6,1.1,1,2016-03-11,04:40,T,43,5.0       ,297.8,11
25.571,90.588,315.8,1,1,2016-03-11,04:40,T,64,5.0       ,304.2,6.7
24.388,96.514,310.1,1.8,1.3,2016-03-11,04:40,T,22,5.0       ,290.8,19.5
24.385,96.531,331.7,1.8,1.3,2016-03-11,04:40,T,84,5.0       ,291.9,81.3
23.641,96.981,322.5,2,1.4,2016-03-11,04:40,T,75,5.0       ,282.1,72.3
23.637,97,313.4,2,1.4,2016-03-11,04:40,T,58,5.0       ,277.5,42.8
24.006,93.752,327.8,1.2,1.1,2016-03-11,04:40,T,81,5.0       ,299.9,36.2
23.961,93.837,321.5,1.2,1.1,2016-03-11,04:40,T,74,5.0       ,295.8,28.1
23.971,93.288,324.2,1.2,1.1,2016-03-11,04:40,T,77,5.0       ,297.4,30.4
23.838,93.96,313.4,1.3,1.1,2016-03-11,04:40,T,38,5.0       ,302,10.7
23.836,93.965,312.6,1.3,1.1,2016-03-11,04:40,T,40,5.0       ,301.3,10.5
23.726,94.068,322.9,1.3,1.1,2016-03-11,04:40,T,76,5.0       ,296,31.4
23.724,94.081,324.6,1.3,1.1,2016-03-11,04:40,T,78,5.0       ,297,33.9
22.753,99.17,310.1,3,1.6,2016-03-11,04:40,T,29,5.0       ,291.1,51.4
23.725,94.075,329.9,1.3,1.1,2016-03-11,04:40,T,83,5.0       ,296.5,42.7
23.754,93.719,321.2,1.2,1.1,2016-03-11,04:40,T,72,5.0       ,305.9,19.5
24.48,88.143,321.9,1.2,1.1,2016-03-11,04:40,T,66,5.0       ,302.1,15.9
23.589,93.788,320.1,1.2,1.1,2016-03-11,04:40,T,72,5.0       ,291.2,29.3
23.587,93.799,319.5,1.2,1.1,2016-03-11,04:40,T,71,5.0       ,292.1,28.4
23.587,93.794,322.7,1.2,1.1,2016-03-11,04:40,T,58,5.0       ,291.4,33.6
23.127,96.118,321.2,1.8,1.3,2016-03-11,04:40,T,74,5.0       ,289.9,42.1
23.669,92.871,333.9,1.1,1.1,2016-03-11,04:40,T,86,5.0       ,298.4,42.5
23.639,92.998,315.7,1.1,1.1,2016-03-11,04:40,T,64,5.0       ,301.8,14.2
23.637,93.009,316.7,1.1,1.1,2016-03-11,04:40,T,66,5.0       ,299.7,15.7
21.384,92.686,317.9,3.7,1.8,2016-03-11,07:50,A,69,5.0       ,298,86.2
21.39,92.68,317.2,3.7,1.8,2016-03-11,07:50,A,67,5.0       ,298.5,78.6
21.88,92.559,318.7,3.7,1.8,2016-03-11,07:50,A,29,5.0       ,299.9,79.3
21.896,92.557,320,3.7,1.8,2016-03-11,07:50,A,62,5.0       ,299.7,88.6
21.887,92.553,326.4,3.7,1.8,2016-03-11,07:50,A,79,5.0       ,300,145.3
22.164,92.84,329.7,3.9,1.8,2016-03-11,07:50,A,64,5.0       ,295.9,189.6
22.181,92.838,353.2,3.9,1.8,2016-03-11,07:50,A,97,5.0       ,297,513.8
22.177,92.796,324.1,3.8,1.8,2016-03-11,07:50,A,72,5.0       ,297.2,131.2
22.686,92.986,356.6,4,1.9,2016-03-11,07:50,A,98,5.0       ,298.3,624.2
22.683,92.948,339.6,4,1.9,2016-03-11,07:50,A,90,5.0       ,296.9,340
22.69,92.981,365.5,4,1.9,2016-03-11,07:50,A,100,5.0       ,298.9,806.5
22.687,92.944,328.6,4,1.9,2016-03-11,07:50,A,82,5.0       ,295.5,204.1
22.714,92.865,331.5,3.9,1.8,2016-03-11,07:50,A,84,5.0       ,296,224.9
22.711,92.827,312.6,3.9,1.8,2016-03-11,07:50,A,55,5.0       ,294.9,53.5
22.764,92.864,331.2,3.9,1.8,2016-03-11,07:50,A,84,5.0       ,297.4,214.2
22.761,92.826,329.7,3.9,1.8,2016-03-11,07:50,A,82,5.0       ,298.9,197.4
22.704,92.852,324,3.9,1.8,2016-03-11,07:50,A,77,5.0       ,295.5,146.7
22.771,92.856,334.9,3.9,1.8,2016-03-11,07:50,A,87,5.0       ,297.6,261.3
22.768,92.817,322,3.9,1.8,2016-03-11,07:50,A,75,5.0       ,298.7,125.4
22.858,92.839,310.7,3.9,1.8,2016-03-11,07:50,A,42,5.0       ,295.7,41.5
22.949,93.552,314.7,4.5,1.9,2016-03-11,07:50,A,33,5.0       ,295.6,95.3
22.951,93.542,317.3,4.5,1.9,2016-03-11,07:50,A,42,5.0       ,295.6,124.4
22.92,92.901,313.5,4,1.9,2016-03-11,07:50,A,58,5.0       ,298.4,62.3
23.089,92.759,310.7,3.9,1.8,2016-03-11,07:50,A,29,5.0       ,296.5,44.1
23.174,92.787,318.1,3.9,1.8,2016-03-11,07:50,A,69,5.0       ,296.6,103.3
23.171,92.751,320,3.9,1.8,2016-03-11,07:50,A,72,5.0       ,297.1,112.8
23.191,92.786,358,3.9,1.8,2016-03-11,07:50,A,99,5.0       ,298.6,621.8
23.188,92.748,329.5,3.9,1.8,2016-03-11,07:50,A,82,5.0       ,296.8,198.9
23.182,92.674,354.2,3.9,1.8,2016-03-11,07:50,A,97,5.0       ,297.1,533.1
23.179,92.783,321.5,3.9,1.8,2016-03-11,07:50,A,72,5.0       ,296.9,127.7
23.176,92.745,317.4,3.9,1.8,2016-03-11,07:50,A,39,5.0       ,296.8,86.5
23.195,92.782,359.7,3.9,1.8,2016-03-11,07:50,A,99,5.0       ,298,653
23.192,92.743,323.1,3.9,1.8,2016-03-11,07:50,A,72,5.0       ,295.8,135.2
23.187,92.67,336,3.9,1.8,2016-03-11,07:50,A,87,5.0       ,296.6,262.8
23.263,93.213,370.1,4.3,1.9,2016-03-11,07:50,A,100,5.0       ,298.8,981.3
23.26,93.168,345.6,4.2,1.9,2016-03-11,07:50,A,93,5.0       ,298.7,454
23.207,92.516,310,3.8,1.8,2016-03-11,07:50,A,19,5.0       ,293.6,44.1
23.204,92.482,323.1,3.8,1.8,2016-03-11,07:50,A,76,5.0       ,296,140
23.308,93.128,323.4,4.2,1.9,2016-03-11,07:50,A,67,5.0       ,295,160.1
23.267,92.443,326.1,3.7,1.8,2016-03-11,07:50,A,79,5.0       ,296.2,149.7
23.312,93.118,320.1,4.2,1.9,2016-03-11,07:50,A,53,5.0       ,294.2,124.6
23.276,92.437,322.7,3.7,1.8,2016-03-11,07:50,A,75,5.0       ,296.2,125.7
23.359,92.645,325.9,3.9,1.8,2016-03-11,07:50,A,79,5.0       ,292.9,163.3
23.356,92.608,319.5,3.8,1.8,2016-03-11,07:50,A,65,5.0       ,295.8,109.5
23.345,92.606,323.8,3.8,1.8,2016-03-11,07:50,A,77,5.0       ,296.6,150.7
23.342,92.569,321.2,3.8,1.8,2016-03-11,07:50,A,71,5.0       ,297.6,121
23.364,92.639,331.8,3.9,1.8,2016-03-11,07:50,A,84,5.0       ,293.9,221.9
23.536,92.62,315.8,3.9,1.8,2016-03-11,07:50,A,49,5.0       ,295.9,84.8
23.634,93.148,312,4.3,1.9,2016-03-11,07:50,A,39,5.0       ,285.8,88.3
23.651,93.152,355.1,4.3,1.9,2016-03-11,07:50,A,92,5.0       ,291.4,654.3
23.641,93.18,333.2,4.3,1.9,2016-03-11,07:50,A,74,5.0       ,286,314.2
23.638,93.143,324.1,4.3,1.9,2016-03-11,07:50,A,0,5.0       ,286.8,198.4
23.658,93.179,325.9,4.3,1.9,2016-03-11,07:50,A,74,5.0       ,286.6,211.4
23.656,93.145,337.6,4.3,1.9,2016-03-11,07:50,A,77,5.0       ,292.1,353.8
23.842,93.498,313.5,4.5,2,2016-03-11,07:50,A,25,5.0       ,289.6,105.4
23.789,92.536,376.5,3.8,1.8,2016-03-11,07:50,A,0,5.0       ,295.4,1013.9
24.235,93.767,325.6,4.8,2,2016-03-11,07:50,A,79,5.0       ,297.1,232
24.176,93.401,328.8,4.5,2,2016-03-11,07:50,A,82,5.0       ,287.8,273.8
24.235,93.756,325.9,4.8,2,2016-03-11,07:50,A,79,5.0       ,297.2,235.7
25.194,93.175,316.6,4.4,1.9,2016-03-11,07:50,A,64,5.0       ,292.5,119.5
25.194,93.171,315.7,4.4,1.9,2016-03-11,07:50,A,64,5.0       ,292.4,110.9
25.262,90.726,316.2,3,1.6,2016-03-11,07:50,A,57,5.0       ,302.2,41.5
25.263,90.718,314.8,3,1.6,2016-03-11,07:50,A,48,5.0       ,302.4,36.1
25.337,90.884,320.4,3,1.7,2016-03-11,07:50,A,73,5.0       ,302.7,81.6
25.333,90.34,324.5,2.8,1.6,2016-03-11,07:50,A,68,5.0       ,299.6,73.3
25.335,90.879,319.4,3,1.7,2016-03-11,07:50,A,71,5.0       ,302.3,70.7
25.337,90.362,319.3,2.8,1.6,2016-03-11,07:50,A,62,5.0       ,299.3,55.1
25.334,90.334,321,2.8,1.6,2016-03-11,07:50,A,72,5.0       ,298.6,60.9
25.473,90.889,317.9,3.1,1.7,2016-03-11,07:50,A,67,5.0       ,297.5,59.8
25.487,90.887,348.5,3.1,1.7,2016-03-11,07:50,A,94,5.0       ,296.8,302.7
25.485,90.857,335.6,3,1.7,2016-03-11,07:50,A,87,5.0       ,298.8,174.8
25.537,90.94,326.6,3.1,1.7,2016-03-11,07:50,A,59,5.0       ,297.5,114
25.535,90.911,352.9,3.1,1.7,2016-03-11,07:50,A,96,5.0       ,298.4,355.7
25.688,92.59,310.2,4.1,1.9,2016-03-11,07:50,A,33,5.0       ,287.4,59.2
25.544,90.849,336.3,3,1.7,2016-03-11,07:50,A,87,5.0       ,300.6,175.9
25.495,90.295,323.5,2.8,1.6,2016-03-11,07:50,A,77,5.0       ,297.6,100.4
25.562,90.878,322.5,3.1,1.7,2016-03-11,07:50,A,19,5.0       ,294,66.5
25.559,90.848,352.2,3,1.7,2016-03-11,07:50,A,96,5.0       ,299.9,331.2
25.535,90.936,337.5,3.1,1.7,2016-03-11,07:50,A,88,5.0       ,297.2,203.5
25.533,90.906,345.7,3.1,1.7,2016-03-11,07:50,A,93,5.0       ,298,277.2
25.676,92.624,314.4,4.1,1.9,2016-03-11,07:50,A,46,5.0       ,287.7,96.3
25.674,92.583,310.6,4.1,1.9,2016-03-11,07:50,A,36,5.0       ,287.2,63.9
25.543,90.844,326.4,3,1.7,2016-03-11,07:50,A,61,5.0       ,300.3,97.7
25.497,90.291,321.5,2.8,1.6,2016-03-11,07:50,A,69,5.0       ,297.4,83
25.56,90.872,334.3,3.1,1.7,2016-03-11,07:50,A,86,5.0       ,294.6,154.3
25.558,90.843,350.7,3,1.7,2016-03-11,07:50,A,95,5.0       ,300.6,312.8
25.575,90.871,323.5,3.1,1.7,2016-03-11,07:50,A,48,5.0       ,295.5,80.2
25.523,90.265,321.2,2.8,1.6,2016-03-11,07:50,A,47,5.0       ,300.4,68.2
25.538,90.264,322.8,2.8,1.6,2016-03-11,07:50,A,71,5.0       ,300.8,74.6
25.605,90.869,324.3,3.1,1.7,2016-03-11,07:50,A,46,5.0       ,299.1,85.7
25.574,90.342,332.4,2.8,1.6,2016-03-11,07:50,A,85,5.0       ,295.9,148.3
25.571,90.315,359.9,2.8,1.6,2016-03-11,07:50,A,99,5.0       ,301.3,395.1
25.588,90.342,317.5,2.8,1.6,2016-03-11,07:50,A,63,5.0       ,296,61.6
25.585,90.314,346.1,2.8,1.6,2016-03-11,07:50,A,93,5.0       ,299,253.4
25.605,90.861,322,3.1,1.7,2016-03-11,07:50,A,43,5.0       ,300,72.9
25.577,90.334,357.3,2.8,1.6,2016-03-11,07:50,A,98,5.0       ,298.3,374.2
25.575,90.308,357.3,2.8,1.6,2016-03-11,07:50,A,98,5.0       ,301.6,365.3
25.7,90.913,317.8,3.1,1.7,2016-03-11,07:50,A,60,5.0       ,301.1,53.7
25.66,90.445,320,2.9,1.6,2016-03-11,07:50,A,71,5.0       ,298.4,70.4
25.657,90.416,318.1,2.8,1.6,2016-03-11,07:50,A,53,5.0       ,296,56.8
25.681,90.353,321.5,2.8,1.6,2016-03-11,07:50,A,33,5.0       ,298.6,59.8
25.658,90.41,320.5,2.8,1.6,2016-03-11,07:50,A,34,5.0       ,296.2,60.4
25.682,90.349,332.5,2.8,1.6,2016-03-11,07:50,A,85,5.0       ,299.8,132.8
25.68,90.323,317.2,2.8,1.6,2016-03-11,07:50,A,53,5.0       ,300.6,44.7
25.763,90.784,317.3,3,1.7,2016-03-11,07:50,A,54,5.0       ,304,34.9
25.887,90.129,325.9,2.7,1.6,2016-03-11,07:50,A,79,5.0       ,300.7,89.2
26.347,90.048,319,2.7,1.6,2016-03-11,07:50,A,71,5.0       ,302.4,41.7
26.735,90.91,313.5,3.2,1.7,2016-03-11,07:50,A,32,5.0       ,297.3,38.6
27.115,88.557,314.9,2.2,1.4,2016-03-11,07:50,A,62,5.0       ,292.9,41.6
27.762,88.008,317,2.1,1.4,2016-03-11,07:50,A,55,5.0       ,289,49.2
23.267,93.205,367.1,4.3,1.9,2016-03-11,07:50,A,75,5.0       ,299.3,905.4
-6.136,155.196,306.5,1,1,2016-03-11,12:10,T,44,5.0       ,281.6,12.6
-6.137,155.187,305.1,1,1,2016-03-11,12:10,T,14,5.0       ,279.8,12.3
16.707,101.333,306.3,1,1,2016-03-11,15:35,T,44,5.0       ,293.9,10.3
16.954,102.823,309.8,1.1,1,2016-03-11,15:35,T,62,5.0       ,296.6,9.7
16.953,102.813,307,1.1,1,2016-03-11,15:35,T,25,5.0       ,296.2,6.7
16.636,100.406,309.8,1,1,2016-03-11,15:35,T,68,5.0       ,297.1,9.5
16.775,101.231,308.6,1,1,2016-03-11,15:35,T,61,5.0       ,293.7,11.3
16.774,101.221,318.1,1,1,2016-03-11,15:35,T,95,5.0       ,294,21
17.021,102.704,311.5,1.1,1,2016-03-11,15:35,T,75,5.0       ,296.4,11.4
16.702,100.293,309.1,1,1,2016-03-11,15:35,T,64,5.0       ,297.1,8.8
17.07,102.717,307.1,1.1,1,2016-03-11,15:35,T,51,5.0       ,294.9,9.2
16.842,101.119,307.3,1,1,2016-03-11,15:35,T,53,5.0       ,293.6,9.5
16.841,101.109,320,1,1,2016-03-11,15:35,T,99,5.0       ,294,22.6
17.088,102.597,310.5,1.1,1,2016-03-11,15:35,T,71,5.0       ,296.3,10.3
17.098,102.596,311.6,1.1,1,2016-03-11,15:35,T,76,5.0       ,296.7,11.8
16.767,100.18,307.9,1,1,2016-03-11,15:35,T,57,5.0       ,297.1,7.7
17.137,102.61,305.2,1.1,1,2016-03-11,15:35,T,22,5.0       ,294.5,7
16.907,100.998,323.9,1,1,2016-03-11,15:35,T,100,5.0       ,294.1,27.7
17.166,102.488,309,1.1,1,2016-03-11,15:35,T,51,5.0       ,296.7,8.6
17.164,102.478,309,1.1,1,2016-03-11,15:35,T,54,5.0       ,296.4,8.4
16.974,100.886,327.1,1,1,2016-03-11,15:35,T,100,5.0       ,294.1,32.3
17.232,102.372,313.3,1.1,1,2016-03-11,15:35,T,81,5.0       ,296.8,12.8
17.241,102.371,307.2,1.1,1,2016-03-11,15:35,T,53,5.0       ,296.5,7.4
16.909,99.959,309.1,1,1,2016-03-11,15:35,T,64,5.0       ,296.8,9.1
17.04,100.774,328.1,1,1,2016-03-11,15:35,T,100,5.0       ,294.1,33.9
17.281,102.385,306.9,1.1,1,2016-03-11,15:35,T,50,5.0       ,294.9,8.7
17.309,102.264,306.9,1,1,2016-03-11,15:35,T,49,5.0       ,296.5,7.1
17.308,102.254,306.7,1,1,2016-03-11,15:35,T,48,5.0       ,296.4,6.7
16.974,99.844,310.5,1,1,2016-03-11,15:35,T,71,5.0       ,296.8,10.7
17.106,100.662,320.4,1,1,2016-03-11,15:35,T,100,5.0       ,293.9,24.1
17.347,102.268,307,1,1,2016-03-11,15:35,T,50,5.0       ,294.9,8.7
17.115,100.661,315.5,1,1,2016-03-11,15:35,T,88,5.0       ,293.9,18.1
17.39,102.311,307.3,1,1,2016-03-11,15:35,T,53,5.0       ,296.2,7.7
17.038,99.729,308.8,1,1,2016-03-11,15:35,T,63,5.0       ,296.8,9.1
17.172,100.55,310.2,1,1,2016-03-11,15:35,T,70,5.0       ,293.8,13.2
17.181,100.549,324.6,1,1,2016-03-11,15:35,T,100,5.0       ,294.1,29.2
17.105,99.622,308.9,1,1,2016-03-11,15:35,T,64,5.0       ,297,9.3
17.238,100.437,309.3,1,1,2016-03-11,15:35,T,66,5.0       ,293.6,11.7
17.247,100.436,324.1,1,1,2016-03-11,15:35,T,100,5.0       ,294.2,28.3
17.49,102.046,305.6,1,1,2016-03-11,15:35,T,34,5.0       ,294.2,7.4
17.304,100.325,309.1,1,1,2016-03-11,15:35,T,64,5.0       ,293.4,11.3
17.313,100.323,323.9,1,1,2016-03-11,15:35,T,100,5.0       ,294.2,27.8
17.557,101.932,308.3,1,1,2016-03-11,15:35,T,60,5.0       ,294.9,9.9
17.6,101.974,306.6,1,1,2016-03-11,15:35,T,47,5.0       ,295.9,6.7
17.312,99.828,308.7,1,1,2016-03-11,15:35,T,62,5.0       ,294.7,9.3
17.379,100.21,324.1,1,1,2016-03-11,15:35,T,100,5.0       ,294.2,28.7
17.624,101.817,307.6,1,1,2016-03-11,15:35,T,55,5.0       ,295.1,9.6
17.667,101.859,306.7,1,1,2016-03-11,15:35,T,48,5.0       ,296.1,6.8
17.377,99.712,305.5,1,1,2016-03-11,15:35,T,29,5.0       ,294.8,7.1
17.443,99.606,306.5,1,1,2016-03-11,15:35,T,32,5.0       ,293.6,9.3
17.508,99.489,308.3,1.1,1,2016-03-11,15:35,T,49,5.0       ,294.3,11.3
17.638,99.263,307.7,1.1,1,2016-03-11,15:35,T,41,5.0       ,293.6,11.1
18.01,101.3,306.4,1,1,2016-03-11,15:35,T,44,5.0       ,296.3,6.7
17.823,98.926,306.2,1.1,1,2016-03-11,15:35,T,42,5.0       ,294.6,10.3
18.434,97.615,307.3,1.2,1.1,2016-03-11,15:35,T,50,5.0       ,297.2,8.5
18.488,97.503,308.5,1.3,1.1,2016-03-11,15:35,T,61,5.0       ,297.2,9.7
19.477,104.035,313.3,1.3,1.1,2016-03-11,15:35,T,82,5.0       ,287.8,30.1
19.555,103.93,313,1.3,1.1,2016-03-11,15:35,T,81,5.0       ,287.9,29.3
18.604,97.273,308.2,1.3,1.1,2016-03-11,15:35,T,59,5.0       ,297.3,9.7
18.431,96.131,308,1.5,1.2,2016-03-11,15:35,T,58,5.0       ,297.5,12.7
19.621,103.815,316.3,1.3,1.1,2016-03-11,15:35,T,91,5.0       ,288.5,33.2
19.698,103.702,316.7,1.3,1.1,2016-03-11,15:35,T,92,5.0       ,287.9,33.5
18.543,95.905,307.5,1.6,1.2,2016-03-11,15:35,T,54,5.0       ,297.5,12.8
19.764,103.586,308.9,1.3,1.1,2016-03-11,15:35,T,63,5.0       ,288,20.7
19.84,103.473,316.4,1.2,1.1,2016-03-11,15:35,T,91,5.0       ,288,31.5
19.907,103.364,311.2,1.2,1.1,2016-03-11,15:35,T,74,5.0       ,288.3,22.8
19.984,103.254,318.7,1.2,1.1,2016-03-11,15:35,T,96,5.0       ,288.4,33.7
20.052,103.143,313.9,1.2,1.1,2016-03-11,15:35,T,83,5.0       ,288.6,26.1
20.05,103.133,305.1,1.2,1.1,2016-03-11,15:35,T,18,5.0       ,287.4,15.3
19.163,96.972,307.3,1.3,1.1,2016-03-11,15:35,T,53,5.0       ,297.1,9.5
20.127,103.023,318.1,1.2,1.1,2016-03-11,15:35,T,95,5.0       ,287.7,31.7
20.195,102.917,316.8,1.2,1.1,2016-03-11,15:35,T,92,5.0       ,288.5,29.4
20.261,102.799,319.6,1.2,1.1,2016-03-11,15:35,T,99,5.0       ,288.6,32.9
19.383,96.516,308.2,1.4,1.2,2016-03-11,15:35,T,59,5.0       ,296.8,12.4
20.339,102.692,305.5,1.2,1.1,2016-03-11,15:35,T,32,5.0       ,287.7,14.6
20.337,102.681,310.1,1.1,1.1,2016-03-11,15:35,T,69,5.0       ,286.9,19.8
19.434,96.401,308.1,1.4,1.2,2016-03-11,15:35,T,58,5.0       ,296.9,15
20.406,102.579,316.4,1.1,1.1,2016-03-11,15:35,T,91,5.0       ,288.5,27.6
20.404,102.568,305.5,1.1,1.1,2016-03-11,15:35,T,32,5.0       ,287,14.7
20.472,102.464,320,1.1,1.1,2016-03-11,15:35,T,100,5.0       ,288.8,32.8
20.07,99.232,308.6,1,1,2016-03-11,15:35,T,55,5.0       ,294.9,11.3
20.54,102.351,321.1,1.1,1.1,2016-03-11,15:35,T,100,5.0       ,289,34
20.127,99.118,305.9,1,1,2016-03-11,15:35,T,30,5.0       ,294.8,8.7
20.191,98.999,308.1,1,1,2016-03-11,15:35,T,58,5.0       ,294.7,10.8
20.249,98.892,307.2,1,1,2016-03-11,15:35,T,39,5.0       ,294.6,11.2
20.257,98.646,308.6,1.1,1,2016-03-11,15:35,T,49,5.0       ,295.3,10.5
20.304,98.775,310.3,1.1,1,2016-03-11,15:35,T,70,5.0       ,295,13.8
20.314,98.537,306.3,1.1,1,2016-03-11,15:35,T,30,5.0       ,295.6,8.2
20.368,98.416,307.2,1.1,1,2016-03-11,15:35,T,32,5.0       ,295.5,10.1
20.424,98.305,308.4,1.1,1,2016-03-11,15:35,T,48,5.0       ,295.6,11.1
20.48,98.193,308.4,1.1,1,2016-03-11,15:35,T,59,5.0       ,295.9,11.9
20.812,96.35,310.9,1.4,1.2,2016-03-11,15:35,T,73,5.0       ,297.3,15.4
20.905,96.118,309.9,1.4,1.2,2016-03-11,15:35,T,68,5.0       ,297.1,15
20.957,96.006,309.9,1.4,1.2,2016-03-11,15:35,T,68,5.0       ,297.3,15.3
21.447,94.527,307.3,1.7,1.3,2016-03-11,15:35,T,53,5.0       ,295.7,19.9
22.121,97.604,335.7,1.1,1.1,2016-03-11,15:35,T,100,5.0       ,293.2,54.9
22.119,97.593,313.4,1.1,1.1,2016-03-11,15:35,T,82,5.0       ,291.4,19.7
22.167,97.49,328.2,1.1,1.1,2016-03-11,15:35,T,100,5.0       ,293,42
22.176,97.488,311.7,1.1,1.1,2016-03-11,15:35,T,76,5.0       ,291.1,18.2
22.221,97.374,332.9,1.1,1.1,2016-03-11,15:35,T,100,5.0       ,292,51
22.689,98.269,309.7,1,1,2016-03-11,15:35,T,68,5.0       ,289.1,16.5
22.736,98.152,309.9,1.1,1,2016-03-11,15:35,T,68,5.0       ,289.5,16.6
22.783,98.043,307.1,1.1,1,2016-03-11,15:35,T,52,5.0       ,289.6,13.8
23.846,99.81,308.4,1,1,2016-03-11,15:35,T,60,5.0       ,289.2,13.9
23.903,99.695,305.9,1,1,2016-03-11,15:35,T,38,5.0       ,289.2,11.4
23.952,99.582,314.5,1,1,2016-03-11,15:35,T,85,5.0       ,289.2,20.1
26.407,88.208,305.2,3.8,1.8,2016-03-11,15:35,T,19,5.0       ,295.2,58.7
27.613,91.971,305.4,2,1.4,2016-03-11,15:35,T,30,5.0       ,292.4,22.6
27.609,91.953,310,2,1.4,2016-03-11,15:35,T,69,5.0       ,292.7,33.3
27.61,91.865,314.6,2,1.4,2016-03-11,15:35,T,86,5.0       ,292.6,49.3
29.823,90.856,305.4,2.1,1.4,2016-03-11,15:35,T,28,5.0       ,285.8,40.8
15.313,120.517,314.4,1.9,1.3,2016-03-11,13:55,T,85,5.0       ,290.1,46.7
12.341,104.759,305.3,1.2,1.1,2016-03-11,15:30,T,27,5.0       ,294.7,7.4
14.078,102.24,308.4,1,1,2016-03-11,15:35,T,61,5.0       ,294.5,9.9
14.145,102.129,308.2,1,1,2016-03-11,15:35,T,59,5.0       ,294.7,9.6
14.383,103.316,306.3,1.1,1,2016-03-11,15:35,T,44,5.0       ,295.5,8.2
14.212,102.018,307.8,1,1,2016-03-11,15:35,T,57,5.0       ,294.6,9.3
14.28,101.908,308.3,1,1,2016-03-11,15:35,T,60,5.0       ,294.7,9.7
14.423,101.686,307.7,1,1,2016-03-11,15:35,T,56,5.0       ,294.6,9.1
14.662,102.872,306.5,1,1,2016-03-11,15:35,T,46,5.0       ,295.8,8.1
14.49,101.576,308,1,1,2016-03-11,15:35,T,58,5.0       ,294.7,9.5
14.557,101.465,307.2,1,1,2016-03-11,15:35,T,52,5.0       ,294.7,8.8
14.972,104.286,306.7,1.2,1.1,2016-03-11,15:35,T,48,5.0       ,293,12.9
14.624,101.355,306.4,1,1,2016-03-11,15:35,T,45,5.0       ,294.7,8.1
14.691,101.244,305.3,1,1,2016-03-11,15:35,T,27,5.0       ,294.6,7.4
15.252,103.843,307.5,1.2,1.1,2016-03-11,15:35,T,55,5.0       ,293.1,13.1
15.319,103.73,305.4,1.1,1.1,2016-03-11,15:35,T,30,5.0       ,293.3,10.7
15.162,102.103,312.9,1,1,2016-03-11,15:35,T,80,5.0       ,298.4,12.2
15.229,101.992,314.7,1,1,2016-03-11,15:35,T,86,5.0       ,298.7,13.8
15.296,101.88,313.9,1,1,2016-03-11,15:35,T,83,5.0       ,298.6,12.6
15.363,101.769,312.1,1,1,2016-03-11,15:35,T,77,5.0       ,298.5,10.6
15.457,102.24,311.5,1,1,2016-03-11,15:35,T,73,5.0       ,297.8,12.5
15.43,101.658,309.5,1,1,2016-03-11,15:35,T,67,5.0       ,298.3,7.9
15.524,102.127,308.4,1,1,2016-03-11,15:35,T,41,5.0       ,297.6,8.3
15.533,102.126,316.6,1,1,2016-03-11,15:35,T,91,5.0       ,297.5,16.9
15.506,101.546,310.7,1,1,2016-03-11,15:35,T,72,5.0       ,298.4,9.1
15.6,102.014,317.8,1,1,2016-03-11,15:35,T,94,5.0       ,297.9,17.5
15.573,101.435,312.3,1,1,2016-03-11,15:35,T,78,5.0       ,298.5,11
15.572,101.426,309.5,1,1,2016-03-11,15:35,T,66,5.0       ,298.3,8.2
15.667,101.902,316.8,1,1,2016-03-11,15:35,T,92,5.0       ,297.9,16.1
15.64,101.324,311,1,1,2016-03-11,15:35,T,73,5.0       ,298.5,9.7
15.638,101.315,310.8,1,1,2016-03-11,15:35,T,72,5.0       ,298.4,9.6
15.734,101.791,314.4,1,1,2016-03-11,15:35,T,85,5.0       ,297.8,13.5
15.851,102.553,305.9,1,1,2016-03-11,15:35,T,39,5.0       ,294.6,7.9
15.743,101.79,310.2,1,1,2016-03-11,15:35,T,65,5.0       ,297,9.4
15.707,101.213,309,1,1,2016-03-11,15:35,T,64,5.0       ,298.5,7.7
15.705,101.204,309.9,1,1,2016-03-11,15:35,T,68,5.0       ,298.3,8.6
15.801,101.679,312,1,1,2016-03-11,15:35,T,77,5.0       ,297.7,11
15.81,101.678,312.8,1,1,2016-03-11,15:35,T,80,5.0       ,297.2,12.1
15.772,101.093,308.8,1,1,2016-03-11,15:35,T,63,5.0       ,298.3,7.1
15.868,101.568,308.5,1,1,2016-03-11,15:35,T,56,5.0       ,297.6,7.7
15.877,101.567,315.9,1,1,2016-03-11,15:35,T,89,5.0       ,297.5,15.1
15.847,100.98,310.7,1,1,2016-03-11,15:35,T,72,5.0       ,298.3,8.9
15.944,101.455,317.9,1,1,2016-03-11,15:35,T,95,5.0       ,297.8,17.3
16.321,103.828,309.6,1.2,1.1,2016-03-11,15:35,T,67,5.0       ,296.3,12.7
15.914,100.869,315.3,1,1,2016-03-11,15:35,T,88,5.0       ,298.6,13.9
16.011,101.344,317.8,1,1,2016-03-11,15:35,T,94,5.0       ,297.8,17.2
16.128,102.106,306.4,1,1,2016-03-11,15:35,T,45,5.0       ,294.6,8.2
16.387,103.712,309.8,1.2,1.1,2016-03-11,15:35,T,63,5.0       ,296.2,11.5
16.397,103.711,309.5,1.2,1.1,2016-03-11,15:35,T,63,5.0       ,296.4,11.7
16.077,101.233,316.3,1,1,2016-03-11,15:35,T,90,5.0       ,297.9,15.3
16.195,101.993,306.2,1,1,2016-03-11,15:35,T,42,5.0       ,294.7,7.8
16.086,101.232,307.7,1,1,2016-03-11,15:35,T,33,5.0       ,296.1,7.4
16.465,103.606,309,1.2,1.1,2016-03-11,15:35,T,57,5.0       ,296.5,10.4
16.464,103.596,306.8,1.2,1.1,2016-03-11,15:35,T,24,5.0       ,296.2,7.6
16.144,101.122,312.3,1,1,2016-03-11,15:35,T,78,5.0       ,297.7,11.6
16.153,101.121,311.3,1,1,2016-03-11,15:35,T,65,5.0       ,296.3,10.9
16.532,103.493,310.9,1.1,1.1,2016-03-11,15:35,T,73,5.0       ,296.5,11.9
16.211,101.011,307.6,1,1,2016-03-11,15:35,T,31,5.0       ,297.6,7
16.219,101.009,315.1,1,1,2016-03-11,15:35,T,86,5.0       ,296.7,14.8
16.599,103.379,311.3,1.1,1.1,2016-03-11,15:35,T,70,5.0       ,296.3,12
16.608,103.378,309.2,1.1,1.1,2016-03-11,15:35,T,65,5.0       ,296.4,10.1
16.286,100.898,316.4,1,1,2016-03-11,15:35,T,91,5.0       ,297.1,16.8
16.285,100.889,308.2,1,1,2016-03-11,15:35,T,59,5.0       ,297.6,7.7
16.405,101.655,306.6,1,1,2016-03-11,15:35,T,46,5.0       ,294.5,7.9
16.666,103.267,307.9,1.1,1.1,2016-03-11,15:35,T,56,5.0       ,296,8.5
16.675,103.266,312.4,1.1,1.1,2016-03-11,15:35,T,79,5.0       ,296.6,13.3
16.362,100.857,308.8,1,1,2016-03-11,15:35,T,63,5.0       ,297.2,8.4
16.472,101.543,306.6,1,1,2016-03-11,15:35,T,46,5.0       ,294.7,7.7
16.743,103.154,312.8,1.1,1.1,2016-03-11,15:35,T,80,5.0       ,296.6,13.5
16.752,103.153,306.8,1.1,1.1,2016-03-11,15:35,T,49,5.0       ,296.3,7.3
16.81,103.044,312,1.1,1,2016-03-11,15:35,T,77,5.0       ,296.5,12.4
16.819,103.042,308.7,1.1,1,2016-03-11,15:35,T,62,5.0       ,296.5,9.1
16.504,100.632,309.9,1,1,2016-03-11,15:35,T,68,5.0       ,297,9.5
16.86,103.057,306.7,1.1,1,2016-03-11,15:35,T,48,5.0       ,294.7,9.1
16.633,101.455,319.7,1,1,2016-03-11,15:35,T,99,5.0       ,293.7,24.1
16.632,101.445,318.1,1,1,2016-03-11,15:35,T,95,5.0       ,293.7,22.3
16.877,102.934,309.2,1.1,1,2016-03-11,15:35,T,65,5.0       ,296.2,9.6
16.887,102.932,312.2,1.1,1,2016-03-11,15:35,T,78,5.0       ,296.7,12.6
16.57,100.519,309.9,1,1,2016-03-11,15:35,T,68,5.0       ,297,9.5
16.7,101.343,313.4,1,1,2016-03-11,15:35,T,82,5.0       ,293.5,16.2
16.699,101.334,311.2,1,1,2016-03-11,15:35,T,74,5.0       ,293.7,13.9
-6.124,155.199,308.6,1,1,2016-03-11,15:10,A,62,5.0       ,290.4,13
-6.132,155.188,317.8,1,1,2016-03-11,15:10,A,94,5.0       ,291.1,21.3
-6.133,155.197,367.2,1,1,2016-03-11,15:10,A,100,5.0       ,295.5,120.2
14.763,106.803,313.6,1.3,1.1,2016-03-11,18:20,A,83,5.0       ,291.4,23.3
14.765,106.797,306.7,1.3,1.1,2016-03-11,18:20,A,48,5.0       ,291.3,14.5
13.005,106.919,320.9,1.2,1.1,2016-03-11,18:20,A,100,5.0       ,295.3,30.1
13.004,106.93,333,1.2,1.1,2016-03-11,18:20,A,100,5.0       ,296.2,52.3
13.002,106.924,330.2,1.2,1.1,2016-03-11,18:20,A,100,5.0       ,296.1,46.7
13,106.935,310.8,1.2,1.1,2016-03-11,18:20,A,72,5.0       ,295.3,15.4
12.973,106.987,309.3,1.2,1.1,2016-03-11,18:20,A,65,5.0       ,295.2,14.5
12.219,106.832,316.6,1.2,1.1,2016-03-11,18:20,A,91,5.0       ,294.5,24
11.16,106.075,328.9,1.3,1.1,2016-03-11,18:25,A,100,5.0       ,293.9,50.9
0.263,117.165,308.6,4.4,1.9,2016-03-11,18:25,A,61,5.0       ,288.2,99.5
0.26,117.161,309.2,4.4,1.9,2016-03-11,18:25,A,65,5.0       ,288.2,104.7
0.259,116.7,315.5,4.1,1.9,2016-03-11,18:25,A,88,5.0       ,287.7,143.2
0.255,116.692,311.3,4.1,1.9,2016-03-11,18:25,A,75,5.0       ,287.5,109.6