latitude,longitude,brightness,scan,track,acq_date,acq_time,satellite,confidence,version,bright_t31,frp
26.859,95.656,337.8,2.9,1.6,2017-01-30,04:55,T,88,5.0       ,286.7,246.9
26.852,95.689,314.1,2.9,1.6,2017-01-30,04:55,T,60,5.0       ,282.6,95.2
26.843,95.659,334.1,2.9,1.6,2017-01-30,04:55,T,86,5.0       ,287.4,217.3
26.514,94.876,326.4,2.6,1.6,2017-01-30,04:55,T,80,5.0       ,290.7,129
26.522,94.87,320.2,2.6,1.6,2017-01-30,04:55,T,72,5.0       ,290.9,97.2
26.508,94.869,315.2,2.6,1.6,2017-01-30,04:55,T,63,5.0       ,289.4,72.8
11.916,106.467,313.1,1.1,1,2017-01-30,03:25,T,45,5.0       ,288.2,12.8
9.18,105.075,311.9,1.2,1.1,2017-01-30,03:25,T,39,5.0       ,291.5,10.4
13.55,102.974,317.1,1.1,1,2017-01-30,06:25,A,67,5.0       ,302.4,13.1
13.843,104.918,335.1,1,1,2017-01-30,06:25,A,87,5.0       ,307.9,30.6
13.772,104.424,335.1,1,1,2017-01-30,06:25,A,84,5.0       ,300.7,29.6
13.77,104.415,343.9,1,1,2017-01-30,06:25,A,92,5.0       ,302.1,45.3
13.742,104.222,323.9,1,1,2017-01-30,06:25,A,77,5.0       ,305.7,16.3
13.741,104.212,332.7,1,1,2017-01-30,06:25,A,85,5.0       ,302.3,28
30.446,116.795,321,1.4,1.2,2017-01-30,03:15,T,73,5.0       ,281.3,45
30.451,116.79,313.8,1.4,1.2,2017-01-30,03:15,T,59,5.0       ,281.5,32.4
25.396,110.846,311.7,1,1,2017-01-30,03:20,T,50,5.0       ,283.9,19.6
25.388,109.398,319.4,1.1,1,2017-01-30,03:20,T,71,5.0       ,285.7,28.6
25.387,109.408,310.3,1.1,1,2017-01-30,03:20,T,35,5.0       ,285.2,18
24.977,111.376,311.4,1,1,2017-01-30,03:20,T,49,5.0       ,286.3,15.7
25.073,109.616,318.9,1,1,2017-01-30,03:20,T,70,5.0       ,286.1,27.4
24.269,111.843,312.9,1,1,2017-01-30,03:20,T,56,5.0       ,290.5,18.2
24.267,111.552,319.9,1,1,2017-01-30,03:20,T,72,5.0       ,287.2,26.8
24.218,110.958,312.7,1,1,2017-01-30,03:20,T,55,5.0       ,288.7,17.5
24.217,110.968,310.1,1,1,2017-01-30,03:20,T,28,5.0       ,288.4,15.3
24.388,109.381,310.3,1.1,1,2017-01-30,03:20,T,35,5.0       ,293.3,11.6
23.303,108.577,313.1,1.1,1,2017-01-30,03:20,T,57,5.0       ,288.4,20.2
22.682,107.574,314.9,1.2,1.1,2017-01-30,03:20,T,58,5.0       ,291.6,16.3
22.258,108.687,317.9,1.1,1,2017-01-30,03:20,T,69,5.0       ,292.4,21.3
22.256,108.697,326.4,1.1,1,2017-01-30,03:20,T,80,5.0       ,293,33.4
22.44,107.07,311.8,1.3,1.1,2017-01-30,03:20,T,51,5.0       ,294.1,16
21.963,110.557,317.8,1,1,2017-01-30,03:20,T,68,5.0       ,294,16.7
21.954,110.555,311.8,1,1,2017-01-30,03:20,T,48,5.0       ,293.8,10.2
22.1,107.021,317.8,1.3,1.1,2017-01-30,03:20,T,69,5.0       ,293.3,23.4
22.099,107.034,326.7,1.3,1.1,2017-01-30,03:20,T,80,5.0       ,293.5,39.4
22.044,107.306,312.6,1.2,1.1,2017-01-30,03:20,T,55,5.0       ,292.1,18.6
22.043,107.318,314.9,1.2,1.1,2017-01-30,03:20,T,62,5.0       ,291.5,21.9
22.048,107.198,310,1.2,1.1,2017-01-30,03:20,T,22,5.0       ,289.6,14.2
21.963,107.782,316.1,1.2,1.1,2017-01-30,03:20,T,65,5.0       ,292,19.2
21.962,107.793,311.1,1.2,1.1,2017-01-30,03:20,T,36,5.0       ,291.3,12.7
21.959,107.787,322.7,1.2,1.1,2017-01-30,03:20,T,76,5.0       ,292,29.9
21.403,107.3,323.1,1.2,1.1,2017-01-30,03:20,T,76,5.0       ,295.2,31
21.353,107.437,311.8,1.2,1.1,2017-01-30,03:20,T,40,5.0       ,296.7,13.1
21.343,107.436,317.1,1.2,1.1,2017-01-30,03:20,T,67,5.0       ,296.1,19.1
21.182,107.342,330.9,1.2,1.1,2017-01-30,03:20,T,84,5.0       ,294.7,45.2
21.157,107.304,340.3,1.2,1.1,2017-01-30,03:20,T,90,5.0       ,295.5,64.5
21.156,107.315,328.3,1.2,1.1,2017-01-30,03:20,T,81,5.0       ,294.8,38.2
21.147,107.302,315.2,1.2,1.1,2017-01-30,03:20,T,63,5.0       ,294.7,19.3
21.146,107.314,317.4,1.2,1.1,2017-01-30,03:20,T,68,5.0       ,294.6,21.7
17.68,102.493,316.6,2.3,1.5,2017-01-30,03:20,T,66,5.0       ,298.5,30
17.355,104.24,318.5,1.7,1.3,2017-01-30,03:20,T,70,5.0       ,301.7,20.1
17.218,104.707,313.2,1.5,1.2,2017-01-30,03:20,T,40,5.0       ,299.1,12.4
17.182,104.883,320.7,1.5,1.2,2017-01-30,03:20,T,73,5.0       ,302.1,21.4
17.18,104.897,321.6,1.5,1.2,2017-01-30,03:20,T,74,5.0       ,300.9,24.2
17.064,104.467,321.5,1.6,1.2,2017-01-30,03:20,T,74,5.0       ,300.4,25.6
17.064,104.461,325.8,1.6,1.2,2017-01-30,03:20,T,79,5.0       ,300.6,37
16.477,102.781,315.3,2.1,1.4,2017-01-30,03:20,T,63,5.0       ,299.6,23.4
14.633,107.093,310.1,1.1,1,2017-01-30,03:20,T,23,5.0       ,297.3,9.8
14.664,103.194,313.7,1.8,1.3,2017-01-30,03:20,T,59,5.0       ,292.3,14.6
14.282,104.638,318.6,1.4,1.2,2017-01-30,03:20,T,59,5.0       ,304.1,14.6
14.28,104.651,320.8,1.4,1.2,2017-01-30,03:20,T,73,5.0       ,305.8,18.2
14.246,104.751,317.8,1.4,1.2,2017-01-30,03:20,T,65,5.0       ,304.7,12.4
14.095,105.877,314.8,1.2,1.1,2017-01-30,03:20,T,26,5.0       ,297.9,13.7
14.306,104.117,320.8,1.5,1.2,2017-01-30,03:20,T,71,5.0       ,306.4,16.3
14.146,104.973,314.3,1.3,1.1,2017-01-30,03:20,T,48,5.0       ,302.3,9.4
14,105.679,334.4,1.2,1.1,2017-01-30,03:20,T,86,5.0       ,299.5,47.6
13.999,105.69,316.4,1.2,1.1,2017-01-30,03:20,T,66,5.0       ,298.9,15.6
14.102,104.828,318.2,1.4,1.2,2017-01-30,03:20,T,63,5.0       ,305.3,16.8
14.179,103.388,323.8,1.7,1.3,2017-01-30,03:20,T,77,5.0       ,305.4,25.2
14.183,103.381,321.2,1.7,1.3,2017-01-30,03:20,T,74,5.0       ,305,19.2
13.897,105.526,314.3,1.2,1.1,2017-01-30,03:20,T,59,5.0       ,298.6,10.9
13.587,107.204,317.3,1,1,2017-01-30,03:20,T,67,5.0       ,298.4,10.4
14.027,103.7,322.5,1.6,1.3,2017-01-30,03:20,T,73,5.0       ,304.3,26.7
14.039,103.516,348.9,1.7,1.3,2017-01-30,03:20,T,95,5.0       ,307.1,118.3
13.924,104.156,318.5,1.5,1.2,2017-01-30,03:20,T,70,5.0       ,304.5,16.5
13.918,104.197,321.5,1.5,1.2,2017-01-30,03:20,T,74,5.0       ,303.2,23.8
13.771,105.328,322,1.3,1.1,2017-01-30,03:20,T,72,5.0       ,304.4,18.3
13.489,107.242,321.2,1,1,2017-01-30,03:20,T,74,5.0       ,299.1,12.8
13.893,104.116,316.4,1.5,1.2,2017-01-30,03:20,T,64,5.0       ,303.5,14.3
13.721,105.326,318.8,1.3,1.1,2017-01-30,03:20,T,54,5.0       ,305.2,15.4
14.263,104.383,329.4,1,1,2017-01-30,06:25,A,82,5.0       ,306.9,16.9
14.092,103.221,321.3,1.1,1,2017-01-30,06:25,A,47,5.0       ,304.5,8.7
14.337,104.83,333,1,1,2017-01-30,06:25,A,85,5.0       ,306.8,25.8
14.335,104.821,324.7,1,1,2017-01-30,06:25,A,77,5.0       ,305.7,14
14.3,104.574,323.8,1,1,2017-01-30,06:25,A,45,5.0       ,306,11.4
14.291,104.51,322.9,1,1,2017-01-30,06:25,A,70,5.0       ,305,10.1
14.272,104.381,323.8,1,1,2017-01-30,06:25,A,77,5.0       ,306.8,10
14.246,104.197,333.7,1,1,2017-01-30,06:25,A,79,5.0       ,308.4,23
14.205,103.92,339.2,1,1,2017-01-30,06:25,A,89,5.0       ,309.2,34.3
14.068,102.996,320.9,1.1,1,2017-01-30,06:25,A,38,5.0       ,303.8,8.8
14.215,103.928,324.1,1,1,2017-01-30,06:25,A,66,5.0       ,307.9,11
14.349,104.791,325.4,1,1,2017-01-30,06:25,A,79,5.0       ,306.3,17
14.313,104.534,326.2,1,1,2017-01-30,06:25,A,53,5.0       ,307,11.5
14.311,104.525,337,1,1,2017-01-30,06:25,A,88,5.0       ,309.4,27.3
14.098,103.071,326.1,1.1,1,2017-01-30,06:25,A,70,5.0       ,301.3,17
13.844,101.41,318.1,1.3,1.1,2017-01-30,06:25,A,69,5.0       ,298.7,11
14.345,104.698,319.9,1,1,2017-01-30,06:25,A,72,5.0       ,305.9,10.7
14.344,104.689,322.8,1,1,2017-01-30,06:25,A,76,5.0       ,304.9,13.7
14.329,104.588,323.3,1,1,2017-01-30,06:25,A,55,5.0       ,304.7,12.7
14.328,104.579,351.1,1,1,2017-01-30,06:25,A,96,5.0       ,309,61.5
14.106,103.06,331,1.1,1,2017-01-30,06:25,A,84,5.0       ,301,23.3
14.104,103.05,319.9,1.1,1,2017-01-30,06:25,A,38,5.0       ,300.6,6.7
14.598,106.438,312.4,1.1,1,2017-01-30,06:25,A,53,5.0       ,291.4,7.2
14.337,104.577,333.6,1,1,2017-01-30,06:25,A,86,5.0       ,305.2,29.3
14.305,104.357,342.1,1,1,2017-01-30,06:25,A,91,5.0       ,310.3,38.5
14.304,104.348,360.2,1,1,2017-01-30,06:25,A,100,5.0       ,310.5,78.8
14.303,104.339,329.5,1,1,2017-01-30,06:25,A,70,5.0       ,306.5,17.6
14.301,104.33,326,1,1,2017-01-30,06:25,A,45,5.0       ,307.5,13
14.255,104.007,326.4,1,1,2017-01-30,06:25,A,27,5.0       ,309.5,10.4
14.253,103.998,342.4,1,1,2017-01-30,06:25,A,91,5.0       ,311.4,36.1
14.115,103.059,332.6,1.1,1,2017-01-30,06:25,A,85,5.0       ,302.4,25.9
14.603,106.432,312.7,1.1,1,2017-01-30,06:25,A,40,5.0       ,292.1,10
14.331,104.47,322.8,1,1,2017-01-30,06:25,A,68,5.0       ,305.4,14.9
14.317,104.378,345.6,1,1,2017-01-30,06:25,A,93,5.0       ,308.7,45.4
14.315,104.359,344,1,1,2017-01-30,06:25,A,92,5.0       ,310,42
14.313,104.35,336.1,1,1,2017-01-30,06:25,A,87,5.0       ,309,27.3
14.306,104.295,327.8,1,1,2017-01-30,06:25,A,60,5.0       ,306.3,17.4
14.262,104,341.2,1,1,2017-01-30,06:25,A,91,5.0       ,312.6,36
14.261,103.991,328.9,1,1,2017-01-30,06:25,A,28,5.0       ,312.4,14.9
14.246,103.889,347.6,1,1,2017-01-30,06:25,A,94,5.0       ,309.4,50.8
14.245,103.879,364.5,1,1,2017-01-30,06:25,A,100,5.0       ,311.6,94
14.133,103.13,324.4,1.1,1,2017-01-30,06:25,A,55,5.0       ,304.2,11.3
14.131,103.12,327.4,1.1,1,2017-01-30,06:25,A,80,5.0       ,304.8,15.6
14.387,104.798,320.5,1,1,2017-01-30,06:25,A,55,5.0       ,303.9,10.2
14.326,104.376,326.5,1,1,2017-01-30,06:25,A,39,5.0       ,308.8,15.7
0.514,102.993,314.4,1.6,1.3,2017-01-30,06:20,A,58,5.0       ,291.7,22.9
11.144,106.334,320.3,1,1,2017-01-30,06:25,A,43,5.0       ,302,8.1
11.215,103.702,320.4,1.1,1,2017-01-30,06:25,A,49,5.0       ,300.2,13.8
11.223,103.691,325.9,1.1,1,2017-01-30,06:25,A,50,5.0       ,303.1,19.7
11.73,105.337,320.1,1,1,2017-01-30,06:25,A,72,5.0       ,300.2,9.9
10.963,99.443,310.9,2,1.4,2017-01-30,06:25,A,45,5.0       ,299.2,20.3
10.965,99.438,313.2,2,1.4,2017-01-30,06:25,A,57,5.0       ,299.3,27
11.705,104.026,314.4,1,1,2017-01-30,06:25,A,55,5.0       ,296.8,7.5
11.72,103.937,317.1,1,1,2017-01-30,06:25,A,67,5.0       ,294.8,14
11.718,103.927,318.8,1,1,2017-01-30,06:25,A,70,5.0       ,295.7,16.5
12.383,107.25,317.9,1.1,1.1,2017-01-30,06:25,A,65,5.0       ,287.1,17.9
12.348,106.327,324.6,1,1,2017-01-30,06:25,A,58,5.0       ,298.5,17.2
12.375,106.381,324.8,1,1,2017-01-30,06:25,A,63,5.0       ,298.2,17.7
12.219,104.958,322.1,1,1,2017-01-30,06:25,A,65,5.0       ,305,11.4
11.998,103.204,325.2,1.1,1,2017-01-30,06:25,A,71,5.0       ,300.5,25.3
11.996,103.194,337,1.1,1,2017-01-30,06:25,A,88,5.0       ,302.4,46.5
12.009,103.213,317.5,1.1,1,2017-01-30,06:25,A,40,5.0       ,302.6,13.9
12.522,106.662,321.5,1.1,1,2017-01-30,06:25,A,61,5.0       ,298.4,15.8
12.491,106.43,327.7,1.1,1,2017-01-30,06:25,A,81,5.0       ,298.1,20.5
12.161,103.866,320.1,1,1,2017-01-30,06:25,A,72,5.0       ,302,16.7
12.201,104.071,312,1,1,2017-01-30,06:25,A,48,5.0       ,295.8,7.2
12.516,105.628,319.5,1,1,2017-01-30,06:25,A,70,5.0       ,299.5,8.6
12.719,106.621,326.4,1.1,1,2017-01-30,06:25,A,80,5.0       ,304.6,22.1
12.666,106.236,317.4,1,1,2017-01-30,06:25,A,62,5.0       ,302.6,8.8
12.621,105.908,318.6,1,1,2017-01-30,06:25,A,31,5.0       ,300.8,9.8
12.361,104.034,316.5,1,1,2017-01-30,06:25,A,66,5.0       ,298.1,8.8
12.736,106.402,326.7,1.1,1,2017-01-30,06:25,A,59,5.0       ,302.1,18.4
12.558,105.139,325.3,1,1,2017-01-30,06:25,A,78,5.0       ,302.3,16.8
12.218,102.763,331.9,1.1,1.1,2017-01-30,06:25,A,84,5.0       ,298.2,39
12.217,102.753,321.6,1.1,1.1,2017-01-30,06:25,A,59,5.0       ,299.1,20.3
12.228,102.762,328,1.1,1.1,2017-01-30,06:25,A,81,5.0       ,297.4,33.2
12.226,102.752,323.6,1.1,1.1,2017-01-30,06:25,A,77,5.0       ,298.1,25.1
12.754,106.276,322.3,1,1,2017-01-30,06:25,A,52,5.0       ,298.9,15.4
12.277,102.928,312.1,1.1,1.1,2017-01-30,06:25,A,48,5.0       ,299.8,8.6
12.693,105.702,320.1,1,1,2017-01-30,06:25,A,56,5.0       ,302.9,10.5
12.67,105.349,329.2,1,1,2017-01-30,06:25,A,77,5.0       ,298.3,25.8
12.862,106.655,329.4,1.1,1,2017-01-30,06:25,A,72,5.0       ,298.5,28.9
12.822,106.295,321.4,1,1,2017-01-30,06:25,A,63,5.0       ,297.4,13.7
12.91,106.813,325.4,1.1,1,2017-01-30,06:25,A,74,5.0       ,298.8,24.2
12.822,105.51,314,1,1,2017-01-30,06:25,A,60,5.0       ,300.7,7.6
13.152,107.182,319.4,1.1,1.1,2017-01-30,06:25,A,67,5.0       ,294.6,17
13.151,107.172,318.1,1.1,1.1,2017-01-30,06:25,A,55,5.0       ,295.3,14.8
13.184,104.369,319,1,1,2017-01-30,06:25,A,71,5.0       ,305.6,9.1
13.206,104.46,315,1,1,2017-01-30,06:25,A,57,5.0       ,302.7,5.4
13.344,104.909,326.7,1,1,2017-01-30,06:25,A,80,5.0       ,303.5,20.8
13.416,105.291,327.3,1,1,2017-01-30,06:25,A,80,5.0       ,307.3,19.7
13.635,106.457,324.1,1.1,1,2017-01-30,06:25,A,77,5.0       ,301.3,19.9
13.633,106.447,324.9,1.1,1,2017-01-30,06:25,A,78,5.0       ,300,21.3
13.346,104.341,321,1,1,2017-01-30,06:25,A,72,5.0       ,304.7,9.5
13.569,105.715,314.1,1,1,2017-01-30,06:25,A,39,5.0       ,296.2,9.7
13.429,104.666,311.6,1,1,2017-01-30,06:25,A,43,5.0       ,281.8,10.2
13.458,104.805,325.9,1,1,2017-01-30,06:25,A,77,5.0       ,302.5,19.4
13.219,103.126,328.3,1.1,1,2017-01-30,06:25,A,67,5.0       ,305.6,24.3
13.212,103.077,317.2,1.1,1,2017-01-30,06:25,A,55,5.0       ,303.5,12.6
13.156,102.714,322.2,1.1,1.1,2017-01-30,06:25,A,67,5.0       ,303.4,12.8
13.055,102.066,311.4,1.2,1.1,2017-01-30,06:25,A,46,5.0       ,280,15
13.054,102.054,315.8,1.2,1.1,2017-01-30,06:25,A,65,5.0       ,282.9,20.6
13.229,103.125,327.7,1.1,1,2017-01-30,06:25,A,65,5.0       ,307.1,20.9
13.501,104.91,327.5,1,1,2017-01-30,06:25,A,78,5.0       ,302.9,16.3
13.43,104.416,323.3,1,1,2017-01-30,06:25,A,54,5.0       ,303.3,13.1
13.56,105.135,335.6,1,1,2017-01-30,06:25,A,87,5.0       ,307.5,33
13.516,104.824,323.8,1,1,2017-01-30,06:25,A,46,5.0       ,304.4,11.9
13.512,104.731,310.6,1,1,2017-01-30,06:25,A,23,5.0       ,296.8,4.8
13.453,104.328,326,1,1,2017-01-30,06:25,A,79,5.0       ,308,15.1
13.544,104.894,330.2,1,1,2017-01-30,06:25,A,83,5.0       ,306.8,19.3
13.543,104.885,330.6,1,1,2017-01-30,06:25,A,83,5.0       ,306.9,19.7
13.526,104.766,328.1,1,1,2017-01-30,06:25,A,81,5.0       ,304.7,21.1
13.524,104.757,321.7,1,1,2017-01-30,06:25,A,74,5.0       ,303.2,13.3
13.659,105.639,329.4,1,1,2017-01-30,06:25,A,82,5.0       ,299.6,28.8
13.545,104.838,321.5,1,1,2017-01-30,06:25,A,57,5.0       ,305.2,9.2
13.458,104.161,325.5,1,1,2017-01-30,06:25,A,61,5.0       ,307.4,14.3
13.552,104.747,324,1,1,2017-01-30,06:25,A,71,5.0       ,303.5,16.1
13.511,104.463,323.1,1,1,2017-01-30,06:25,A,65,5.0       ,298.3,15.8
13.509,104.454,328.2,1,1,2017-01-30,06:25,A,77,5.0       ,299,22.3
13.478,104.177,324.2,1,1,2017-01-30,06:25,A,27,5.0       ,308.6,11.6
13.594,104.722,333.2,1,1,2017-01-30,06:25,A,74,5.0       ,304.7,27
13.561,104.427,323.9,1,1,2017-01-30,06:25,A,70,5.0       ,306.1,12.7
13.559,104.418,328.9,1,1,2017-01-30,06:25,A,70,5.0       ,306.4,18.8
13.366,103.107,332.1,1.1,1,2017-01-30,06:25,A,84,5.0       ,303.7,25.2
13.365,103.097,344.7,1.1,1,2017-01-30,06:25,A,92,5.0       ,303.9,48.7
13.375,103.105,338.4,1.1,1,2017-01-30,06:25,A,89,5.0       ,303.3,38
13.862,106.247,318.3,1.1,1,2017-01-30,06:25,A,30,5.0       ,303,11.9
13.861,106.237,321.3,1.1,1,2017-01-30,06:25,A,63,5.0       ,302.9,15
13.302,102.402,332.3,1.2,1.1,2017-01-30,06:25,A,85,5.0       ,299.4,28.5
13.301,102.391,327,1.2,1.1,2017-01-30,06:25,A,80,5.0       ,299.7,19.2
13.619,104.45,323.7,1,1,2017-01-30,06:25,A,41,5.0       ,305.9,9
13.617,104.441,343,1,1,2017-01-30,06:25,A,91,5.0       ,308.4,40.3
13.628,104.449,327.8,1,1,2017-01-30,06:25,A,73,5.0       ,306.6,14.7
13.625,104.43,323.5,1,1,2017-01-30,06:25,A,31,5.0       ,307.1,11.4
13.614,104.291,317.8,1,1,2017-01-30,06:25,A,49,5.0       ,302.7,7.6
13.816,105.641,317.9,1,1,2017-01-30,06:25,A,59,5.0       ,300.9,12.4
13.814,105.632,323.6,1,1,2017-01-30,06:25,A,77,5.0       ,302.6,18.5
13.686,104.73,326.8,1,1,2017-01-30,06:25,A,65,5.0       ,305.7,18.2
13.697,104.737,328.9,1,1,2017-01-30,06:25,A,76,5.0       ,304.6,19.9
13.616,104.178,324.8,1,1,2017-01-30,06:25,A,69,5.0       ,306.3,16.5
13.614,104.169,370.6,1,1,2017-01-30,06:25,A,100,5.0       ,308.6,120.1
13.613,104.16,352.6,1,1,2017-01-30,06:25,A,96,5.0       ,303.1,69.5
13.817,105.518,347,1,1,2017-01-30,06:25,A,94,5.0       ,306.6,54.2
13.623,104.167,343.1,1,1,2017-01-30,06:25,A,92,5.0       ,308.8,45.7
13.622,104.158,332.8,1,1,2017-01-30,06:25,A,75,5.0       ,304.2,28.4
13.667,104.405,332.8,1,1,2017-01-30,06:25,A,82,5.0       ,304.9,25.1
13.686,104.461,329.8,1,1,2017-01-30,06:25,A,77,5.0       ,306,19.4
13.684,104.452,326.7,1,1,2017-01-30,06:25,A,73,5.0       ,307.3,13.7
13.648,104.204,316.4,1,1,2017-01-30,06:25,A,53,5.0       ,301.6,8
13.617,103.991,324.5,1,1,2017-01-30,06:25,A,66,5.0       ,306.6,14.1
13.627,103.999,321.5,1,1,2017-01-30,06:25,A,43,5.0       ,307.1,10.1
13.694,104.395,327.7,1,1,2017-01-30,06:25,A,72,5.0       ,302.7,13.9
13.677,104.275,334.8,1,1,2017-01-30,06:25,A,86,5.0       ,302.7,32.5
13.988,106.351,314.6,1.1,1,2017-01-30,06:25,A,62,5.0       ,297.6,10.4
13.712,104.392,322.3,1,1,2017-01-30,06:25,A,33,5.0       ,303,8.6
13.705,104.346,337.9,1,1,2017-01-30,06:25,A,88,5.0       ,307.8,31.1
13.704,104.337,323.6,1,1,2017-01-30,06:25,A,46,5.0       ,307.4,9.8
13.697,104.291,333.5,1,1,2017-01-30,06:25,A,85,5.0       ,303.2,30.1
13.766,104.702,327.4,1,1,2017-01-30,06:25,A,36,5.0       ,308.4,13.4
13.706,104.289,328.7,1,1,2017-01-30,06:25,A,82,5.0       ,304.3,22.5
13.81,104.947,326.1,1,1,2017-01-30,06:25,A,63,5.0       ,309.5,12.4
13.71,104.251,318.8,1,1,2017-01-30,06:25,A,48,5.0       ,300.6,9.9
13.783,104.69,326.6,1,1,2017-01-30,06:25,A,30,5.0       ,308.5,13.6
13.715,104.222,337.2,1,1,2017-01-30,06:25,A,88,5.0       ,302.7,35.1
13.912,105.535,349,1,1,2017-01-30,06:25,A,89,5.0       ,302.5,60.9
13.719,104.184,325.8,1,1,2017-01-30,06:25,A,79,5.0       ,301.4,18.3
13.717,104.175,330.6,1,1,2017-01-30,06:25,A,83,5.0       ,301.9,25.7
13.745,104.302,331.4,1,1,2017-01-30,06:25,A,74,5.0       ,301.5,21.9
13.739,104.203,335.9,1,1,2017-01-30,06:25,A,87,5.0       ,303,30.9
13.852,104.917,348.9,1,1,2017-01-30,06:25,A,95,5.0       ,306.2,56.5
13.766,104.321,336.9,1,1,2017-01-30,06:25,A,88,5.0       ,298.7,33.8
13.748,104.202,325.8,1,1,2017-01-30,06:25,A,41,5.0       ,302,15.3
13.747,104.193,353,1,1,2017-01-30,06:25,A,97,5.0       ,303.9,67.1
13.746,104.183,323.9,1,1,2017-01-30,06:25,A,77,5.0       ,302.2,14.8
13.78,104.357,327.2,1,1,2017-01-30,06:25,A,80,5.0       ,305.4,17.8
13.779,104.348,366.8,1,1,2017-01-30,06:25,A,100,5.0       ,308.6,103
13.778,104.338,351.9,1,1,2017-01-30,06:25,A,96,5.0       ,302.8,61.9
13.872,104.932,335.3,1,1,2017-01-30,06:25,A,87,5.0       ,305.7,31.9
13.871,104.923,322,1,1,2017-01-30,06:25,A,69,5.0       ,306,13.2
13.869,104.914,321.2,1,1,2017-01-30,06:25,A,53,5.0       ,305.1,11.9
13.788,104.346,335.3,1,1,2017-01-30,06:25,A,87,5.0       ,306,29.3
13.786,104.337,333.9,1,1,2017-01-30,06:25,A,86,5.0       ,303.6,25.7
13.797,104.345,362.8,1,1,2017-01-30,06:25,A,100,5.0       ,309.1,91.8
13.795,104.336,346.4,1,1,2017-01-30,06:25,A,93,5.0       ,307.8,49.4
13.996,105.679,329.1,1,1,2017-01-30,06:25,A,82,5.0       ,301.4,25.7
13.994,105.67,334.6,1,1,2017-01-30,06:25,A,86,5.0       ,301.2,34.6
13.822,104.454,317.2,1,1,2017-01-30,06:25,A,57,5.0       ,291.9,9.1
13.82,104.444,366.3,1,1,2017-01-30,06:25,A,100,5.0       ,297.3,105.3
13.788,104.224,321.6,1,1,2017-01-30,06:25,A,25,5.0       ,303.3,10.5
13.772,104.113,340.5,1,1,2017-01-30,06:25,A,90,5.0       ,309.4,38.4
13.763,104.048,321.1,1,1,2017-01-30,06:25,A,74,5.0       ,308.2,10.4
13.756,104.002,319.5,1,1,2017-01-30,06:25,A,70,5.0       ,305.3,9.4
13.593,102.91,316.9,1.1,1,2017-01-30,06:25,A,34,5.0       ,302.1,11.7
13.592,102.9,327,1.1,1,2017-01-30,06:25,A,68,5.0       ,301.7,26.3
25.939,94.316,328.9,2.4,1.5,2017-01-30,06:30,A,82,5.0       ,293.3,122.1
25.934,94.312,326.8,2.4,1.5,2017-01-30,06:30,A,80,5.0       ,292.5,109.2
25.948,94.312,325.7,2.4,1.5,2017-01-30,06:30,A,77,5.0       ,293.3,101.3
26.565,96.807,313.6,1.6,1.2,2017-01-30,06:30,A,59,5.0       ,294.7,29
27.612,102.936,310.3,1,1,2017-01-30,06:30,A,35,5.0       ,293.2,12.2
26.471,94.808,345.7,2.1,1.4,2017-01-30,06:30,A,93,5.0       ,291.8,193
26.467,94.785,313.2,2.2,1.4,2017-01-30,06:30,A,57,5.0       ,290.9,45.1
26.471,94.8,333.1,2.1,1.4,2017-01-30,06:30,A,85,5.0       ,291.7,121
26.779,95.447,311.4,1.9,1.3,2017-01-30,06:30,A,18,5.0       ,298.4,40.6
27.293,97.503,344.6,1.4,1.2,2017-01-30,06:30,A,92,5.0       ,303.3,84.4
27.918,96.082,317.5,1.6,1.3,2017-01-30,06:30,A,68,5.0       ,298.3,29.3
27.901,95.362,313.3,1.8,1.3,2017-01-30,06:30,A,46,5.0       ,299.7,19.7
27.896,95.357,315.1,1.8,1.3,2017-01-30,06:30,A,63,5.0       ,299.8,26.1
13.798,104.34,326.3,1.5,1.2,2017-01-30,03:20,T,79,5.0       ,303,35.7
13.796,104.354,323.5,1.5,1.2,2017-01-30,03:20,T,76,5.0       ,302.8,29.6
13.467,106.812,323.3,1.1,1,2017-01-30,03:20,T,76,5.0       ,298.8,20.8
13.466,106.822,318,1.1,1,2017-01-30,03:20,T,69,5.0       ,298,13.9
13.792,104.347,319.6,1.5,1.2,2017-01-30,03:20,T,65,5.0       ,302.6,18.3
13.893,103.228,318.2,1.8,1.3,2017-01-30,03:20,T,58,5.0       ,300.3,11.6
13.881,103.226,327.4,1.8,1.3,2017-01-30,03:20,T,80,5.0       ,301,37.8
13.742,104.313,315.5,1.5,1.2,2017-01-30,03:20,T,41,5.0       ,301.2,9.8
13.71,104.563,318.9,1.4,1.2,2017-01-30,03:20,T,70,5.0       ,303.1,16.6
13.374,107.019,315.7,1,1,2017-01-30,03:20,T,64,5.0       ,299.3,10.1
13.683,104.689,323.7,1.4,1.2,2017-01-30,03:20,T,77,5.0       ,301.5,27.4
13.681,104.702,316.7,1.4,1.2,2017-01-30,03:20,T,66,5.0       ,302,13.1
13.575,105.199,315.6,1.3,1.1,2017-01-30,03:20,T,44,5.0       ,301.9,8.8
13.591,104.848,321.9,1.3,1.1,2017-01-30,03:20,T,75,5.0       ,302.6,19.2
13.277,106.861,317.6,1.1,1,2017-01-30,03:20,T,64,5.0       ,300.2,10.7
13.624,104.181,319.5,1.5,1.2,2017-01-30,03:20,T,71,5.0       ,303.2,21.1
13.621,104.174,352.2,1.5,1.2,2017-01-30,03:20,T,96,5.0       ,303.8,122.7
13.619,104.188,333.6,1.5,1.2,2017-01-30,03:20,T,86,5.0       ,302.6,56.5
13.476,105.25,313.5,1.3,1.1,2017-01-30,03:20,T,58,5.0       ,301.1,9.6
13.539,104.631,315.7,1.4,1.2,2017-01-30,03:20,T,64,5.0       ,301.2,15.5
13.255,106.693,321.8,1.1,1,2017-01-30,03:20,T,42,5.0       ,301.6,14.8
13.247,106.682,355.2,1.1,1,2017-01-30,03:20,T,98,5.0       ,302.3,82.7
13.246,106.692,325.7,1.1,1,2017-01-30,03:20,T,55,5.0       ,301.7,20.3
13.239,106.671,318.5,1.1,1,2017-01-30,03:20,T,52,5.0       ,299,13
13.238,106.681,332.3,1.1,1,2017-01-30,03:20,T,85,5.0       ,301.4,33.2
13.233,106.72,317.1,1.1,1,2017-01-30,03:20,T,59,5.0       ,298,11.2
13.163,107.083,319.8,1,1,2017-01-30,03:20,T,64,5.0       ,300.7,9.8
13.501,104.43,322.7,1.4,1.2,2017-01-30,03:20,T,75,5.0       ,300.4,26.7
13.499,104.443,315.1,1.4,1.2,2017-01-30,03:20,T,30,5.0       ,301.9,12.9
13.05,107.741,317.4,1,1,2017-01-30,03:20,T,68,5.0       ,297.7,11.9
13.505,104.437,328.3,1.4,1.2,2017-01-30,03:20,T,81,5.0       ,302.3,40.3
13.659,102.806,321.4,1.9,1.3,2017-01-30,03:20,T,74,5.0       ,302.6,24.3
13.355,105.012,320.8,1.3,1.1,2017-01-30,03:20,T,63,5.0       ,304.2,19.1
13.063,107.004,320.1,1,1,2017-01-30,03:20,T,72,5.0       ,300.6,11
13.299,104.739,314,1.4,1.2,2017-01-30,03:20,T,60,5.0       ,302,11.7
13.463,102.821,328.7,1.9,1.3,2017-01-30,03:20,T,82,5.0       ,305.7,44.4
12.914,106.892,332.1,1.1,1,2017-01-30,03:20,T,84,5.0       ,300.5,34.5
12.912,106.901,319.8,1,1,2017-01-30,03:20,T,72,5.0       ,298.4,17
12.986,106.24,319.5,1.1,1.1,2017-01-30,03:20,T,58,5.0       ,300.8,13.2
12.981,106.233,322.4,1.1,1.1,2017-01-30,03:20,T,75,5.0       ,300.6,17.6
12.91,106.599,318.3,1.1,1,2017-01-30,03:20,T,50,5.0       ,300.8,11
13.449,102.493,318.6,2,1.4,2017-01-30,03:20,T,70,5.0       ,302.6,16.5
12.901,106.597,318.7,1.1,1,2017-01-30,03:20,T,58,5.0       ,299.4,12.6
12.841,106.619,317.7,1.1,1,2017-01-30,03:20,T,54,5.0       ,295.5,14.7
12.833,106.36,311.5,1.1,1,2017-01-30,03:20,T,39,5.0       ,295.7,9.5
12.725,106.267,316.6,1.1,1,2017-01-30,03:20,T,62,5.0       ,301.2,9.8
12.641,106.279,321,1.1,1,2017-01-30,03:20,T,73,5.0       ,294.8,19.7
12.64,106.289,324.2,1.1,1,2017-01-30,03:20,T,77,5.0       ,296.7,23.8
12.519,106.696,316.1,1.1,1,2017-01-30,03:20,T,47,5.0       ,300.4,10.8
12.343,106.44,319.4,1.1,1,2017-01-30,03:20,T,48,5.0       ,301.7,10.9
12.333,106.439,356.7,1.1,1,2017-01-30,03:20,T,98,5.0       ,299.1,84.5
12.332,106.449,332.7,1.1,1,2017-01-30,03:20,T,85,5.0       ,298.6,30.3
12.246,106.539,314.9,1.1,1,2017-01-30,03:20,T,53,5.0       ,297.6,8.8
13.829,104.312,325.9,1,1,2017-01-30,06:25,A,47,5.0       ,305.5,13.8
13.813,104.201,317,1,1,2017-01-30,06:25,A,59,5.0       ,302,7.5
13.811,104.192,329.3,1,1,2017-01-30,06:25,A,82,5.0       ,303.1,23.3
13.881,104.613,320.4,1,1,2017-01-30,06:25,A,17,5.0       ,304.5,8.9
13.827,104.237,336.5,1,1,2017-01-30,06:25,A,78,5.0       ,304.1,30.1
13.585,102.6,323,1.1,1.1,2017-01-30,06:25,A,76,5.0       ,298.8,16.7
14.053,105.76,326.2,1,1,2017-01-30,06:25,A,48,5.0       ,301.9,22.1
13.837,104.238,324.2,1,1,2017-01-30,06:25,A,44,5.0       ,303.7,13.5
14.012,105.394,321.8,1,1,2017-01-30,06:25,A,74,5.0       ,303.5,15.1
13.877,104.448,337.7,1,1,2017-01-30,06:25,A,71,5.0       ,297.9,34.9
13.858,104.319,326.1,1,1,2017-01-30,06:25,A,79,5.0       ,305.5,16.9
13.845,104.227,323.4,1,1,2017-01-30,06:25,A,47,5.0       ,304.4,11.9
13.827,104.108,327.7,1,1,2017-01-30,06:25,A,81,5.0       ,309.2,17.1
13.863,104.29,328.8,1,1,2017-01-30,06:25,A,64,5.0       ,303.8,18.4
13.862,104.281,325.5,1,1,2017-01-30,06:25,A,31,5.0       ,304.4,15
13.807,103.845,320.4,1,1,2017-01-30,06:25,A,73,5.0       ,306,10.2
13.705,103.159,328.6,1.1,1,2017-01-30,06:25,A,82,5.0       ,309.8,17.4
14.149,106.186,334.5,1.1,1,2017-01-30,06:25,A,86,5.0       ,299.7,34.7
14.148,106.176,321.8,1.1,1,2017-01-30,06:25,A,38,5.0       ,300.5,15.9
14.071,105.623,322.1,1,1,2017-01-30,06:25,A,75,5.0       ,297.8,18
13.898,104.407,322.8,1,1,2017-01-30,06:25,A,63,5.0       ,301.7,11.5
13.88,104.278,319.7,1,1,2017-01-30,06:25,A,72,5.0       ,303.6,9.9
13.872,104.223,323.1,1,1,2017-01-30,06:25,A,61,5.0       ,306,13
13.903,104.378,326.3,1,1,2017-01-30,06:25,A,79,5.0       ,299,17.2
13.902,104.369,340.3,1,1,2017-01-30,06:25,A,90,5.0       ,301.9,40
13.97,104.78,324.1,1,1,2017-01-30,06:25,A,77,5.0       ,301.8,18.2
13.969,104.771,316,1,1,2017-01-30,06:25,A,57,5.0       ,299.4,9.1
13.786,103.511,328.4,1,1,2017-01-30,06:25,A,81,5.0       ,306.1,21.7
13.758,103.329,332.1,1.1,1,2017-01-30,06:25,A,84,5.0       ,309.9,24
14.137,105.893,320.9,1,1,2017-01-30,06:25,A,73,5.0       ,304.1,11.8
14.18,106.142,313,1.1,1,2017-01-30,06:25,A,30,5.0       ,293.4,8.5
13.942,104.457,336,1,1,2017-01-30,06:25,A,87,5.0       ,297,36.4
13.904,104.19,327.4,1,1,2017-01-30,06:25,A,80,5.0       ,304.1,17.8
13.705,102.844,320.2,1.1,1,2017-01-30,06:25,A,72,5.0       ,299.8,12.7
14.202,106.228,321.4,1.1,1,2017-01-30,06:25,A,61,5.0       ,295.5,15.9
13.921,104.244,318.4,1,1,2017-01-30,06:25,A,58,5.0       ,303.4,9.2
13.914,104.198,325,1,1,2017-01-30,06:25,A,78,5.0       ,304.4,15.1
13.913,104.189,326.8,1,1,2017-01-30,06:25,A,80,5.0       ,305.5,16.1
13.905,104.133,342.9,1,1,2017-01-30,06:25,A,91,5.0       ,306.3,43.8
13.903,104.124,322,1,1,2017-01-30,06:25,A,69,5.0       ,304.6,11.3
13.914,104.136,325.7,1,1,2017-01-30,06:25,A,62,5.0       ,304.8,15.9
13.913,104.126,336.3,1,1,2017-01-30,06:25,A,87,5.0       ,306.9,32.8
13.86,103.773,328.4,1,1,2017-01-30,06:25,A,78,5.0       ,307.3,20.2
13.947,104.3,325.5,1,1,2017-01-30,06:25,A,70,5.0       ,303.6,14.7
13.778,103.161,327.7,1.1,1,2017-01-30,06:25,A,75,5.0       ,309.1,16.5
14.044,104.913,326.9,1,1,2017-01-30,06:25,A,70,5.0       ,302,19.1
13.98,104.464,329.3,1,1,2017-01-30,06:25,A,82,5.0       ,303.7,25.6
13.936,104.16,386.7,1,1,2017-01-30,06:25,A,100,5.0       ,310.6,176.3
13.935,104.151,377.5,1,1,2017-01-30,06:25,A,94,5.0       ,307.6,137.4
14.047,104.865,320.7,1,1,2017-01-30,06:25,A,66,5.0       ,299.1,13.2
13.985,104.435,321.7,1,1,2017-01-30,06:25,A,70,5.0       ,297.6,13
13.946,104.168,351.2,1,1,2017-01-30,06:25,A,96,5.0       ,307.3,60
13.945,104.159,343.5,1,1,2017-01-30,06:25,A,92,5.0       ,304.7,42.8
13.955,104.167,327.8,1,1,2017-01-30,06:25,A,67,5.0       ,306.2,19.1
14.075,104.936,321.7,1,1,2017-01-30,06:25,A,55,5.0       ,304.9,12.3
13.986,104.256,325.2,1,1,2017-01-30,06:25,A,63,5.0       ,303.6,16.5
14.019,104.42,323.2,1,1,2017-01-30,06:25,A,57,5.0       ,298.6,15.9
13.995,104.255,324.1,1,1,2017-01-30,06:25,A,77,5.0       ,301.1,16.9
13.721,102.406,319.7,1.1,1.1,2017-01-30,06:25,A,71,5.0       ,300.2,11.7
13.987,104.134,331.3,1,1,2017-01-30,06:25,A,84,5.0       ,306.7,24.2
14.154,105.162,325.5,1,1,2017-01-30,06:25,A,79,5.0       ,303,19.8
13.939,103.677,320.8,1,1,2017-01-30,06:25,A,69,5.0       ,300.7,12.1
14.037,104.279,325.9,1,1,2017-01-30,06:25,A,79,5.0       ,306.3,17
14.034,104.261,319.3,1,1,2017-01-30,06:25,A,37,5.0       ,302.2,9.1
13.979,103.825,354.4,1,1,2017-01-30,06:25,A,92,5.0       ,305.2,72.9
14.139,104.863,323.4,1,1,2017-01-30,06:25,A,52,5.0       ,303.9,15.1
13.963,103.654,328.1,1,1,2017-01-30,06:25,A,81,5.0       ,303.1,20.3
14.041,103.996,323.7,1,1,2017-01-30,06:25,A,69,5.0       ,306,14.5
14.04,103.986,321.4,1,1,2017-01-30,06:25,A,71,5.0       ,304.2,12.9
14.025,103.884,324.7,1,1,2017-01-30,06:25,A,66,5.0       ,304.9,15.4
14.004,103.744,328.1,1,1,2017-01-30,06:25,A,81,5.0       ,307,20.5
14.003,103.735,324.9,1,1,2017-01-30,06:25,A,78,5.0       ,308.1,15.5
14.078,104.188,325.9,1,1,2017-01-30,06:25,A,49,5.0       ,305.3,13.9
14.073,104.151,365.4,1,1,2017-01-30,06:25,A,100,5.0       ,307.9,101.4
14.072,104.142,337.7,1,1,2017-01-30,06:25,A,88,5.0       ,306,36.7
14.064,104.087,325.6,1,1,2017-01-30,06:25,A,79,5.0       ,304.9,17.6
14.062,104.078,338,1,1,2017-01-30,06:25,A,89,5.0       ,305.9,37.1
14.061,104.068,320.8,1,1,2017-01-30,06:25,A,40,5.0       ,304.5,11.1
14.034,103.883,332.9,1,1,2017-01-30,06:25,A,85,5.0       ,304.4,26
14.006,103.696,333.6,1,1,2017-01-30,06:25,A,86,5.0       ,306.2,25.4
14.133,104.499,320.1,1,1,2017-01-30,06:25,A,72,5.0       ,301.1,11.7
14.067,104.048,331.4,1,1,2017-01-30,06:25,A,84,5.0       ,308.7,25.6
14.066,104.039,322.9,1,1,2017-01-30,06:25,A,70,5.0       ,308.4,13.8
14.138,104.47,328.7,1,1,2017-01-30,06:25,A,82,5.0       ,302.9,22
14.134,104.443,316.3,1,1,2017-01-30,06:25,A,64,5.0       ,302.6,6.6
14.098,104.195,358.1,1,1,2017-01-30,06:25,A,99,5.0       ,309.6,77.8
14.094,104.167,347.9,1,1,2017-01-30,06:25,A,94,5.0       ,307.3,53.6
14.092,104.158,343.8,1,1,2017-01-30,06:25,A,92,5.0       ,306.9,44.6
14.091,104.149,334,1,1,2017-01-30,06:25,A,86,5.0       ,307.1,27.2
14.076,104.047,322.2,1,1,2017-01-30,06:25,A,47,5.0       ,306.5,11.4
14.075,104.038,326.8,1,1,2017-01-30,06:25,A,80,5.0       ,306.1,17.9
14.055,103.899,328.8,1,1,2017-01-30,06:25,A,51,5.0       ,306.7,16.1
14.053,103.889,332.2,1,1,2017-01-30,06:25,A,79,5.0       ,306.7,21.6
14.013,103.617,330.7,1,1,2017-01-30,06:25,A,49,5.0       ,307.2,21
14.061,103.882,327.9,1,1,2017-01-30,06:25,A,68,5.0       ,308.4,16.2
14.164,104.526,357,1,1,2017-01-30,06:25,A,98,5.0       ,303.3,76.1
14.132,104.306,319.7,1,1,2017-01-30,06:25,A,66,5.0       ,304.3,8.4
14.131,104.297,319,1,1,2017-01-30,06:25,A,68,5.0       ,303.7,7.7
14.085,103.983,338.6,1,1,2017-01-30,06:25,A,89,5.0       ,307.2,37.1
14.084,103.974,325.7,1,1,2017-01-30,06:25,A,77,5.0       ,305.7,16.5
14.064,103.844,343.7,1,1,2017-01-30,06:25,A,92,5.0       ,310.2,42.2
14.063,103.834,328.7,1,1,2017-01-30,06:25,A,26,5.0       ,310.5,16.8
14.21,104.781,333.4,1,1,2017-01-30,06:25,A,85,5.0       ,305.2,25.7
14.178,104.562,335.5,1,1,2017-01-30,06:25,A,84,5.0       ,308.4,29.8
14.177,104.552,337.5,1,1,2017-01-30,06:25,A,88,5.0       ,308.2,32
14.17,104.507,325.4,1,1,2017-01-30,06:25,A,67,5.0       ,307.5,16.4
14.122,104.176,358.7,1,1,2017-01-30,06:25,A,99,5.0       ,308,81.3
14.121,104.167,348,1,1,2017-01-30,06:25,A,94,5.0       ,307,54.6
13.968,103.139,328.5,1.1,1,2017-01-30,06:25,A,70,5.0       ,304.4,16
14.212,104.734,330.2,1,1,2017-01-30,06:25,A,83,5.0       ,306.8,19.1
14.181,104.514,329,1,1,2017-01-30,06:25,A,60,5.0       ,303.6,17.2
14.179,104.505,328.7,1,1,2017-01-30,06:25,A,56,5.0       ,305,18.3
14.096,103.934,325.5,1,1,2017-01-30,06:25,A,70,5.0       ,308.2,14.1
13.989,103.215,326.7,1.1,1,2017-01-30,06:25,A,80,5.0       ,302.9,18
13.978,103.137,324.3,1.1,1,2017-01-30,06:25,A,56,5.0       ,304,9.7
14.221,104.733,335.2,1,1,2017-01-30,06:25,A,87,5.0       ,307.8,26.5
14.22,104.724,325.2,1,1,2017-01-30,06:25,A,33,5.0       ,306.4,11.2
14.218,104.715,341.5,1,1,2017-01-30,06:25,A,91,5.0       ,306.5,38.3
14.217,104.705,326.4,1,1,2017-01-30,06:25,A,48,5.0       ,307.3,13.5
14.212,104.669,321.4,1,1,2017-01-30,06:25,A,61,5.0       ,303.6,11.5
14.138,104.155,331.2,1,1,2017-01-30,06:25,A,84,5.0       ,308.4,22.9
14.131,104.108,324.2,1,1,2017-01-30,06:25,A,73,5.0       ,309.9,10.9
14.123,104.053,327.4,1,1,2017-01-30,06:25,A,80,5.0       ,309.2,15.8
14.121,104.044,320.9,1,1,2017-01-30,06:25,A,40,5.0       ,307.3,7.6
14.112,103.979,327.7,1,1,2017-01-30,06:25,A,81,5.0       ,308.5,17.1
14.111,103.97,327.6,1,1,2017-01-30,06:25,A,72,5.0       ,307.7,16.7
14.087,103.811,327.6,1,1,2017-01-30,06:25,A,68,5.0       ,309,14.9
14.058,103.614,327.2,1,1,2017-01-30,06:25,A,48,5.0       ,305.1,17.3
14.264,104.97,338.4,1,1,2017-01-30,06:25,A,89,5.0       ,302.9,37.7
14.198,104.512,326.3,1,1,2017-01-30,06:25,A,36,5.0       ,303.4,14.5
14.196,104.493,319.2,1,1,2017-01-30,06:25,A,45,5.0       ,302.3,8.8
14.183,104.401,318.5,1,1,2017-01-30,06:25,A,54,5.0       ,303.4,7.4
14.181,104.392,329.4,1,1,2017-01-30,06:25,A,82,5.0       ,306.2,21.1
14.149,104.172,324.3,1,1,2017-01-30,06:25,A,74,5.0       ,307.2,13.5
13.99,103.095,322.9,1.1,1,2017-01-30,06:25,A,37,5.0       ,306.8,8.6
14.257,104.859,320.3,1,1,2017-01-30,06:25,A,72,5.0       ,303.9,10.8
14.242,104.748,325.3,1,1,2017-01-30,06:25,A,63,5.0       ,309.6,11.3
14.235,104.703,327.1,1,1,2017-01-30,06:25,A,60,5.0       ,308.9,14.1
14.234,104.693,321.9,1,1,2017-01-30,06:25,A,48,5.0       ,307.6,8.3
14.126,103.948,325.3,1,1,2017-01-30,06:25,A,22,5.0       ,306.6,12.1
14.249,104.738,326.5,1,1,2017-01-30,06:25,A,66,5.0       ,305,13.4
14.21,104.463,317.8,1,1,2017-01-30,06:25,A,58,5.0       ,301.3,8.2
14.087,103.619,346.2,1,1,2017-01-30,06:25,A,81,5.0       ,305,50.3
14.085,103.61,336.5,1,1,2017-01-30,06:25,A,74,5.0       ,304.2,32
14.233,104.562,335.8,1,1,2017-01-30,06:25,A,87,5.0       ,298.1,29.1
14.232,104.553,335.2,1,1,2017-01-30,06:25,A,87,5.0       ,299.8,27.8
14.171,104.131,327.7,1,1,2017-01-30,06:25,A,32,5.0       ,307.5,15.7
14.142,103.936,334.5,1,1,2017-01-30,06:25,A,78,5.0       ,309.5,27.3
14.177,104.111,336.8,1,1,2017-01-30,06:25,A,88,5.0       ,308.7,29.1
14.151,103.935,345.7,1,1,2017-01-30,06:25,A,93,5.0       ,309.3,49.6
14.22,104.333,338.2,1,1,2017-01-30,06:25,A,89,5.0       ,309.6,31
14.218,104.324,338.9,1,1,2017-01-30,06:25,A,81,5.0       ,310.5,31.8
14.06,103.256,329.5,1.1,1,2017-01-30,06:25,A,82,5.0       ,307.6,22.1
14.059,103.247,326.1,1.1,1,2017-01-30,06:25,A,51,5.0       ,307.9,17.8
14.518,106.409,310.3,1.1,1,2017-01-30,06:25,A,27,5.0       ,292.4,8.1
14.298,104.818,322.4,1,1,2017-01-30,06:25,A,37,5.0       ,307.9,11.3
14.259,104.543,326.1,1,1,2017-01-30,06:25,A,79,5.0       ,301.3,16.5
14.235,104.377,345.1,1,1,2017-01-30,06:25,A,93,5.0       ,307.1,46.1
14.234,104.368,334,1,1,2017-01-30,06:25,A,86,5.0       ,307,25.4
14.227,104.322,336,1,1,2017-01-30,06:25,A,87,5.0       ,302.7,28.3
14.223,104.295,330,1,1,2017-01-30,06:25,A,44,5.0       ,306.1,18.1
14.191,104.074,330.8,1,1,2017-01-30,06:25,A,74,5.0       ,308.6,19.3
14.326,104.945,323.5,1,1,2017-01-30,06:25,A,47,5.0       ,306.9,12.1
14.186,103.98,333.7,1,1,2017-01-30,06:25,A,86,5.0       ,308.2,25.7
14.08,103.263,329.6,1.1,1,2017-01-30,06:25,A,59,5.0       ,307.3,19.4
14.335,104.943,338.3,1,1,2017-01-30,06:25,A,89,5.0       ,307.3,33.2
14.253,104.375,326.1,1,1,2017-01-30,06:25,A,65,5.0       ,305.1,12.3
14.252,104.366,329.2,1,1,2017-01-30,06:25,A,82,5.0       ,306.4,16.6
14.241,104.292,341,1,1,2017-01-30,06:25,A,90,5.0       ,309.3,35.7
14.21,104.08,323.9,1,1,2017-01-30,06:25,A,69,5.0       ,306,10.7
14.197,103.988,328.4,1,1,2017-01-30,06:25,A,79,5.0       ,308.9,17.4
14.195,103.978,331.2,1,1,2017-01-30,06:25,A,84,5.0       ,306.4,22
14.155,103.708,326.5,1,1,2017-01-30,06:25,A,78,5.0       ,303.6,20
14.291,104.575,324.6,1,1,2017-01-30,06:25,A,56,5.0       ,303.6,12.3
14.29,104.566,327.5,1,1,2017-01-30,06:25,A,74,5.0       ,304.7,16.5
14.321,104.34,326.4,1,1,2017-01-30,06:25,A,53,5.0       ,306.8,13.6
14.181,103.389,326.1,1,1,2017-01-30,06:25,A,63,5.0       ,307.9,12.8
14.179,103.379,322.3,1,1,2017-01-30,06:25,A,41,5.0       ,305.9,7
14.375,104.65,321.3,1,1,2017-01-30,06:25,A,59,5.0       ,305,10.6
14.341,104.412,330.4,1,1,2017-01-30,06:25,A,71,5.0       ,309.9,21.8
14.272,103.942,328.5,1,1,2017-01-30,06:25,A,76,5.0       ,311.4,15.7
14.271,103.932,341.6,1,1,2017-01-30,06:25,A,91,5.0       ,310.9,37
14.245,103.755,328.8,1,1,2017-01-30,06:25,A,70,5.0       ,311.4,14.3
14.144,103.078,321.9,1.1,1,2017-01-30,06:25,A,59,5.0       ,304.2,7.1
13.901,101.515,318.5,1.3,1.1,2017-01-30,06:25,A,70,5.0       ,300.6,12.1
14.254,103.754,327.4,1,1,2017-01-30,06:25,A,60,5.0       ,309.9,12
14.219,103.519,332.9,1,1,2017-01-30,06:25,A,85,5.0       ,311,21.2
14.218,103.509,327.8,1,1,2017-01-30,06:25,A,81,5.0       ,311.2,12.2
14.176,103.232,323.9,1.1,1,2017-01-30,06:25,A,70,5.0       ,308.8,9.7
14.145,103.028,326.1,1.1,1,2017-01-30,06:25,A,52,5.0       ,304.1,16.5
13.177,107.147,319.5,1.1,1.1,2017-01-30,06:25,A,54,5.0       ,291.2,16.6
13.08,106.298,323.5,1.1,1,2017-01-30,06:25,A,70,5.0       ,303.5,16.3
12.571,102.725,325.6,1.1,1.1,2017-01-30,06:25,A,79,5.0       ,302,24.5
12.928,105.021,325.1,1,1,2017-01-30,06:25,A,78,5.0       ,303.6,18.2
12.932,104.922,317.7,1,1,2017-01-30,06:25,A,68,5.0       ,300.2,9
13.257,107.14,313.4,1.1,1.1,2017-01-30,06:25,A,43,5.0       ,290,10
13.024,105.44,326.5,1,1,2017-01-30,06:25,A,78,5.0       ,301.8,19.4
13.022,105.431,344.3,1,1,2017-01-30,06:25,A,92,5.0       ,303,48.1
13.228,106.78,326,1.1,1,2017-01-30,06:25,A,79,5.0       ,298.5,22.5
12.885,103.528,318.8,1.1,1,2017-01-30,06:25,A,67,5.0       ,301.9,12.6
13.432,106.997,321.3,1.1,1.1,2017-01-30,06:25,A,60,5.0       ,295.4,17.3
13.412,106.782,326.6,1.1,1,2017-01-30,06:25,A,67,5.0       ,302.9,20.6
13.411,106.772,339.4,1.1,1,2017-01-30,06:25,A,89,5.0       ,304.9,42.7
13.409,106.762,342.5,1.1,1,2017-01-30,06:25,A,86,5.0       ,304.8,48.5
13.51,107.181,319.3,1.2,1.1,2017-01-30,06:25,A,5,5.0       ,296.1,12.6
13.411,106.442,327,1.1,1,2017-01-30,06:25,A,63,5.0       ,301.8,22.6
12.899,102.837,328.9,1.1,1.1,2017-01-30,06:25,A,82,5.0       ,295.6,28.6
14.14,102.928,327.4,1.1,1,2017-01-30,06:25,A,80,5.0       ,300,22.7
14.338,104.205,329.5,1,1,2017-01-30,06:25,A,82,5.0       ,306.8,22
14.283,103.826,324.2,1,1,2017-01-30,06:25,A,62,5.0       ,310.7,11.1
14.296,103.852,332.2,1,1,2017-01-30,06:25,A,82,5.0       ,311.4,21.4
14.306,103.86,340.3,1,1,2017-01-30,06:25,A,90,5.0       ,311.4,37.4
14.305,103.851,329.3,1,1,2017-01-30,06:25,A,59,5.0       ,310.8,17.5
14.295,103.786,327.7,1,1,2017-01-30,06:25,A,80,5.0       ,309.4,18.5
14.324,103.857,328.6,1,1,2017-01-30,06:25,A,64,5.0       ,304.2,21.9
14.259,103.415,329.1,1,1,2017-01-30,06:25,A,44,5.0       ,308.3,19.1
14.261,103.301,330.4,1,1,2017-01-30,06:25,A,78,5.0       ,305.7,20.6
14.351,103.722,322.3,1,1,2017-01-30,06:25,A,47,5.0       ,307,9
26.285,102.24,312.1,1,1,2017-01-30,06:30,A,53,5.0       ,296.5,9
26.563,101.669,315.1,1,1,2017-01-30,06:30,A,45,5.0       ,301.8,10.5
26.199,99.302,319.7,1.1,1.1,2017-01-30,06:30,A,71,5.0       ,290.9,27
26.572,101.667,327.1,1,1,2017-01-30,06:30,A,80,5.0       ,302.3,24.5
26.57,101.657,315,1,1,2017-01-30,06:30,A,49,5.0       ,298.5,9.8
27.029,101.778,317.1,1,1,2017-01-30,06:30,A,67,5.0       ,294,18.5
13.511,102.366,318.8,1.2,1.1,2017-01-30,06:25,A,67,5.0       ,299.9,9.8
14.003,105.668,326.6,1,1,2017-01-30,06:25,A,66,5.0       ,303.9,22.5
13.831,104.452,315.6,1,1,2017-01-30,06:25,A,48,5.0       ,289.9,7.9
13.829,104.443,339.9,1,1,2017-01-30,06:25,A,90,5.0       ,294.7,42.3
13.824,104.406,338.5,1,1,2017-01-30,06:25,A,89,5.0       ,301.1,39
13.823,104.397,318.2,1,1,2017-01-30,06:25,A,54,5.0       ,299.4,9.6
13.781,104.112,322.7,1,1,2017-01-30,06:25,A,57,5.0       ,307.7,10.2
13.764,103.991,319,1,1,2017-01-30,06:25,A,70,5.0       ,304.8,8.6
13.762,103.982,338.5,1,1,2017-01-30,06:25,A,89,5.0       ,306.4,38
13.81,104.249,331.2,1,1,2017-01-30,06:25,A,72,5.0       ,305.7,22.1
13.608,102.877,319,1.1,1,2017-01-30,06:25,A,44,5.0       ,299.1,14.8
13.966,105.275,323.9,1,1,2017-01-30,06:25,A,77,5.0       ,303.7,17.5
13.965,105.266,323.4,1,1,2017-01-30,06:25,A,76,5.0       ,303.7,17
13.908,104.861,320.3,1,1,2017-01-30,06:25,A,72,5.0       ,304.8,11.5
13.906,104.852,318.7,1,1,2017-01-30,06:25,A,52,5.0       ,304.5,9.9
14.335,103.61,324.4,1,1,2017-01-30,06:25,A,77,5.0       ,307.2,10.9
14.826,106.973,326.7,1.2,1.1,2017-01-30,06:25,A,80,5.0       ,307.9,16.6
14.384,103.631,322.2,1,1,2017-01-30,06:25,A,61,5.0       ,307.6,10.4
14.205,101.893,315.5,1.2,1.1,2017-01-30,06:25,A,56,5.0       ,301.9,13.1
14.134,101.239,341.9,1.3,1.1,2017-01-30,06:25,A,91,5.0       ,307.6,56
14.132,101.226,330,1.3,1.1,2017-01-30,06:25,A,79,5.0       ,306.2,25.4
14.405,102.662,326.2,1.1,1,2017-01-30,06:25,A,68,5.0       ,308.5,15.7
14.864,105.575,319.3,1,1,2017-01-30,06:25,A,61,5.0       ,303.2,13.3
14.473,102.82,324.8,1.1,1,2017-01-30,06:25,A,78,5.0       ,304.2,16.2
14.554,103.167,323,1.1,1,2017-01-30,06:25,A,67,5.0       ,307.3,9.4
14.563,103.166,326.7,1.1,1,2017-01-30,06:25,A,80,5.0       ,307.6,14.9
14.935,105.222,324.1,1,1,2017-01-30,06:25,A,74,5.0       ,308.8,10.5
14.571,102.664,321.9,1.1,1,2017-01-30,06:25,A,64,5.0       ,301.3,12.5
15.066,105.571,321.8,1,1,2017-01-30,06:25,A,59,5.0       ,309.4,9.3
14.655,102.614,323.9,1.1,1,2017-01-30,06:25,A,76,5.0       ,297.8,16.2
14.635,102.482,328.7,1.1,1.1,2017-01-30,06:25,A,82,5.0       ,308.9,19.9
15.118,105.612,323.4,1,1,2017-01-30,06:25,A,70,5.0       ,309.8,6.8
15.135,105.535,331.6,1,1,2017-01-30,06:25,A,82,5.0       ,312.1,21.2
15.091,104.958,336.7,1,1,2017-01-30,06:25,A,88,5.0       ,307.1,31.1
15.09,104.949,329.5,1,1,2017-01-30,06:25,A,82,5.0       ,308.7,19.2
14.399,100.328,314.9,1.5,1.2,2017-01-30,06:25,A,62,5.0       ,298,17.6
14.841,102.937,325.5,1.1,1,2017-01-30,06:25,A,68,5.0       ,306.7,16.2
15.171,105.007,319.8,1,1,2017-01-30,06:25,A,54,5.0       ,305.4,9.2
14.877,102.861,319.6,1.1,1,2017-01-30,06:25,A,58,5.0       ,298.6,9.5
15.271,105.528,319.9,1,1,2017-01-30,06:25,A,71,5.0       ,303.6,10
14.673,101.21,319.5,1.3,1.1,2017-01-30,06:25,A,60,5.0       ,303.9,11.8
15.363,105.792,327.2,1.1,1,2017-01-30,06:25,A,80,5.0       ,307.6,18.1
15.3,105.066,344.4,1,1,2017-01-30,06:25,A,92,5.0       ,304.3,49.6
15.298,105.057,324.2,1,1,2017-01-30,06:25,A,76,5.0       ,303.6,15.9
15.027,102.885,321.8,1.1,1,2017-01-30,06:25,A,44,5.0       ,301.2,11.9
15.49,105.987,338.9,1.1,1,2017-01-30,06:25,A,89,5.0       ,307.5,38.7
15.489,105.977,376.8,1.1,1,2017-01-30,06:25,A,100,5.0       ,309.8,150.3
15.566,106.127,323.5,1.1,1,2017-01-30,06:25,A,77,5.0       ,304.3,17.9
15.56,106.03,325.3,1.1,1,2017-01-30,06:25,A,78,5.0       ,308.9,16.6
15.449,105.079,323.2,1,1,2017-01-30,06:25,A,76,5.0       ,309.4,9.5
15.228,102.556,326.1,1.1,1,2017-01-30,06:25,A,66,5.0       ,306.5,18.4
15.236,102.544,342.3,1.1,1,2017-01-30,06:25,A,91,5.0       ,308.1,47.3
15.234,102.534,342.6,1.1,1,2017-01-30,06:25,A,91,5.0       ,302.3,48.7
15.5,104.274,318.8,1,1,2017-01-30,06:25,A,54,5.0       ,305.3,9.6
15.241,102.536,328.6,1.1,1,2017-01-30,06:25,A,82,5.0       ,305,21.8
15.028,100.863,322.6,1.3,1.1,2017-01-30,06:25,A,57,5.0       ,307.4,15.8
15.565,104.217,333.9,1,1,2017-01-30,06:25,A,86,5.0       ,305.9,28.9
15.564,104.208,350.2,1,1,2017-01-30,06:25,A,95,5.0       ,308.5,59.3
15.169,101.045,320.9,1.3,1.1,2017-01-30,06:25,A,14,5.0       ,304.3,13
15.411,102.482,321.8,1.1,1,2017-01-30,06:25,A,50,5.0       ,304.9,11.6
15.391,101.872,322.4,1.2,1.1,2017-01-30,06:25,A,66,5.0       ,301.4,15.6
15.31,101.095,321.9,1.3,1.1,2017-01-30,06:25,A,49,5.0       ,303.1,14.8
15.668,102.667,325.8,1.1,1,2017-01-30,06:25,A,49,5.0       ,299.5,21.4
15.487,101.368,342,1.2,1.1,2017-01-30,06:25,A,86,5.0       ,301.6,60.4
15.485,101.356,334.3,1.2,1.1,2017-01-30,06:25,A,74,5.0       ,305,41.9
15.41,100.747,333.5,1.4,1.2,2017-01-30,06:25,A,77,5.0       ,310.7,37.5
15.42,100.745,333.2,1.4,1.2,2017-01-30,06:25,A,76,5.0       ,308.4,36.3
15.916,103.971,321,1,1,2017-01-30,06:25,A,62,5.0       ,302.2,12.1
15.418,100.753,331.6,1.3,1.2,2017-01-30,06:25,A,66,5.0       ,310,30.7
15.416,100.74,331.1,1.4,1.2,2017-01-30,06:25,A,61,5.0       ,310.2,30.4
15.872,103.541,321.5,1,1,2017-01-30,06:25,A,74,5.0       ,307.1,9.2
15.589,101.688,319.4,1.2,1.1,2017-01-30,06:25,A,59,5.0       ,299.8,11.7
15.701,102.095,323.8,1.1,1.1,2017-01-30,06:25,A,77,5.0       ,306.8,15.3
15.84,102.049,321.8,1.1,1.1,2017-01-30,06:25,A,74,5.0       ,306.4,12
15.871,101.843,327.7,1.2,1.1,2017-01-30,06:25,A,81,5.0       ,306.1,23.9
15.87,101.832,324.4,1.2,1.1,2017-01-30,06:25,A,78,5.0       ,305.6,18.9
16.169,103.675,321.2,1,1,2017-01-30,06:25,A,71,5.0       ,305,10.1
15.739,100.562,345,1.4,1.2,2017-01-30,06:25,A,93,5.0       ,302.7,71.9
15.934,101.662,321.3,1.2,1.1,2017-01-30,06:25,A,54,5.0       ,295.3,19.2
16.293,103.84,331.5,1,1,2017-01-30,06:25,A,84,5.0       ,309.1,20.5
15.724,99.905,315.6,1.5,1.2,2017-01-30,06:25,A,54,5.0       ,301.9,14.5
16.266,103.338,334.8,1,1,2017-01-30,06:25,A,86,5.0       ,307.4,30.8
16.264,103.328,339,1,1,2017-01-30,06:25,A,89,5.0       ,306.3,39.8
16.543,104.81,318.6,1,1,2017-01-30,06:25,A,58,5.0       ,301.5,9.7
16.541,104.801,317.4,1,1,2017-01-30,06:25,A,50,5.0       ,301.8,8.3
16.57,104.873,327.9,1,1,2017-01-30,06:25,A,81,5.0       ,307.4,18.2
16.569,104.864,341.9,1,1,2017-01-30,06:25,A,91,5.0       ,307.3,40.9
16.463,103.801,319.4,1,1,2017-01-30,06:25,A,55,5.0       ,301.4,8.4
16.544,104.176,322.4,1,1,2017-01-30,06:25,A,75,5.0       ,305,12
16.585,104.331,319.9,1,1,2017-01-30,06:25,A,60,5.0       ,304.8,8.7
16.595,103.697,344,1,1,2017-01-30,06:25,A,87,5.0       ,299.6,46.6
16.14,100.698,325.4,1.3,1.1,2017-01-30,06:25,A,78,5.0       ,305.9,20.8
16.138,100.685,327.9,1.3,1.1,2017-01-30,06:25,A,81,5.0       ,305.4,26.2
16.773,104.814,317.8,1,1,2017-01-30,06:25,A,28,5.0       ,300.6,8.1
16.752,104.274,324.4,1,1,2017-01-30,06:25,A,66,5.0       ,303.2,17.5
16.638,102.984,320.6,1,1,2017-01-30,06:25,A,70,5.0       ,298.5,15
16.673,102.855,321.4,1,1,2017-01-30,06:25,A,47,5.0       ,302,14.6
16.849,103.61,322.1,1,1,2017-01-30,06:25,A,31,5.0       ,305.3,15.4
16.935,103.942,327.8,1,1,2017-01-30,06:25,A,81,5.0       ,302.4,21.6
16.378,100.216,318,1.4,1.2,2017-01-30,06:25,A,61,5.0       ,301.4,17.9
16.382,100.175,324.3,1.4,1.2,2017-01-30,06:25,A,77,5.0       ,307.2,25.5
16.942,103.674,333.3,1,1,2017-01-30,06:25,A,85,5.0       ,306.4,23.3
16.941,103.665,328.4,1,1,2017-01-30,06:25,A,81,5.0       ,305.3,16.1
16.939,103.656,337.6,1,1,2017-01-30,06:25,A,88,5.0       ,307.3,31.4
16.99,103.943,322.2,1,1,2017-01-30,06:25,A,50,5.0       ,303.7,13
17.003,103.716,322.8,1,1,2017-01-30,06:25,A,66,5.0       ,303.4,15.4
16.858,102.422,318.1,1.1,1,2017-01-30,06:25,A,42,5.0       ,304.3,9.9
16.856,102.412,338.8,1.1,1,2017-01-30,06:25,A,0,5.0       ,305.5,42.7
17.209,103.49,333,1,1,2017-01-30,06:25,A,85,5.0       ,302.6,27.3
17.208,103.48,335.1,1,1,2017-01-30,06:25,A,87,5.0       ,303.6,31.1
17.368,104.134,337.8,1,1,2017-01-30,06:25,A,88,5.0       ,307.4,36.8
16.584,97.886,318.3,2.1,1.4,2017-01-30,06:25,A,56,5.0       ,291.4,29.5
16.581,97.867,316.2,2.1,1.4,2017-01-30,06:25,A,41,5.0       ,293.6,22
17.518,103.578,326.4,1,1,2017-01-30,06:25,A,67,5.0       ,304.4,17.9
17.516,103.569,326.5,1,1,2017-01-30,06:25,A,62,5.0       ,305.5,17.2
16.586,97.881,320.9,2.1,1.4,2017-01-30,06:25,A,55,5.0       ,291.6,36.2
17.395,102.377,322.2,1.1,1,2017-01-30,06:25,A,75,5.0       ,306.2,12.2
16.368,96.153,327.4,2.8,1.6,2017-01-30,06:25,A,80,5.0       ,311,73.8
17.536,103.201,326.6,1,1,2017-01-30,06:25,A,80,5.0       ,305.7,18.2
16.357,96.148,322.2,2.8,1.6,2017-01-30,06:25,A,63,5.0       ,311.4,40.1
17.665,103.891,326.6,1,1,2017-01-30,06:25,A,37,5.0       ,306.9,16.7
16.371,96.145,323.5,2.8,1.6,2017-01-30,06:25,A,76,5.0       ,311.1,48.4
17.816,104.378,317.3,1,1,2017-01-30,06:25,A,68,5.0       ,297.2,12
17.706,103.171,324.4,1,1,2017-01-30,06:25,A,77,5.0       ,306.3,14.1
18.108,104.562,329.1,1,1,2017-01-30,06:25,A,82,5.0       ,304.4,21.8
18.025,103.456,322.2,1,1,2017-01-30,06:25,A,75,5.0       ,305.7,12.2
18.02,103.361,322.2,1,1,2017-01-30,06:25,A,75,5.0       ,305.1,12
18.019,103.351,321.7,1,1,2017-01-30,06:25,A,74,5.0       ,304.9,11.4
18.059,103.001,326.4,1,1,2017-01-30,06:25,A,80,5.0       ,304,20
17.715,100.484,316.7,1.3,1.1,2017-01-30,06:25,A,37,5.0       ,301.7,13.2
18.15,102.622,317.2,1,1,2017-01-30,06:25,A,33,5.0       ,301.8,10.2
18.24,102.541,315.5,1,1,2017-01-30,06:25,A,51,5.0       ,301,7.4
18.586,103.961,327.5,1,1,2017-01-30,06:25,A,69,5.0       ,306,23.5
18.595,103.96,334.4,1,1,2017-01-30,06:25,A,86,5.0       ,304.8,34.6
18.594,103.951,323.4,1,1,2017-01-30,06:25,A,65,5.0       ,302.8,18.9
18.443,102.178,314.9,1.1,1,2017-01-30,06:25,A,62,5.0       ,299.3,10.9
17.813,98.195,313.9,1.8,1.3,2017-01-30,06:25,A,52,5.0       ,293.8,34.4
18.764,103.662,312.3,1,1,2017-01-30,06:25,A,49,5.0       ,300.5,6.6
18.846,103.278,325.4,1,1,2017-01-30,06:25,A,79,5.0       ,298.7,26.8
18.857,103.28,310.6,1,1,2017-01-30,06:25,A,41,5.0       ,296.7,11.8
19.027,103.573,318.8,1,1,2017-01-30,06:25,A,70,5.0       ,299.6,16.1
19.024,103.429,316.8,1,1,2017-01-30,06:25,A,67,5.0       ,300.9,11.6
19.004,100.979,316.2,1.2,1.1,2017-01-30,06:25,A,53,5.0       ,296.6,16.6
19.411,101.217,349.6,1.1,1.1,2017-01-30,06:30,A,90,5.0       ,294.7,75.8
18.847,97.325,318.9,2,1.4,2017-01-30,06:30,A,70,5.0       ,303.9,29.8
19.164,97.265,316.4,2,1.4,2017-01-30,06:30,A,66,5.0       ,302.9,23.6
19.17,97.277,318.6,2,1.4,2017-01-30,06:30,A,70,5.0       ,302.7,27.7
19.201,97.233,319.5,2,1.4,2017-01-30,06:30,A,71,5.0       ,301.8,42
19.268,97.395,317.1,2,1.4,2017-01-30,06:30,A,35,5.0       ,301.9,28.2
19.28,97.394,321.3,2,1.4,2017-01-30,06:30,A,74,5.0       ,300.4,41.4
19.271,97.391,325.9,2,1.4,2017-01-30,06:30,A,79,5.0       ,301.8,57.5
20.573,105.542,310.9,1.1,1.1,2017-01-30,06:30,A,42,5.0       ,293.6,11.4
20.711,104.563,313.7,1,1,2017-01-30,06:30,A,56,5.0       ,290.9,15.5
20.709,104.553,327.6,1,1,2017-01-30,06:30,A,70,5.0       ,289.5,33.6
20.047,99.376,312.9,1.4,1.2,2017-01-30,06:30,A,48,5.0       ,300.6,12.9
19.989,98.159,317.7,1.7,1.3,2017-01-30,06:30,A,68,5.0       ,300.5,34.1
21.115,103.236,317.2,1,1,2017-01-30,06:30,A,30,5.0       ,293.3,15.5
21.564,103.876,312.4,1,1,2017-01-30,06:30,A,37,5.0       ,299.2,9.9
22.194,108.898,310.4,1.9,1.4,2017-01-30,06:30,A,38,5.0       ,293.2,25.1
22.192,108.879,324.3,1.9,1.4,2017-01-30,06:30,A,77,5.0       ,293.4,65.9
21.771,104.95,312.6,1.1,1,2017-01-30,06:30,A,55,5.0       ,295.7,13.2
21.557,103.045,312.8,1,1,2017-01-30,06:30,A,56,5.0       ,293.7,11.4
21.026,99.274,312.6,1.4,1.2,2017-01-30,06:30,A,52,5.0       ,295.2,19.5
22.092,106.194,312.1,1.3,1.1,2017-01-30,06:30,A,40,5.0       ,291.9,16.9
21.722,103.103,311.4,1,1,2017-01-30,06:30,A,33,5.0       ,296.5,7.9
21.443,101.041,313.6,1.1,1,2017-01-30,06:30,A,59,5.0       ,297.9,15.4
21.972,103.246,321.2,1,1,2017-01-30,06:30,A,74,5.0       ,291.5,20.5
21.386,99.397,312.7,1.3,1.1,2017-01-30,06:30,A,48,5.0       ,296.4,18
22.45,104.933,310.3,1.1,1.1,2017-01-30,06:30,A,36,5.0       ,295.4,9.2
23.503,109.122,311,2.1,1.4,2017-01-30,06:30,A,45,5.0       ,290.3,37.1
23.503,109.117,312.1,2.1,1.4,2017-01-30,06:30,A,53,5.0       ,290.2,38.4
22.016,98.113,310.1,1.6,1.2,2017-01-30,06:30,A,28,5.0       ,298.2,12.6
23.517,108,312.7,1.7,1.3,2017-01-30,06:30,A,55,5.0       ,292.7,28.7
22.072,96.748,311.3,1.9,1.4,2017-01-30,06:30,A,43,5.0       ,301.2,21.1
22.386,95.743,316.4,2.3,1.5,2017-01-30,06:30,A,66,5.0       ,303.7,23.7
22.472,95.644,320.6,2.3,1.5,2017-01-30,06:30,A,73,5.0       ,304.7,33.5
22.682,93.547,311.4,3.2,1.7,2017-01-30,06:30,A,48,5.0       ,294,64.2
24.291,99.572,311.5,1.2,1.1,2017-01-30,06:30,A,46,5.0       ,296.2,13.6
25.414,100.646,315.3,1,1,2017-01-30,06:30,A,63,5.0       ,296.6,14.7
17.405,103.912,306.5,1.1,1.1,2017-01-30,18:40,A,46,5.0       ,289.2,15.7
15.284,100.803,337.1,1.6,1.3,2017-01-30,18:40,A,100,5.0       ,293.3,98.2
15.282,100.818,309.9,1.6,1.3,2017-01-30,18:40,A,68,5.0       ,293.6,25.2
14.346,104.358,308.2,1,1,2017-01-30,18:40,A,59,5.0       ,293.5,11.7
13.419,104.596,306,1,1,2017-01-30,18:40,A,40,5.0       ,292.7,10.3
14.374,104.631,305.5,2.7,1.6,2017-01-30,15:50,T,32,5.0       ,291.5,38.5
14.663,99.443,305.2,1.2,1.1,2017-01-30,15:50,T,25,5.0       ,290.9,12.8
15.486,101.368,306.2,1.6,1.2,2017-01-30,15:50,T,43,5.0       ,293.2,18
15.59,101.102,305.5,1.5,1.2,2017-01-30,15:50,T,33,5.0       ,291.6,18.2
16.937,103.668,310.7,2.5,1.5,2017-01-30,15:50,T,72,5.0       ,291.5,54.3
16.931,103.664,307.7,2.5,1.5,2017-01-30,15:50,T,56,5.0       ,291.1,47.1
16.982,103.423,307.5,2.4,1.5,2017-01-30,15:50,T,55,5.0       ,290.8,42.9
19.257,97.334,307.1,1.1,1,2017-01-30,15:55,T,51,5.0       ,292.9,11.9
21.746,96.518,308.9,1,1,2017-01-30,15:55,T,63,5.0       ,292,13.3