latitude,longitude,brightness,scan,track,acq_date,acq_time,satellite,confidence,version,bright_t31,frp
29.546,114.944,310.6,2.9,1.6,2016-02-20,05:00,A,41,5.0       ,284.8,69.3
29.54,114.915,328.2,3,1.6,2016-02-20,05:00,A,81,5.0       ,285.4,170.8
29.547,114.248,323.3,3.3,1.7,2016-02-20,05:00,A,76,5.0       ,283.5,162.7
29.544,114.242,319.1,3.3,1.7,2016-02-20,05:00,A,71,5.0       ,283.3,126.1
29.782,114.539,317.4,3.1,1.7,2016-02-20,05:00,A,68,5.0       ,284.2,118.9
16.861,103.364,323.2,1,1,2016-02-20,06:35,A,76,5.0       ,304.4,9.7
16.032,97.741,328.5,1.7,1.3,2016-02-20,06:35,A,82,5.0       ,305,40.9
16.379,99.739,324.7,1.2,1.1,2016-02-20,06:35,A,71,5.0       ,306.4,12.3
16.316,99.276,325.6,1.3,1.1,2016-02-20,06:35,A,79,5.0       ,303.8,22.8
16.314,99.264,320.6,1.3,1.1,2016-02-20,06:35,A,53,5.0       ,302.6,15.4
16.299,99.169,327.1,1.3,1.1,2016-02-20,06:35,A,80,5.0       ,303.7,30
17.209,105.32,313.8,1.2,1.1,2016-02-20,06:35,A,46,5.0       ,294,15.1
16.799,102.345,343.7,1,1,2016-02-20,06:35,A,92,5.0       ,304.5,44.3
17.112,104.399,321.2,1.1,1,2016-02-20,06:35,A,74,5.0       ,303.7,10.1
17.223,105.096,312.5,1.2,1.1,2016-02-20,06:35,A,34,5.0       ,296.4,10.3
17.174,104.579,319.7,1.1,1.1,2016-02-20,06:35,A,72,5.0       ,302.7,10.3
17.173,104.568,340.6,1.1,1.1,2016-02-20,06:35,A,90,5.0       ,303.9,47
17.105,103.93,321.3,1.1,1,2016-02-20,06:35,A,74,5.0       ,300.9,11.7
17.054,103.562,322.5,1,1,2016-02-20,06:35,A,75,5.0       ,303.4,12
12.307,105.734,325.7,1.1,1.1,2016-02-20,06:30,A,62,5.0       ,305.7,17.8
12.305,105.724,325.1,1.1,1.1,2016-02-20,06:30,A,73,5.0       ,304.7,16.2
12.29,105.611,320.5,1.1,1.1,2016-02-20,06:30,A,0,5.0       ,304.6,9.2
12.311,105.727,326.9,1.1,1.1,2016-02-20,06:30,A,59,5.0       ,306,20
12.358,106.008,331.1,1.2,1.1,2016-02-20,06:30,A,79,5.0       ,307.9,21.9
12.587,107.525,324.3,1.5,1.2,2016-02-20,06:30,A,57,5.0       ,302.5,27.1
12.558,107.303,323.6,1.4,1.2,2016-02-20,06:30,A,60,5.0       ,300.1,20.9
12.005,103.195,322.4,1,1,2016-02-20,06:30,A,39,5.0       ,307.3,15
12.382,105.675,323.2,1.1,1.1,2016-02-20,06:30,A,71,5.0       ,307.3,12.4
12.38,105.665,339.1,1.1,1.1,2016-02-20,06:30,A,89,5.0       ,305.9,41.3
12.038,103.237,339.7,1,1,2016-02-20,06:30,A,90,5.0       ,307.1,36.2
12.037,103.228,337.8,1,1,2016-02-20,06:30,A,88,5.0       ,307.8,32.1
12.168,104.082,325.8,1,1,2016-02-20,06:30,A,74,5.0       ,308.2,9.5
12.16,103.891,333.4,1,1,2016-02-20,06:30,A,80,5.0       ,308.2,21.9
12.104,103.5,311.4,1,1,2016-02-20,06:30,A,43,5.0       ,300.5,8.8
12.169,103.89,328.5,1,1,2016-02-20,06:30,A,51,5.0       ,309,13.5
12.167,103.88,337.8,1,1,2016-02-20,06:30,A,88,5.0       ,311.3,29.1
12.175,103.87,329,1,1,2016-02-20,06:30,A,47,5.0       ,308.8,14.3
12.076,103.179,334.1,1,1,2016-02-20,06:30,A,86,5.0       ,305.7,33.1
12.075,103.17,316.9,1,1,2016-02-20,06:30,A,67,5.0       ,303,10.9
12.693,107.56,319,1.5,1.2,2016-02-20,06:30,A,30,5.0       ,300.5,14.8
12.675,107.335,325.6,1.4,1.2,2016-02-20,06:30,A,77,5.0       ,304.9,21.6
12.487,105.92,336,1.2,1.1,2016-02-20,06:30,A,87,5.0       ,309.3,29.1
12.195,103.82,326.7,1,1,2016-02-20,06:30,A,58,5.0       ,307,13.7
12.191,103.793,324.5,1,1,2016-02-20,06:30,A,45,5.0       ,305.1,13.2
12.582,106.406,331.1,1.2,1.1,2016-02-20,06:30,A,47,5.0       ,310.2,21.1
12.456,105.482,325.2,1.1,1,2016-02-20,06:30,A,41,5.0       ,309,11.6
12.377,104.913,345.1,1.1,1,2016-02-20,06:30,A,93,5.0       ,306.8,47.1
12.375,104.903,349.5,1.1,1,2016-02-20,06:30,A,95,5.0       ,308.8,60.6
12.461,105.475,327.7,1.1,1,2016-02-20,06:30,A,77,5.0       ,308.7,18.7
12.384,104.905,326.1,1.1,1,2016-02-20,06:30,A,42,5.0       ,307.5,13.7
12.248,103.927,324.5,1,1,2016-02-20,06:30,A,60,5.0       ,306.2,12.7
12.248,103.862,327.8,1,1,2016-02-20,06:30,A,73,5.0       ,306.5,12.9
12.517,105.748,328.5,1.1,1.1,2016-02-20,06:30,A,82,5.0       ,309.3,13.5
12.512,105.707,375.3,1.1,1.1,2016-02-20,06:30,A,100,5.0       ,311.8,148.6
12.51,105.696,350,1.1,1.1,2016-02-20,06:30,A,95,5.0       ,308.7,59.7
12.527,105.747,336.9,1.1,1.1,2016-02-20,06:30,A,88,5.0       ,308.5,28.8
12.481,105.411,325.8,1.1,1,2016-02-20,06:30,A,66,5.0       ,309.4,12.5
12.267,103.868,328.3,1,1,2016-02-20,06:30,A,76,5.0       ,310,13.8
12.24,103.677,355.9,1,1,2016-02-20,06:30,A,98,5.0       ,306.7,75
12.239,103.668,331,1,1,2016-02-20,06:30,A,84,5.0       ,304.6,26.5
12.51,105.551,337.2,1.1,1.1,2016-02-20,06:30,A,88,5.0       ,308.1,31.3
12.477,105.309,337.2,1.1,1,2016-02-20,06:30,A,88,5.0       ,314.3,22.8
12.529,105.621,331.9,1.1,1.1,2016-02-20,06:30,A,84,5.0       ,310.8,18.1
12.528,105.61,328.4,1.1,1.1,2016-02-20,06:30,A,81,5.0       ,309.9,12
12.404,104.708,364.5,1,1,2016-02-20,06:30,A,100,5.0       ,307,99.1
12.556,105.68,332.6,1.1,1.1,2016-02-20,06:30,A,85,5.0       ,310.8,16.7
-10.058,123.796,317.3,3.6,1.8,2016-02-20,04:45,A,22,5.0       ,294.6,59.2
29.055,116.555,320.3,2.3,1.5,2016-02-20,05:00,A,52,5.0       ,282.7,81.4
29.051,116.551,316.8,2.3,1.5,2016-02-20,05:00,A,58,5.0       ,282.2,71.9
29.188,116.757,318,2.3,1.5,2016-02-20,05:00,A,60,5.0       ,284.4,66.9
29.186,116.751,313.2,2.3,1.5,2016-02-20,05:00,A,50,5.0       ,284.5,54.8
29.539,114.923,333.4,3,1.6,2016-02-20,05:00,A,85,5.0       ,285.7,209.5
22.341,99.215,311.3,1.1,1,2016-02-20,06:35,A,37,5.0       ,296.1,9
22.214,98.37,312.7,1.2,1.1,2016-02-20,06:35,A,48,5.0       ,298.4,10.3
21.984,96.813,320.9,1.5,1.2,2016-02-20,06:35,A,57,5.0       ,299.7,28.6
22.027,96.936,317.9,1.5,1.2,2016-02-20,06:35,A,64,5.0       ,302.3,16
22.062,97.013,319.9,1.5,1.2,2016-02-20,06:35,A,72,5.0       ,300.3,23
22.056,97.008,315,1.5,1.2,2016-02-20,06:35,A,42,5.0       ,299.3,12.5
22.165,97.391,320.1,1.4,1.2,2016-02-20,06:35,A,72,5.0       ,300,15.4
22.325,98.296,310.4,1.2,1.1,2016-02-20,06:35,A,37,5.0       ,293.2,12.7
22.127,97.038,315.9,1.4,1.2,2016-02-20,06:35,A,52,5.0       ,293.6,16.7
22.175,97.037,320.4,1.4,1.2,2016-02-20,06:35,A,60,5.0       ,299.2,21.1
22.147,96.75,314.7,1.5,1.2,2016-02-20,06:35,A,36,5.0       ,296.6,16
22.341,97.705,312.6,1.3,1.1,2016-02-20,06:35,A,51,5.0       ,294.1,8.4
22.361,97.578,323.2,1.3,1.1,2016-02-20,06:35,A,76,5.0       ,301.1,20.4
22.388,97.676,317.6,1.3,1.1,2016-02-20,06:35,A,67,5.0       ,298.8,13.3
22.385,97.534,323.3,1.3,1.1,2016-02-20,06:35,A,71,5.0       ,302.9,21.7
22.343,97.062,310.2,1.4,1.2,2016-02-20,06:35,A,27,5.0       ,284.7,15.7
22.622,98.661,313.4,1.2,1.1,2016-02-20,06:35,A,58,5.0       ,297.8,13.6
22.474,97.641,324.3,1.3,1.1,2016-02-20,06:35,A,60,5.0       ,306.4,22.7
22.353,96.61,315.1,1.5,1.2,2016-02-20,06:35,A,39,5.0       ,288.2,22.8
22.616,97.135,314.6,1.4,1.2,2016-02-20,06:35,A,45,5.0       ,300.2,15.6
22.387,95.621,323.1,1.8,1.3,2016-02-20,06:35,A,76,5.0       ,308.1,24.1
23.062,99.327,318.6,1.1,1,2016-02-20,06:35,A,66,5.0       ,299.4,17.6
23.06,99.317,315.4,1.1,1,2016-02-20,06:35,A,60,5.0       ,295.3,13.4
22.471,95.621,325.3,1.8,1.3,2016-02-20,06:35,A,77,5.0       ,307.5,29
24.502,112.36,311.9,4.8,2,2016-02-20,06:35,A,46,5.0       ,286.7,133.7
22.466,95.617,324,1.8,1.3,2016-02-20,06:35,A,77,5.0       ,307.4,26.6
23.104,98.538,348.2,1.2,1.1,2016-02-20,06:35,A,94,5.0       ,296.7,80.7
23.102,98.527,332.7,1.2,1.1,2016-02-20,06:35,A,85,5.0       ,293.7,45.5
23.113,98.536,370.4,1.2,1.1,2016-02-20,06:35,A,100,5.0       ,296.1,154.7
23.111,98.525,338.9,1.2,1.1,2016-02-20,06:35,A,89,5.0       ,296.6,58.5
22.343,94.044,323.2,2.3,1.5,2016-02-20,06:35,A,76,5.0       ,303.7,49.5
22.339,94.022,317.9,2.3,1.5,2016-02-20,06:35,A,57,5.0       ,302.5,30.8
23.144,98.525,327.5,1.2,1.1,2016-02-20,06:35,A,81,5.0       ,294.3,35.3
22.579,95.294,321.1,1.9,1.3,2016-02-20,06:35,A,68,5.0       ,305.3,19.5
23.154,98.523,340.7,1.2,1.1,2016-02-20,06:35,A,90,5.0       ,292.5,62.8
22.711,95.944,316,1.7,1.3,2016-02-20,06:35,A,51,5.0       ,296.7,19.8
22.352,94.037,319.7,2.3,1.5,2016-02-20,06:35,A,18,5.0       ,302.6,31.8
22.565,93.56,311.1,2.5,1.5,2016-02-20,06:35,A,32,5.0       ,298.7,31.2
22.864,93.527,314.3,2.5,1.5,2016-02-20,06:35,A,61,5.0       ,282.2,66.1
23.39,96.318,321.5,1.5,1.2,2016-02-20,06:35,A,74,5.0       ,301.3,27.5
23.391,95.724,322.4,1.7,1.3,2016-02-20,06:35,A,75,5.0       ,303.4,25.8
23.388,95.708,321.1,1.7,1.3,2016-02-20,06:35,A,74,5.0       ,305,20.9
23.594,96.676,315,1.4,1.2,2016-02-20,06:35,A,61,5.0       ,290.9,19.5
23.591,96.662,311,1.4,1.2,2016-02-20,06:35,A,37,5.0       ,290.9,13.5
23.586,93.763,318,2.3,1.5,2016-02-20,06:35,A,69,5.0       ,280.6,79.2
25.885,110.938,314.7,3.9,1.8,2016-02-20,06:35,A,62,5.0       ,285.7,131.6
24.193,97.098,312.4,1.3,1.1,2016-02-20,06:35,A,36,5.0       ,291.4,13.3
23.583,93.758,313.6,2.3,1.5,2016-02-20,06:35,A,53,5.0       ,280,59.5
25.872,110.934,316.2,3.9,1.8,2016-02-20,06:35,A,65,5.0       ,285.2,144.2
23.506,92.878,316.8,2.7,1.6,2016-02-20,06:35,A,67,5.0       ,294.8,68.7
23.498,92.875,323.2,2.7,1.6,2016-02-20,06:35,A,76,5.0       ,294.7,97.6
23.845,93.214,311.7,2.5,1.5,2016-02-20,06:35,A,39,5.0       ,291.9,42.6
23.829,92.562,321.1,2.8,1.6,2016-02-20,06:35,A,73,5.0       ,292.4,89
23.832,92.551,316.5,2.8,1.6,2016-02-20,06:35,A,66,5.0       ,290.9,67.8
23.939,92.933,314.7,2.6,1.5,2016-02-20,06:35,A,62,5.0       ,283.1,62.4
26.786,109.665,310.1,3.3,1.7,2016-02-20,06:35,A,27,5.0       ,281.6,86.5
26.784,109.658,310.3,3.3,1.7,2016-02-20,06:35,A,35,5.0       ,282.2,91.7
27.27,108.62,342.6,2.8,1.6,2016-02-20,06:35,A,91,5.0       ,284.8,266
27.268,108.591,314.4,2.8,1.6,2016-02-20,06:35,A,48,5.0       ,280,80
-7.916,110.075,323.3,1.1,1.1,2016-02-20,06:25,A,0,5.0       ,302.3,16.3
-4.937,105.713,325.6,1.1,1,2016-02-20,06:25,A,45,5.0       ,298.5,20
-4.927,105.721,324.8,1.1,1,2016-02-20,06:25,A,78,5.0       ,297.9,19.8
-0.058,116.466,316.3,4.5,2,2016-02-20,06:30,A,42,5.0       ,294.3,88.4
-2.219,100.978,313.1,1.9,1.4,2016-02-20,06:30,A,41,5.0       ,291.9,22.5
0.417,116.747,319.4,4.8,2,2016-02-20,06:30,A,53,5.0       ,294.5,114.4
5.078,103.264,315.9,1.1,1,2016-02-20,06:30,A,55,5.0       ,302.2,11.2
9.171,104.819,316.6,1,1,2016-02-20,06:30,A,0,5.0       ,303.4,8.8
9.492,105.005,316.6,1,1,2016-02-20,06:30,A,66,5.0       ,304.3,9.4
9.863,105.624,318.3,1.1,1,2016-02-20,06:30,A,69,5.0       ,302.6,10.2
9.895,105.649,318.4,1.1,1,2016-02-20,06:30,A,70,5.0       ,302.8,9.7
9.86,105.4,315.8,1,1,2016-02-20,06:30,A,65,5.0       ,301.1,7.8
9.924,105.599,321.2,1.1,1,2016-02-20,06:30,A,74,5.0       ,303.4,12.8
9.951,105.724,325,1.1,1,2016-02-20,06:30,A,78,5.0       ,305.9,19.9
9.948,105.498,318.6,1.1,1,2016-02-20,06:30,A,68,5.0       ,303.2,9.4
9.961,105.525,319,1.1,1,2016-02-20,06:30,A,66,5.0       ,300.4,10.2
10.022,105.579,319.4,1.1,1,2016-02-20,06:30,A,71,5.0       ,303.3,10.9
10.021,105.57,319,1.1,1,2016-02-20,06:30,A,58,5.0       ,302.8,9.7
10.019,105.492,318.9,1.1,1,2016-02-20,06:30,A,66,5.0       ,300.2,12.6
10.09,105.534,321.4,1.1,1,2016-02-20,06:30,A,74,5.0       ,303.1,14.6
10.122,105.431,324.6,1.1,1,2016-02-20,06:30,A,53,5.0       ,301.1,17.8
10.146,105.467,319.9,1.1,1,2016-02-20,06:30,A,41,5.0       ,301.9,10.7
10.174,105.555,325.9,1.1,1,2016-02-20,06:30,A,61,5.0       ,302.7,17.9
10.178,105.446,328.2,1.1,1,2016-02-20,06:30,A,81,5.0       ,302.3,23.9
10.201,105.541,324.2,1.1,1,2016-02-20,06:30,A,68,5.0       ,302.5,15.5
10.199,105.532,322.2,1.1,1,2016-02-20,06:30,A,53,5.0       ,303.1,13.4
10.207,105.452,315.1,1.1,1,2016-02-20,06:30,A,59,5.0       ,298.7,5.5
10.23,105.547,320.2,1.1,1,2016-02-20,06:30,A,52,5.0       ,302.6,10.1
10.175,105.157,332.6,1,1,2016-02-20,06:30,A,85,5.0       ,302.7,30.2
10.336,105.714,322.9,1.1,1,2016-02-20,06:30,A,76,5.0       ,304.7,14.1
10.316,105.568,326.5,1.1,1,2016-02-20,06:30,A,80,5.0       ,303.6,20.3
10.345,105.712,318.4,1.1,1,2016-02-20,06:30,A,50,5.0       ,303.5,8.4
10.406,105.768,316.8,1.1,1,2016-02-20,06:30,A,35,5.0       ,301.7,8.9
10.405,105.758,316.9,1.1,1,2016-02-20,06:30,A,37,5.0       ,301.5,8.5
10.316,105.115,318.3,1,1,2016-02-20,06:30,A,69,5.0       ,301.7,13.2
10.469,106.087,322.7,1.1,1.1,2016-02-20,06:30,A,68,5.0       ,303.5,15.7
10.45,105.945,328.8,1.1,1.1,2016-02-20,06:30,A,82,5.0       ,303.3,25.2
10.483,105.981,331.4,1.1,1.1,2016-02-20,06:30,A,84,5.0       ,301.6,31
10.514,105.807,319.3,1.1,1,2016-02-20,06:30,A,52,5.0       ,302.9,11.9
10.569,105.612,316.2,1.1,1,2016-02-20,06:30,A,46,5.0       ,302.9,8.5
10.678,105.873,316.1,1.1,1.1,2016-02-20,06:30,A,65,5.0       ,304.3,10.7
10.728,105.754,326.3,1.1,1,2016-02-20,06:30,A,79,5.0       ,300.8,25.2
10.727,105.744,315.7,1.1,1,2016-02-20,06:30,A,64,5.0       ,300.2,9.9
10.772,105.681,320.1,1.1,1,2016-02-20,06:30,A,72,5.0       ,300.7,14
10.777,105.65,315.4,1.1,1,2016-02-20,06:30,A,64,5.0       ,299.2,7.8
10.787,105.589,323.7,1.1,1,2016-02-20,06:30,A,72,5.0       ,299.9,18.8
10.786,105.579,316.2,1.1,1,2016-02-20,06:30,A,38,5.0       ,299.1,8.5
10.847,105.765,315,1.1,1,2016-02-20,06:30,A,62,5.0       ,299.8,9.8
10.966,106.434,323,1.2,1.1,2016-02-20,06:30,A,75,5.0       ,306.5,15.5
10.84,105.505,320,1.1,1,2016-02-20,06:30,A,72,5.0       ,302.7,12.3
10.824,105.389,319.8,1.1,1,2016-02-20,06:30,A,42,5.0       ,303.3,9.5
10.657,103.811,326.6,1,1,2016-02-20,06:30,A,80,5.0       ,309.4,9.6
11.004,106.26,320.5,1.2,1.1,2016-02-20,06:30,A,66,5.0       ,301.9,13.1
11.024,106.257,325.3,1.2,1.1,2016-02-20,06:30,A,78,5.0       ,303.8,20.9
11.061,104.45,329.7,1,1,2016-02-20,06:30,A,72,5.0       ,312.2,12.6
10.971,103.814,331.3,1,1,2016-02-20,06:30,A,67,5.0       ,305.6,22.3
11.057,104.357,331.6,1,1,2016-02-20,06:30,A,65,5.0       ,308.7,21.3
11.066,104.226,338,1,1,2016-02-20,06:30,A,84,5.0       ,307.7,33.1
11.065,104.216,348.9,1,1,2016-02-20,06:30,A,95,5.0       ,307,53.8
11.294,105.718,328.8,1.1,1,2016-02-20,06:30,A,79,5.0       ,310.3,11.6
11.08,103.294,317.9,1,1,2016-02-20,06:30,A,52,5.0       ,303.1,10.2
11.368,105.127,320,1.1,1,2016-02-20,06:30,A,72,5.0       ,303.6,9.9
11.439,105.573,347.9,1.1,1,2016-02-20,06:30,A,94,5.0       ,309.5,48.7
11.481,105.74,326.3,1.1,1.1,2016-02-20,06:30,A,57,5.0       ,309.3,13.4
11.373,104.907,327.2,1,1,2016-02-20,06:30,A,57,5.0       ,307,16.9
11.382,104.906,327.5,1,1,2016-02-20,06:30,A,53,5.0       ,305.4,15.5
11.309,104.19,335.3,1,1,2016-02-20,06:30,A,85,5.0       ,305.5,26.6
11.511,104.967,321.4,1,1,2016-02-20,06:30,A,60,5.0       ,302.1,9.2
11.988,108.301,316.6,1.6,1.3,2016-02-20,06:30,A,54,5.0       ,300.7,21.3
11.295,103.128,319.3,1,1,2016-02-20,06:30,A,54,5.0       ,294.9,15.4
11.294,103.119,314.7,1,1,2016-02-20,06:30,A,47,5.0       ,295.6,9.7
11.994,107.909,365.2,1.5,1.2,2016-02-20,06:30,A,100,5.0       ,306.1,182.1
11.993,107.895,350,1.5,1.2,2016-02-20,06:30,A,95,5.0       ,304.9,106.9
11.817,106.403,349.8,1.2,1.1,2016-02-20,06:30,A,95,5.0       ,312.9,62.2
11.816,106.392,332.7,1.2,1.1,2016-02-20,06:30,A,81,5.0       ,310,20
11.485,104.003,313.7,1,1,2016-02-20,06:30,A,21,5.0       ,296.3,7.1
11.683,105.279,329.9,1.1,1,2016-02-20,06:30,A,54,5.0       ,307.4,13.7
12.05,107.915,331.5,1.5,1.2,2016-02-20,06:30,A,84,5.0       ,308.1,42.1
12.053,107.908,325.3,1.5,1.2,2016-02-20,06:30,A,76,5.0       ,308.9,28.7
12.056,107.838,324.8,1.5,1.2,2016-02-20,06:30,A,75,5.0       ,301.4,32.8
11.92,106.703,321.1,1.3,1.1,2016-02-20,06:30,A,68,5.0       ,306.3,12
11.744,104.867,324.5,1,1,2016-02-20,06:30,A,66,5.0       ,302.5,15.2
11.864,105.676,326.7,1.1,1.1,2016-02-20,06:30,A,64,5.0       ,309.8,8.5
11.684,104.372,349.1,1,1,2016-02-20,06:30,A,95,5.0       ,306.3,53.9
11.95,106.173,326,1.2,1.1,2016-02-20,06:30,A,40,5.0       ,308,12.6
11.771,104.863,324.2,1,1,2016-02-20,06:30,A,66,5.0       ,305.7,15.2
11.75,104.646,328.4,1,1,2016-02-20,06:30,A,81,5.0       ,309.8,12.8
11.604,103.547,316.4,1,1,2016-02-20,06:30,A,56,5.0       ,301.8,9.7
11.851,105.233,331.1,1.1,1,2016-02-20,06:30,A,76,5.0       ,311.5,16.9
11.764,104.279,344.7,1,1,2016-02-20,06:30,A,87,5.0       ,306.1,44.2
12.13,106.911,334.7,1.3,1.1,2016-02-20,06:30,A,72,5.0       ,307,40.5
11.826,104.59,326.3,1,1,2016-02-20,06:30,A,66,5.0       ,307.5,10.7
12.058,106.217,336.4,1.2,1.1,2016-02-20,06:30,A,67,5.0       ,306.2,35.9
11.678,103.483,321.6,1,1,2016-02-20,06:30,A,74,5.0       ,297.7,17.6
12.158,106.811,330.7,1.3,1.1,2016-02-20,06:30,A,83,5.0       ,308.1,21.3
11.671,103.308,326.5,1,1,2016-02-20,06:30,A,80,5.0       ,298.8,24.3
11.67,103.299,322.2,1,1,2016-02-20,06:30,A,65,5.0       ,301,18.4
11.67,103.051,318.4,1,1,2016-02-20,06:30,A,70,5.0       ,298.1,14.7
12.198,106.812,368.4,1.3,1.1,2016-02-20,06:30,A,100,5.0       ,306.1,147
12.196,106.8,355.2,1.3,1.1,2016-02-20,06:30,A,97,5.0       ,308.9,91.4
12.175,106.557,331.6,1.2,1.1,2016-02-20,06:30,A,84,5.0       ,308.5,23.2
12.126,106.191,332.4,1.2,1.1,2016-02-20,06:30,A,76,5.0       ,307.1,20.3
11.91,104.601,328.7,1,1,2016-02-20,06:30,A,82,5.0       ,309.1,14.4
11.814,103.92,322.9,1,1,2016-02-20,06:30,A,42,5.0       ,304,13.6
12.216,106.797,340.5,1.3,1.1,2016-02-20,06:30,A,72,5.0       ,309.7,50
12.223,106.773,343.2,1.3,1.1,2016-02-20,06:30,A,92,5.0       ,309.5,51.9
12.222,106.761,333.7,1.3,1.1,2016-02-20,06:30,A,77,5.0       ,309,28
12.234,106.771,327.7,1.3,1.1,2016-02-20,06:30,A,29,5.0       ,307,17.9
12.373,107.749,321.8,1.5,1.2,2016-02-20,06:30,A,74,5.0       ,300.6,25.7
12.233,106.688,340.4,1.3,1.1,2016-02-20,06:30,A,90,5.0       ,310.5,41.4
11.855,103.952,334.3,1,1,2016-02-20,06:30,A,75,5.0       ,299.9,27.7
12.246,106.71,351.1,1.3,1.1,2016-02-20,06:30,A,96,5.0       ,307.1,74.3
12.241,106.675,359.8,1.3,1.1,2016-02-20,06:30,A,94,5.0       ,307.1,103.4
12.267,106.79,325.8,1.3,1.1,2016-02-20,06:30,A,37,5.0       ,302.2,21.1
12.061,105.29,331.2,1.1,1,2016-02-20,06:30,A,84,5.0       ,311.1,15.3
12.269,106.724,346.4,1.3,1.1,2016-02-20,06:30,A,93,5.0       ,308,59.7
12.267,106.712,382.9,1.3,1.1,2016-02-20,06:30,A,100,5.0       ,313.1,216.4
12.266,106.701,357,1.3,1.1,2016-02-20,06:30,A,93,5.0       ,310.2,92.9
12.15,105.606,326.3,1.1,1.1,2016-02-20,06:30,A,64,5.0       ,303.6,18.7
12.468,107.943,334.8,1.6,1.2,2016-02-20,06:30,A,86,5.0       ,306.7,54.4
12.231,105.819,324.4,1.1,1.1,2016-02-20,06:30,A,72,5.0       ,307.6,14.4
11.998,104.048,329.9,1,1,2016-02-20,06:30,A,82,5.0       ,304.8,26.3
12.555,105.669,331.8,1.1,1.1,2016-02-20,06:30,A,84,5.0       ,310.8,15.3
12.44,104.839,330.7,1,1,2016-02-20,06:30,A,83,5.0       ,306.7,25.5
12.448,104.76,320,1,1,2016-02-20,06:30,A,65,5.0       ,303.2,8.4
12.53,105.306,325.7,1.1,1,2016-02-20,06:30,A,33,5.0       ,308.8,10.8
12.597,105.668,327.7,1.1,1.1,2016-02-20,06:30,A,58,5.0       ,309.6,12.2
12.225,103.004,321.7,1,1,2016-02-20,06:30,A,65,5.0       ,305.9,12.7
12.612,105.708,357,1.1,1.1,2016-02-20,06:30,A,98,5.0       ,311.3,80.6
12.36,103.877,328.7,1,1,2016-02-20,06:30,A,28,5.0       ,309.4,15.3
12.495,104.776,342.8,1,1,2016-02-20,06:30,A,91,5.0       ,305.3,42.8
12.494,104.767,331.5,1,1,2016-02-20,06:30,A,84,5.0       ,307.9,23.4
12.374,103.912,334,1,1,2016-02-20,06:30,A,78,5.0       ,311.3,20.4
12.283,103.275,327.7,1,1,2016-02-20,06:30,A,71,5.0       ,306.7,20.7
12.629,105.685,333.6,1.1,1.1,2016-02-20,06:30,A,86,5.0       ,307.8,25.3
12.259,103.046,351.5,1,1,2016-02-20,06:30,A,96,5.0       ,312.9,55.4
12.258,103.036,334,1,1,2016-02-20,06:30,A,86,5.0       ,310.8,21.6
12.239,102.908,328.9,1,1,2016-02-20,06:30,A,54,5.0       ,305.5,22.6
12.294,103.227,335.6,1,1,2016-02-20,06:30,A,71,5.0       ,309.1,27.3
12.293,103.217,353.7,1,1,2016-02-20,06:30,A,97,5.0       ,309.7,63.7
12.639,105.62,327.9,1.1,1.1,2016-02-20,06:30,A,79,5.0       ,307.6,14.4
12.528,104.81,352.2,1,1,2016-02-20,06:30,A,96,5.0       ,309.3,59.3
12.67,105.774,369.3,1.1,1.1,2016-02-20,06:30,A,100,5.0       ,309.8,128.1
12.664,105.732,330.9,1.1,1.1,2016-02-20,06:30,A,83,5.0       ,307.7,19.3
12.663,105.722,330.9,1.1,1.1,2016-02-20,06:30,A,83,5.0       ,309.6,19.8
12.649,105.619,333.8,1.1,1.1,2016-02-20,06:30,A,86,5.0       ,307,24.6
12.647,105.608,335.5,1.1,1.1,2016-02-20,06:30,A,87,5.0       ,307.6,28
12.646,105.598,337.2,1.1,1.1,2016-02-20,06:30,A,88,5.0       ,306.6,32.5
12.645,105.588,329.7,1.1,1.1,2016-02-20,06:30,A,70,5.0       ,306,18.4
12.598,105.246,343.9,1.1,1,2016-02-20,06:30,A,92,5.0       ,308.6,46.8
12.596,105.236,337.8,1.1,1,2016-02-20,06:30,A,88,5.0       ,306.3,35.9
12.52,104.686,322.9,1,1,2016-02-20,06:30,A,76,5.0       ,305.1,12.1
12.678,105.762,332.9,1.1,1.1,2016-02-20,06:30,A,74,5.0       ,307.4,26.7
12.677,105.752,335,1.1,1.1,2016-02-20,06:30,A,87,5.0       ,308.8,29.6
12.607,105.245,328.9,1.1,1,2016-02-20,06:30,A,72,5.0       ,308.4,18.1
12.311,103.15,320.6,1,1,2016-02-20,06:30,A,42,5.0       ,306.4,7.4
12.309,103.14,331.5,1,1,2016-02-20,06:30,A,84,5.0       ,304.1,21.5
12.285,102.976,324.3,1,1,2016-02-20,06:30,A,60,5.0       ,309,9.1
12.682,105.755,333.1,1.1,1.1,2016-02-20,06:30,A,59,5.0       ,308,27.2
12.287,102.913,326.4,1,1,2016-02-20,06:30,A,79,5.0       ,306.6,23.5
12.285,102.904,327.1,1,1,2016-02-20,06:30,A,80,5.0       ,304.4,25.1
12.323,103.104,329.3,1,1,2016-02-20,06:30,A,82,5.0       ,307,18
12.678,105.577,337.5,1.1,1.1,2016-02-20,06:30,A,88,5.0       ,306.7,34.1
12.676,105.566,334.5,1.1,1.1,2016-02-20,06:30,A,86,5.0       ,307.3,27
12.35,103.221,343.7,1,1,2016-02-20,06:30,A,92,5.0       ,311.1,39.3
12.323,102.973,326.1,1,1,2016-02-20,06:30,A,65,5.0       ,305.6,15.3
12.388,103.364,328.6,1,1,2016-02-20,06:30,A,59,5.0       ,301.6,19.8
12.387,103.355,338.5,1,1,2016-02-20,06:30,A,89,5.0       ,303.6,35.7
12.706,105.572,323.4,1.1,1.1,2016-02-20,06:30,A,44,5.0       ,304.5,11.3
12.418,103.508,326.5,1,1,2016-02-20,06:30,A,76,5.0       ,305.1,19.4
12.417,103.499,316.9,1,1,2016-02-20,06:30,A,36,5.0       ,302.9,8
12.714,105.561,333.7,1.1,1.1,2016-02-20,06:30,A,84,5.0       ,305,26.2
12.713,105.551,364.8,1.1,1.1,2016-02-20,06:30,A,100,5.0       ,308.8,109.5
12.393,103.27,346,1,1,2016-02-20,06:30,A,93,5.0       ,307.4,47.8
12.392,103.261,362,1,1,2016-02-20,06:30,A,100,5.0       ,308.7,87.5
12.75,105.756,317.7,1.1,1.1,2016-02-20,06:30,A,52,5.0       ,303.5,9.5
12.722,105.549,333.3,1.1,1.1,2016-02-20,06:30,A,85,5.0       ,306.9,27.7
12.721,105.539,324.8,1.1,1.1,2016-02-20,06:30,A,51,5.0       ,306.4,15
12.67,105.168,326.8,1.1,1,2016-02-20,06:30,A,52,5.0       ,307.8,14
12.428,103.451,323.5,1,1,2016-02-20,06:30,A,62,5.0       ,303.6,15.3
12.382,103.132,332.6,1,1,2016-02-20,06:30,A,85,5.0       ,303.1,29.1
12.381,103.123,325.6,1,1,2016-02-20,06:30,A,49,5.0       ,301.6,18.7
12.621,104.751,326.3,1,1,2016-02-20,06:30,A,79,5.0       ,309.1,18
12.422,103.34,331.4,1,1,2016-02-20,06:30,A,69,5.0       ,308,21.3
12.764,105.711,332.2,1.1,1.1,2016-02-20,06:30,A,85,5.0       ,304.7,33.4
12.686,105.146,326.5,1.1,1,2016-02-20,06:30,A,74,5.0       ,308.1,10.5
12.608,104.589,334,1,1,2016-02-20,06:30,A,86,5.0       ,302.6,30.9
12.753,105.529,361.2,1.1,1.1,2016-02-20,06:30,A,100,5.0       ,308.6,96.3
12.752,105.519,371.4,1.1,1.1,2016-02-20,06:30,A,100,5.0       ,309.9,133
12.42,103.139,326.1,1,1,2016-02-20,06:30,A,68,5.0       ,305.5,18.4
12.762,105.528,336.8,1.1,1.1,2016-02-20,06:30,A,88,5.0       ,308.3,34.8
12.761,105.517,327.1,1.1,1.1,2016-02-20,06:30,A,67,5.0       ,309.7,17.4
12.65,104.703,357.8,1,1,2016-02-20,06:30,A,99,5.0       ,307.9,79.5
12.649,104.693,338.4,1,1,2016-02-20,06:30,A,89,5.0       ,307.7,33.7
12.676,104.825,323.6,1.1,1,2016-02-20,06:30,A,64,5.0       ,307.1,9.6
12.875,106.227,345.1,1.2,1.1,2016-02-20,06:30,A,93,5.0       ,307.8,54.1
12.874,106.216,341.7,1.2,1.1,2016-02-20,06:30,A,91,5.0       ,308.9,44.2
12.788,105.576,362.6,1.1,1.1,2016-02-20,06:30,A,100,5.0       ,305.7,111.4
12.666,104.681,334.5,1,1,2016-02-20,06:30,A,86,5.0       ,305.6,28.5
12.461,103.235,357.2,1,1,2016-02-20,06:30,A,98,5.0       ,307,71.5
12.989,106.935,336.3,1.3,1.1,2016-02-20,06:30,A,87,5.0       ,309.3,41.1
12.676,104.621,334.7,1,1,2016-02-20,06:30,A,86,5.0       ,305.6,30.5
12.675,104.612,325.1,1,1,2016-02-20,06:30,A,72,5.0       ,305.5,15.3
12.513,103.469,345.5,1,1,2016-02-20,06:30,A,93,5.0       ,313,41.6
12.512,103.46,325.5,1,1,2016-02-20,06:30,A,76,5.0       ,309.1,8.5
12.824,105.623,341.6,1.1,1.1,2016-02-20,06:30,A,91,5.0       ,305.3,52
12.822,105.613,352.5,1.1,1.1,2016-02-20,06:30,A,96,5.0       ,307.5,79.1
12.807,105.5,344.9,1.1,1.1,2016-02-20,06:30,A,93,5.0       ,305.9,58.4
12.805,105.49,327.5,1.1,1.1,2016-02-20,06:30,A,81,5.0       ,304.9,23.4
12.484,103.204,331,1,1,2016-02-20,06:30,A,68,5.0       ,306.4,20.6
12.483,103.195,335,1,1,2016-02-20,06:30,A,87,5.0       ,304.9,28.3
12.479,103.168,328.6,1,1,2016-02-20,06:30,A,61,5.0       ,302.3,21.6
12.833,105.622,346.8,1.1,1.1,2016-02-20,06:30,A,94,5.0       ,308.2,62.2
12.832,105.612,364.5,1.1,1.1,2016-02-20,06:30,A,100,5.0       ,307.3,115.1
12.806,105.428,343.4,1.1,1.1,2016-02-20,06:30,A,92,5.0       ,306.2,55.6
12.8,105.378,323.6,1.1,1,2016-02-20,06:30,A,77,5.0       ,303.9,18.4
12.791,105.317,327.8,1.1,1,2016-02-20,06:30,A,55,5.0       ,306.6,16.4
12.79,105.307,364.7,1.1,1,2016-02-20,06:30,A,100,5.0       ,309.8,104.8
12.841,105.61,386.1,1.1,1.1,2016-02-20,06:30,A,100,5.0       ,310.5,208.8
12.84,105.6,339.7,1.1,1.1,2016-02-20,06:30,A,90,5.0       ,304.2,43
12.837,105.58,358.6,1.1,1.1,2016-02-20,06:30,A,99,5.0       ,304.9,93.3
12.835,105.569,327,1.1,1.1,2016-02-20,06:30,A,76,5.0       ,304.6,19.4
12.511,103.265,342.1,1,1,2016-02-20,06:30,A,91,5.0       ,307.9,42.5
12.51,103.256,359.4,1,1,2016-02-20,06:30,A,99,5.0       ,307.9,81.9
12.847,105.613,323.4,1.1,1.1,2016-02-20,06:30,A,44,5.0       ,307.6,16.3
12.846,105.603,324.5,1.1,1.1,2016-02-20,06:30,A,64,5.0       ,306.3,17.3
12.531,103.2,327.1,1,1,2016-02-20,06:30,A,80,5.0       ,302.2,21.1
12.84,105.345,324.2,1.1,1,2016-02-20,06:30,A,60,5.0       ,303.8,14.8
12.836,105.314,324.7,1.1,1,2016-02-20,06:30,A,61,5.0       ,305.1,14
12.834,105.304,322.9,1.1,1,2016-02-20,06:30,A,52,5.0       ,304.9,12.1
12.881,105.577,325.5,1.1,1.1,2016-02-20,06:30,A,79,5.0       ,306.7,16.5
12.874,105.526,324.2,1.1,1.1,2016-02-20,06:30,A,71,5.0       ,304.6,16.2
12.873,105.516,324.6,1.1,1.1,2016-02-20,06:30,A,60,5.0       ,303,16.9
12.851,105.353,337.2,1.1,1,2016-02-20,06:30,A,77,5.0       ,307.3,33
12.845,105.313,333.4,1.1,1,2016-02-20,06:30,A,85,5.0       ,307.3,26.9
12.844,105.303,326,1.1,1,2016-02-20,06:30,A,51,5.0       ,306.8,15.8
12.905,105.616,325.7,1.1,1.1,2016-02-20,06:30,A,73,5.0       ,308,17.1
12.912,105.594,328.8,1.1,1.1,2016-02-20,06:30,A,79,5.0       ,306.4,21.7
12.611,103.439,327.5,1,1,2016-02-20,06:30,A,69,5.0       ,309.7,10.3
12.981,106.026,339.4,1.2,1.1,2016-02-20,06:30,A,86,5.0       ,306.6,39.8
12.979,106.015,333.8,1.2,1.1,2016-02-20,06:30,A,69,5.0       ,309.9,29.5
12.962,105.886,333.8,1.2,1.1,2016-02-20,06:30,A,73,5.0       ,311.1,31.5
12.774,104.524,323.2,1,1,2016-02-20,06:30,A,76,5.0       ,307.2,12.8
13.136,107.112,325.4,1.4,1.2,2016-02-20,06:30,A,60,5.0       ,307.6,12
12.99,106.025,333.7,1.2,1.1,2016-02-20,06:30,A,70,5.0       ,307.5,27.6
12.971,105.885,328.1,1.2,1.1,2016-02-20,06:30,A,51,5.0       ,309.6,21.5
12.722,104.094,317.6,1,1,2016-02-20,06:30,A,48,5.0       ,304.5,8.3
12.721,104.085,340.4,1,1,2016-02-20,06:30,A,90,5.0       ,305.2,42.5
12.72,104.076,318.4,1,1,2016-02-20,06:30,A,63,5.0       ,303.7,8.6
12.543,102.843,326,1,1,2016-02-20,06:30,A,62,5.0       ,310.4,8.1
12.958,105.762,325.2,1.2,1.1,2016-02-20,06:30,A,63,5.0       ,308.8,12.4
12.82,104.733,332.2,1,1,2016-02-20,06:30,A,84,5.0       ,310.7,16.6
12.716,103.986,340.5,1,1,2016-02-20,06:30,A,90,5.0       ,308,38.1
12.715,103.977,328.4,1,1,2016-02-20,06:30,A,78,5.0       ,307.3,17.4
12.712,103.958,326.3,1,1,2016-02-20,06:30,A,77,5.0       ,308.4,14.3
12.686,103.71,324.9,1,1,2016-02-20,06:30,A,68,5.0       ,306.5,13.8
12.604,103.136,332.6,1,1,2016-02-20,06:30,A,80,5.0       ,307.1,22
12.8,104.456,335.2,1,1,2016-02-20,06:30,A,75,5.0       ,304.9,29.7
12.588,102.961,334.6,1,1,2016-02-20,06:30,A,86,5.0       ,308.6,23.8
12.812,104.474,333.7,1,1,2016-02-20,06:30,A,86,5.0       ,306,27.3
12.81,104.464,321.3,1,1,2016-02-20,06:30,A,63,5.0       ,304.5,8.8
12.63,103.188,330,1,1,2016-02-20,06:30,A,74,5.0       ,310,14.3
12.594,102.942,328.6,1,1,2016-02-20,06:30,A,59,5.0       ,308.2,13.4
12.978,105.621,325.9,1.1,1.1,2016-02-20,06:30,A,65,5.0       ,308.5,15.2
12.592,102.867,330.1,1,1,2016-02-20,06:30,A,83,5.0       ,308.9,14.6
13.293,107.867,326.4,1.6,1.2,2016-02-20,06:30,A,75,5.0       ,306.8,21.1
14.874,106.963,326.4,1.4,1.2,2016-02-20,06:35,A,78,5.0       ,306.6,15.6
14.514,104.211,324,1,1,2016-02-20,06:35,A,70,5.0       ,304.6,14.5
14.523,104.21,322.2,1,1,2016-02-20,06:35,A,42,5.0       ,305.7,11.6
13.982,99.809,320.6,1.3,1.1,2016-02-20,06:35,A,73,5.0       ,301.4,10.4
13.875,99.071,318.5,1.5,1.2,2016-02-20,06:35,A,48,5.0       ,303,17.7
15.032,106.896,327.2,1.4,1.2,2016-02-20,06:35,A,56,5.0       ,305.1,23.3
14.945,105.99,392.9,1.2,1.1,2016-02-20,06:35,A,94,5.0       ,299.3,288.5
-7.955,126.466,314.8,2.1,1.4,2016-02-20,04:50,A,0,5.0       ,298.5,28.9
-0.97,131.288,324,1,1,2016-02-20,04:50,A,62,5.0       ,303.1,13.4
-1.27,121.689,315.2,3.9,1.8,2016-02-20,04:50,A,63,5.0       ,284.3,104.4
-1.274,121.66,328.5,3.9,1.8,2016-02-20,04:50,A,81,5.0       ,288.3,226.8
-0.592,123.215,316.9,2.9,1.6,2016-02-20,04:50,A,18,5.0       ,297.9,45.1
0.127,127.877,315.7,1.3,1.1,2016-02-20,04:50,A,58,5.0       ,299.1,11.9
0.416,127.907,311.1,1.2,1.1,2016-02-20,04:50,A,0,5.0       ,296.7,7.6
0.513,121.444,318.6,3.8,1.8,2016-02-20,04:50,A,23,5.0       ,298,71.4
1.729,127.793,320.8,1.2,1.1,2016-02-20,04:50,A,73,5.0       ,296.5,21.7
6.827,124.076,312.1,1.8,1.3,2016-02-20,04:50,A,31,5.0       ,290.8,22.6
7.231,122.135,321.1,2.5,1.5,2016-02-20,04:50,A,73,5.0       ,292.6,71.1
7.46,122.1,311,2.5,1.5,2016-02-20,04:50,A,42,5.0       ,291.6,37.6
7.955,124.536,319.1,1.6,1.3,2016-02-20,04:50,A,71,5.0       ,289.9,39.5
7.953,124.521,312.6,1.6,1.3,2016-02-20,04:50,A,52,5.0       ,291.4,24.9
8.046,124.6,318.4,1.6,1.2,2016-02-20,04:50,A,44,5.0       ,299.5,21.9
7.679,122.236,313.6,2.5,1.5,2016-02-20,04:50,A,58,5.0       ,292,36.1
7.852,122.981,317.8,2.1,1.4,2016-02-20,04:50,A,68,5.0       ,294.8,39.1
7.747,122.314,315.5,2.4,1.5,2016-02-20,04:50,A,64,5.0       ,295.4,38.7
7.852,122.975,314.5,2.1,1.4,2016-02-20,04:50,A,61,5.0       ,294.5,29.4
7.755,122.308,312.2,2.4,1.5,2016-02-20,04:50,A,40,5.0       ,295.2,29.4
7.763,122.192,321.4,2.5,1.5,2016-02-20,04:50,A,74,5.0       ,297,66.8
7.976,123.188,311,2,1.4,2016-02-20,04:50,A,37,5.0       ,293.9,22.8
7.973,123.169,311.5,2.1,1.4,2016-02-20,04:50,A,33,5.0       ,294.6,22.4
7.978,123.18,315.1,2,1.4,2016-02-20,04:50,A,63,5.0       ,294.6,35.3
7.991,123.026,325,2.1,1.4,2016-02-20,04:50,A,78,5.0       ,295.3,67.3
7.988,123.007,323.3,2.1,1.4,2016-02-20,04:50,A,76,5.0       ,295.5,61.6
8.329,124.95,325.8,1.5,1.2,2016-02-20,04:50,A,66,5.0       ,303.8,27.8
8.303,123.331,312.8,2,1.4,2016-02-20,04:50,A,49,5.0       ,296.4,23.6
8.824,125.105,314.1,1.4,1.2,2016-02-20,04:50,A,0,5.0       ,301,15.5
10.78,123.05,334.1,1.9,1.3,2016-02-20,04:55,A,86,5.0       ,301.9,82
10.777,123.033,317.1,1.9,1.3,2016-02-20,04:55,A,67,5.0       ,301.5,24.6
11.777,124.885,312.1,1.3,1.1,2016-02-20,04:55,A,0,5.0       ,300.5,11.7
12.546,122.039,313.1,2.1,1.4,2016-02-20,04:55,A,43,5.0       ,297.8,30.6
12.89,121.42,316.5,2.3,1.5,2016-02-20,04:55,A,66,5.0       ,299.2,38.1
15.778,120.238,322.9,2.5,1.5,2016-02-20,04:55,A,74,5.0       ,302.2,60.2
15.786,120.23,323.6,2.5,1.5,2016-02-20,04:55,A,77,5.0       ,302.9,64.9
17.503,121.573,317,1.8,1.3,2016-02-20,04:55,A,67,5.0       ,300.3,25.4
17.501,121.557,315.7,1.8,1.3,2016-02-20,04:55,A,57,5.0       ,297.9,23.3
26.369,116.746,315,2.6,1.6,2016-02-20,04:55,A,62,5.0       ,285.6,80.1
14.943,105.979,343,1.2,1.1,2016-02-20,06:35,A,92,5.0       ,300.6,62.1
14.441,102.338,324.7,1,1,2016-02-20,06:35,A,72,5.0       ,307.6,9.8
14.771,104.406,323.2,1.1,1,2016-02-20,06:35,A,76,5.0       ,304.6,10.5
14.996,105.995,355,1.3,1.1,2016-02-20,06:35,A,97,5.0       ,300.5,99.8
14.994,105.983,350.4,1.2,1.1,2016-02-20,06:35,A,95,5.0       ,302.5,83.6
14.14,99.968,323.5,1.3,1.1,2016-02-20,06:35,A,72,5.0       ,304.4,15.2
14.816,104.543,328.4,1.1,1,2016-02-20,06:35,A,81,5.0       ,308.3,16.8
14.141,99.974,322.5,1.3,1.1,2016-02-20,06:35,A,69,5.0       ,304.5,14.1
15.013,105.975,317.6,1.2,1.1,2016-02-20,06:35,A,54,5.0       ,299.4,14.9
14.81,104.365,327.5,1.1,1,2016-02-20,06:35,A,81,5.0       ,305.5,16.1
14.022,98.839,315,1.5,1.2,2016-02-20,06:35,A,59,5.0       ,303.6,13.2
15.179,106.475,317.5,1.3,1.1,2016-02-20,06:35,A,50,5.0       ,301.6,10.4
14.599,101.85,335.3,1,1,2016-02-20,06:35,A,87,5.0       ,306,30.8
14.598,101.84,322,1,1,2016-02-20,06:35,A,46,5.0       ,303,12.3
14.13,98.78,315.2,1.5,1.2,2016-02-20,06:35,A,59,5.0       ,303.7,15.1
14.904,103.709,326.7,1,1,2016-02-20,06:35,A,80,5.0       ,308.5,10.7
14.862,103.28,328.7,1,1,2016-02-20,06:35,A,82,5.0       ,308.9,15.1
14.704,102.001,324.2,1,1,2016-02-20,06:35,A,61,5.0       ,306,11.2
14.304,99.317,323.3,1.4,1.2,2016-02-20,06:35,A,63,5.0       ,306.4,17.8
15.117,104.78,339.2,1.1,1,2016-02-20,06:35,A,89,5.0       ,305.9,38.6
15.115,104.77,328.4,1.1,1,2016-02-20,06:35,A,81,5.0       ,306,18.3
15.338,106.365,320.7,1.3,1.1,2016-02-20,06:35,A,73,5.0       ,302.3,16.5
15.337,106.353,340.4,1.3,1.1,2016-02-20,06:35,A,90,5.0       ,303.8,62
15.35,106.29,316.2,1.3,1.1,2016-02-20,06:35,A,54,5.0       ,301.6,10.2
15.409,106.511,338.3,1.4,1.2,2016-02-20,06:35,A,89,5.0       ,300.7,59.2
15.354,105.932,327.5,1.3,1.1,2016-02-20,06:35,A,70,5.0       ,306.8,16
17.238,103.827,324.8,1.1,1,2016-02-20,06:35,A,78,5.0       ,296.8,20.7
17.236,103.818,315.6,1.1,1,2016-02-20,06:35,A,57,5.0       ,296.7,8.9
17.22,103.563,321.1,1,1,2016-02-20,06:35,A,58,5.0       ,299.1,12.8
17.2,103.42,324.3,1,1,2016-02-20,06:35,A,77,5.0       ,304.4,12.7
16.858,101.05,317,1.1,1,2016-02-20,06:35,A,36,5.0       ,298.2,13.5
16.856,101.04,349.6,1.1,1,2016-02-20,06:35,A,95,5.0       ,302.2,70.2
17.32,103.971,319,1.1,1,2016-02-20,06:35,A,71,5.0       ,297.8,12.6
17.319,103.961,318.2,1.1,1,2016-02-20,06:35,A,69,5.0       ,298.9,11.3
17.279,103.667,317.1,1,1,2016-02-20,06:35,A,67,5.0       ,298.8,7.9
17.056,102.08,320.4,1,1,2016-02-20,06:35,A,73,5.0       ,303,7
17.179,102.812,322.9,1,1,2016-02-20,06:35,A,76,5.0       ,302.7,11.4
17.207,102.883,336,1,1,2016-02-20,06:35,A,87,5.0       ,304.2,29.2
16.034,95.559,321.6,2.4,1.5,2016-02-20,06:35,A,74,5.0       ,304.9,26.3
17.287,103.323,318.8,1,1,2016-02-20,06:35,A,70,5.0       ,301.5,7.2
17.156,102.33,325.4,1,1,2016-02-20,06:35,A,79,5.0       ,303.9,12.1
17.302,103.092,326,1,1,2016-02-20,06:35,A,79,5.0       ,304,14.2
16.101,95.493,332.1,2.4,1.5,2016-02-20,06:35,A,84,5.0       ,305.3,83.4
16.097,95.471,324.2,2.4,1.5,2016-02-20,06:35,A,66,5.0       ,306.2,40.8
16.114,95.491,321.8,2.4,1.5,2016-02-20,06:35,A,58,5.0       ,305.1,34.6
16.625,98.256,332.8,1.5,1.2,2016-02-20,06:35,A,85,5.0       ,304.4,51.7
16.622,98.243,321.4,1.5,1.2,2016-02-20,06:35,A,74,5.0       ,304.7,21
14.197,106.437,324.2,1.3,1.1,2016-02-20,06:30,A,74,5.0       ,302.4,22.6
14.195,106.425,320.5,1.3,1.1,2016-02-20,06:30,A,49,5.0       ,299.8,14.6
14.024,105.136,322.2,1.1,1,2016-02-20,06:30,A,41,5.0       ,305.7,10.7
13.965,104.699,327,1.1,1,2016-02-20,06:30,A,68,5.0       ,310.3,13.8
14.031,105.043,321.9,1.1,1,2016-02-20,06:30,A,41,5.0       ,306,13
13.93,104.312,327.6,1,1,2016-02-20,06:30,A,81,5.0       ,309.4,10.9
14.026,104.941,331.3,1.1,1,2016-02-20,06:30,A,84,5.0       ,311.9,14.8
13.999,104.744,335.9,1.1,1,2016-02-20,06:30,A,87,5.0       ,311.7,22.7
14.108,105.471,347.1,1.1,1.1,2016-02-20,06:30,A,94,5.0       ,305.5,62.3
14.04,104.97,337.2,1.1,1,2016-02-20,06:30,A,88,5.0       ,307.4,29.7
13.996,104.655,320,1.1,1,2016-02-20,06:30,A,40,5.0       ,304.2,9.1
14.114,105.474,328.2,1.1,1.1,2016-02-20,06:30,A,76,5.0       ,303.5,24.3
14.046,104.962,326.5,1.1,1,2016-02-20,06:30,A,64,5.0       ,305.5,13.5
13.978,104.464,333,1,1,2016-02-20,06:30,A,85,5.0       ,309.7,21.9
13.977,104.454,326.3,1,1,2016-02-20,06:30,A,74,5.0       ,308.4,10.1
13.915,104.001,325.3,1,1,2016-02-20,06:30,A,73,5.0       ,307,11
13.846,103.511,327.4,1,1,2016-02-20,06:30,A,80,5.0       ,308.7,11.2
14.094,105.254,327.7,1.1,1.1,2016-02-20,06:30,A,65,5.0       ,307.7,17.8
13.909,103.897,323.7,1,1,2016-02-20,06:30,A,56,5.0       ,304.6,8
13.178,98.952,313.9,1.5,1.2,2016-02-20,06:30,A,59,5.0       ,297.2,15.5
14.162,105.543,315.7,1.2,1.1,2016-02-20,06:30,A,59,5.0       ,301.7,8.1
14.131,105.312,320.1,1.1,1.1,2016-02-20,06:30,A,53,5.0       ,305,11.6
14.13,105.302,320.5,1.1,1.1,2016-02-20,06:30,A,27,5.0       ,304.6,11.2
14.123,105.25,354,1.1,1.1,2016-02-20,06:30,A,97,5.0       ,307.8,72.7
14.082,104.947,328.4,1.1,1,2016-02-20,06:30,A,64,5.0       ,307.1,12.9
14.08,104.937,327.1,1.1,1,2016-02-20,06:30,A,35,5.0       ,308.9,10.8
13.943,103.94,332.5,1,1,2016-02-20,06:30,A,85,5.0       ,307.8,19.9
13.929,103.838,335,1,1,2016-02-20,06:30,A,87,5.0       ,305.3,26.1
13.692,102.199,321.9,1,1,2016-02-20,06:30,A,42,5.0       ,300.4,12.8
14.043,104.592,348.6,1.1,1,2016-02-20,06:30,A,94,5.0       ,310.5,51.3
14.041,104.582,363.6,1.1,1,2016-02-20,06:30,A,100,5.0       ,311.3,93
14.009,104.284,328.6,1,1,2016-02-20,06:30,A,82,5.0       ,307.3,14.7
14.072,104.667,326.4,1.1,1,2016-02-20,06:30,A,64,5.0       ,308.9,8.8
13.969,103.926,331.9,1,1,2016-02-20,06:30,A,84,5.0       ,306.5,18.6
13.967,103.917,325.4,1,1,2016-02-20,06:30,A,58,5.0       ,306.8,9.3
14.121,104.89,326.8,1.1,1,2016-02-20,06:30,A,55,5.0       ,308.4,9.4
13.998,104.007,323.1,1,1,2016-02-20,06:30,A,38,5.0       ,304.7,10.9
13.988,103.933,329.5,1,1,2016-02-20,06:30,A,68,5.0       ,306.4,15.4
13.975,103.84,344.1,1,1,2016-02-20,06:30,A,92,5.0       ,307,41.6
13.974,103.831,329.9,1,1,2016-02-20,06:30,A,83,5.0       ,303.9,17.7
13.972,103.822,339.5,1,1,2016-02-20,06:30,A,89,5.0       ,305.1,34.5
13.971,103.812,379.7,1,1,2016-02-20,06:30,A,100,5.0       ,308.3,148.3
14.128,104.894,326.8,1.1,1,2016-02-20,06:30,A,80,5.0       ,307.8,8.8
13.954,103.63,324.6,1,1,2016-02-20,06:30,A,74,5.0       ,305.1,12.6
14.105,104.656,357.3,1.1,1,2016-02-20,06:30,A,98,5.0       ,307.4,76.9
14.063,104.348,334.9,1,1,2016-02-20,06:30,A,87,5.0       ,309.6,23.2
14.062,104.339,327.6,1,1,2016-02-20,06:30,A,71,5.0       ,309.4,12.3
14.011,103.971,331.4,1,1,2016-02-20,06:30,A,84,5.0       ,306.7,18.6
14.002,103.906,323,1,1,2016-02-20,06:30,A,40,5.0       ,304.9,7.7
14.186,105.183,326.3,1.1,1.1,2016-02-20,06:30,A,79,5.0       ,306,11.7
14.187,105.121,336.4,1.1,1,2016-02-20,06:30,A,80,5.0       ,307.2,29.7
14.064,104.222,326.5,1,1,2016-02-20,06:30,A,52,5.0       ,308.4,10.8
14.025,103.941,332.7,1,1,2016-02-20,06:30,A,85,5.0       ,305.8,21.9
14.024,103.931,344.7,1,1,2016-02-20,06:30,A,92,5.0       ,305.7,43.5
14.217,105.273,321.4,1.1,1.1,2016-02-20,06:30,A,62,5.0       ,305.4,15.2
14.118,104.546,328.4,1.1,1,2016-02-20,06:30,A,64,5.0       ,305.1,14.5
14.117,104.536,330,1.1,1,2016-02-20,06:30,A,77,5.0       ,306.3,18.1
14.075,104.23,328.6,1,1,2016-02-20,06:30,A,67,5.0       ,308.1,14.5
14.073,104.221,338.4,1,1,2016-02-20,06:30,A,89,5.0       ,306.1,29.1
14.034,103.939,323.6,1,1,2016-02-20,06:30,A,40,5.0       ,304.8,9.2
14.141,104.641,326.8,1.1,1,2016-02-20,06:30,A,61,5.0       ,308.8,13.1
14.088,104.257,324.8,1,1,2016-02-20,06:30,A,60,5.0       ,308,10.8
14.063,104.078,328.3,1,1,2016-02-20,06:30,A,69,5.0       ,307.3,16.2
14.157,104.689,335.9,1.1,1,2016-02-20,06:30,A,87,5.0       ,310.7,22.5
14.155,104.679,334.3,1.1,1,2016-02-20,06:30,A,86,5.0       ,309.8,21
14.134,104.524,328.7,1.1,1,2016-02-20,06:30,A,66,5.0       ,306.1,14.4
14.034,103.807,326.6,1,1,2016-02-20,06:30,A,80,5.0       ,306,10.6
14.233,105.177,328.1,1.1,1.1,2016-02-20,06:30,A,43,5.0       ,307.8,17.9
14.159,104.639,331.8,1.1,1,2016-02-20,06:30,A,82,5.0       ,307.6,18.8
14.093,104.16,327.2,1,1,2016-02-20,06:30,A,70,5.0       ,308.8,12.3
14.073,104.019,333.2,1,1,2016-02-20,06:30,A,85,5.0       ,309.5,20.2
14.083,104.027,326.5,1,1,2016-02-20,06:30,A,71,5.0       ,308.6,8.9
13.682,101.263,319.6,1.1,1,2016-02-20,06:30,A,71,5.0       ,303.7,12.4
14.093,103.962,351.9,1,1,2016-02-20,06:30,A,96,5.0       ,308.9,56.7
14.092,103.953,340.6,1,1,2016-02-20,06:30,A,90,5.0       ,309.1,32.6
14.067,103.776,328.2,1,1,2016-02-20,06:30,A,66,5.0       ,306.1,15.8
14.066,103.767,342.1,1,1,2016-02-20,06:30,A,91,5.0       ,308,39
14.075,103.766,333,1,1,2016-02-20,06:30,A,85,5.0       ,306.7,23
14.175,104.423,327.7,1,1,2016-02-20,06:30,A,81,5.0       ,306.6,14.3
14.174,104.413,326.3,1,1,2016-02-20,06:30,A,75,5.0       ,306.3,11.8
14.144,104.194,338.7,1,1,2016-02-20,06:30,A,89,5.0       ,308.2,30.4
14.252,104.92,329.4,1.1,1,2016-02-20,06:30,A,82,5.0       ,311.2,12
14.344,105.461,325.3,1.2,1.1,2016-02-20,06:30,A,77,5.0       ,306.2,16.6
13.754,101.317,324.9,1.1,1,2016-02-20,06:30,A,78,5.0       ,306.1,13.4
14.261,104.777,338.3,1.1,1,2016-02-20,06:30,A,89,5.0       ,313.1,23.6
14.18,104.189,328.2,1,1,2016-02-20,06:30,A,81,5.0       ,309.9,12
14.486,106.305,333.5,1.3,1.1,2016-02-20,06:30,A,80,5.0       ,306.7,41
14.302,104.933,331,1.1,1,2016-02-20,06:30,A,84,5.0       ,307.9,14.8
13.708,100.82,321.7,1.2,1.1,2016-02-20,06:30,A,73,5.0       ,303.1,15.3
14.257,104.493,330.8,1.1,1,2016-02-20,06:30,A,83,5.0       ,309.4,15.9
14.175,103.83,329.2,1,1,2016-02-20,06:30,A,71,5.0       ,308.7,13
14.029,102.801,330.7,1,1,2016-02-20,06:30,A,74,5.0       ,307,17.5
14.028,102.792,327.6,1,1,2016-02-20,06:30,A,38,5.0       ,304.6,12.9
14.013,102.691,325.8,1,1,2016-02-20,06:30,A,79,5.0       ,308.1,9.2
14.312,104.754,338.3,1.1,1,2016-02-20,06:30,A,89,5.0       ,308.9,28.7
14.547,106.388,324.5,1.3,1.1,2016-02-20,06:30,A,34,5.0       ,307.4,14.4
14.545,106.376,337.2,1.3,1.1,2016-02-20,06:30,A,88,5.0       ,307,44.9
14.555,106.375,328,1.3,1.1,2016-02-20,06:30,A,62,5.0       ,302.9,23.5
14.599,106.629,323.7,1.4,1.2,2016-02-20,06:30,A,45,5.0       ,302.6,20.8
14.354,104.788,334.7,1.1,1,2016-02-20,06:30,A,82,5.0       ,307.8,25.6
14.353,104.778,330.8,1.1,1,2016-02-20,06:30,A,76,5.0       ,307.4,18.2
14.6,106.554,323.8,1.3,1.1,2016-02-20,06:30,A,76,5.0       ,304.3,19.6
14.237,103.811,326.5,1,1,2016-02-20,06:30,A,64,5.0       ,310,11.5
13.625,99.683,325.3,1.3,1.1,2016-02-20,06:30,A,75,5.0       ,306.9,16.5
13.623,99.671,326.3,1.3,1.1,2016-02-20,06:30,A,69,5.0       ,306,20.1
14.612,106.49,331.7,1.3,1.1,2016-02-20,06:30,A,69,5.0       ,308.8,27.6
14.61,106.477,344.2,1.3,1.1,2016-02-20,06:30,A,92,5.0       ,309.7,57.9
14.61,106.483,337.6,1.3,1.1,2016-02-20,06:30,A,88,5.0       ,309.2,41.3
14.648,106.705,327.1,1.4,1.2,2016-02-20,06:30,A,44,5.0       ,307.1,19.2
14.111,102.725,326.1,1,1,2016-02-20,06:30,A,66,5.0       ,307.3,9.3
14.659,106.703,328.4,1.4,1.2,2016-02-20,06:30,A,76,5.0       ,309.4,22.5
14.657,106.691,328,1.4,1.2,2016-02-20,06:30,A,71,5.0       ,308.5,20.2
14.38,104.576,315.6,1.1,1,2016-02-20,06:30,A,64,5.0       ,303.2,9.3
13.932,101.459,342.3,1.1,1,2016-02-20,06:30,A,91,5.0       ,308.1,40.2
14.641,106.479,333,1.3,1.1,2016-02-20,06:30,A,72,5.0       ,306.5,32.9
14.662,106.563,325.4,1.3,1.1,2016-02-20,06:30,A,78,5.0       ,306,21
14.402,104.534,317.3,1.1,1,2016-02-20,06:30,A,68,5.0       ,302.5,12.6
14.371,104.303,322.1,1,1,2016-02-20,06:30,A,56,5.0       ,302.9,15
14.3,103.795,329.2,1,1,2016-02-20,06:30,A,78,5.0       ,306.1,16.4
14.299,103.786,330,1,1,2016-02-20,06:30,A,83,5.0       ,308,18
14.248,103.36,327,1,1,2016-02-20,06:30,A,80,5.0       ,307.3,11
14.044,101.896,352.9,1,1,2016-02-20,06:30,A,96,5.0       ,305.6,66.6
14.332,103.762,323.1,1,1,2016-02-20,06:30,A,74,5.0       ,306.2,8
13.948,101.029,327,1.1,1.1,2016-02-20,06:30,A,80,5.0       ,301,22.3
13.947,101.019,321.1,1.1,1.1,2016-02-20,06:30,A,74,5.0       ,302.3,13.3
14.795,106.981,325.7,1.4,1.2,2016-02-20,06:30,A,73,5.0       ,305.5,15.9
14.358,103.686,331.6,1,1,2016-02-20,06:30,A,84,5.0       ,308.8,17.7
13.714,99.35,324.7,1.4,1.2,2016-02-20,06:30,A,55,5.0       ,306.9,20.6
14.791,106.783,345.1,1.4,1.2,2016-02-20,06:30,A,93,5.0       ,307.2,70.5
14.79,106.77,325.8,1.4,1.2,2016-02-20,06:30,A,76,5.0       ,303.4,17.6
13.724,99.348,324.2,1.4,1.2,2016-02-20,06:30,A,52,5.0       ,307.5,19
14.802,106.782,326.3,1.4,1.2,2016-02-20,06:30,A,72,5.0       ,303.6,19.9
14.37,103.514,330.7,1,1,2016-02-20,06:30,A,61,5.0       ,307.7,20.7
12.2,106.196,353.3,1.2,1.1,2016-02-20,06:30,A,97,5.0       ,310.6,77.6
12.198,106.185,327.2,1.2,1.1,2016-02-20,06:30,A,70,5.0       ,307.8,13.9
12.279,106.722,339,1.3,1.1,2016-02-20,06:30,A,89,5.0       ,312,37.7
12.277,106.711,365.6,1.3,1.1,2016-02-20,06:30,A,100,5.0       ,313.7,125.4
12.164,105.781,327,1.1,1.1,2016-02-20,06:30,A,57,5.0       ,308.9,13.8
12.457,107.944,325.6,1.6,1.2,2016-02-20,06:30,A,71,5.0       ,304.5,30.2
17.256,102.317,322.4,1,1,2016-02-20,06:35,A,75,5.0       ,303.1,9.3
17.254,102.308,339.8,1,1,2016-02-20,06:35,A,90,5.0       ,303.6,36
16.63,98.264,326.5,1.5,1.2,2016-02-20,06:35,A,62,5.0       ,302,36.1
16.627,98.25,325.7,1.5,1.2,2016-02-20,06:35,A,70,5.0       ,304.7,32
16.602,97.906,327,1.6,1.2,2016-02-20,06:35,A,50,5.0       ,310.6,23.7
18.564,99.554,318.9,1.2,1.1,2016-02-20,06:35,A,69,5.0       ,306.2,9.9
18.696,100.174,317.4,1.1,1,2016-02-20,06:35,A,65,5.0       ,301.6,12.5
18.85,100.205,323.3,1.1,1,2016-02-20,06:35,A,76,5.0       ,304,14.6
18.932,100.319,324.3,1.1,1,2016-02-20,06:35,A,56,5.0       ,303.9,14.6
18.796,99.45,315,1.2,1.1,2016-02-20,06:35,A,60,5.0       ,304,10.4
18.867,99.716,318,1.1,1.1,2016-02-20,06:35,A,69,5.0       ,300.6,12.9
19.032,99.901,318.7,1.1,1.1,2016-02-20,06:35,A,41,5.0       ,295.4,12.7
19.06,99.896,323.4,1.1,1.1,2016-02-20,06:35,A,76,5.0       ,296.4,18
18.99,99.198,319.4,1.2,1.1,2016-02-20,06:35,A,71,5.0       ,303.4,16.4
18.988,99.187,324.6,1.2,1.1,2016-02-20,06:35,A,78,5.0       ,304.6,24.5
19.453,101.02,313,1,1,2016-02-20,06:35,A,57,5.0       ,292.3,12.5
19.174,98.303,327.5,1.3,1.1,2016-02-20,06:35,A,81,5.0       ,299.1,39.1
19.316,98.987,319.9,1.2,1.1,2016-02-20,06:35,A,54,5.0       ,305.1,12.8
19.183,97.323,328.7,1.6,1.2,2016-02-20,06:35,A,82,5.0       ,309.5,33.2
18.83,94.97,329.5,2.3,1.5,2016-02-20,06:35,A,82,5.0       ,310.4,57.5
18.826,94.966,329.3,2.3,1.5,2016-02-20,06:35,A,82,5.0       ,310.2,56.3
19.192,96.64,310.6,1.7,1.3,2016-02-20,06:35,A,41,5.0       ,298.6,17.8
19.189,96.626,314,1.7,1.3,2016-02-20,06:35,A,60,5.0       ,298,25.9
19.228,96.715,311.2,1.7,1.3,2016-02-20,06:35,A,47,5.0       ,298.8,17.2
19.225,96.698,315.4,1.7,1.3,2016-02-20,06:35,A,64,5.0       ,299.2,26.7
19.226,96.708,319,1.7,1.3,2016-02-20,06:35,A,70,5.0       ,299,33.9
19.531,97.675,316.1,1.5,1.2,2016-02-20,06:35,A,27,5.0       ,303.7,12.8
19.542,97.673,317.2,1.5,1.2,2016-02-20,06:35,A,60,5.0       ,303.5,14.6
19.539,97.659,316.6,1.5,1.2,2016-02-20,06:35,A,64,5.0       ,304.7,13
19.836,98.648,316.5,1.3,1.1,2016-02-20,06:35,A,52,5.0       ,303,12.2
19.916,99.015,337.2,1.2,1.1,2016-02-20,06:35,A,88,5.0       ,300.5,51.5
19.85,98.609,317.6,1.3,1.1,2016-02-20,06:35,A,50,5.0       ,304,12.4
19.284,95.156,324.3,2.2,1.4,2016-02-20,06:35,A,63,5.0       ,308.6,36.1
19.29,95.111,322.2,2.2,1.4,2016-02-20,06:35,A,56,5.0       ,308.9,24
19.183,94.189,317.8,2.6,1.6,2016-02-20,06:35,A,68,5.0       ,302.2,44.1
20.006,98.743,315,1.2,1.1,2016-02-20,06:35,A,42,5.0       ,303.1,9.5
19.962,98.348,318.2,1.3,1.1,2016-02-20,06:35,A,69,5.0       ,301.8,20.5
19.622,96.313,320.3,1.8,1.3,2016-02-20,06:35,A,48,5.0       ,306.3,20.7
19.441,95.003,322.7,2.3,1.5,2016-02-20,06:35,A,76,5.0       ,308.3,29.1
19.373,94.635,325.4,2.4,1.5,2016-02-20,06:35,A,78,5.0       ,306.5,52.5
19.454,95.001,358.1,2.3,1.5,2016-02-20,06:35,A,99,5.0       ,308.4,244.9
19.45,94.979,342.2,2.3,1.5,2016-02-20,06:35,A,91,5.0       ,308.9,128
20.204,99.355,322.1,1.1,1.1,2016-02-20,06:35,A,72,5.0       ,300,21.7
19.937,97.699,322,1.4,1.2,2016-02-20,06:35,A,69,5.0       ,306.4,16.7
19.525,95.022,320.6,2.2,1.5,2016-02-20,06:35,A,73,5.0       ,308.7,23.7
19.855,96.799,311.2,1.6,1.3,2016-02-20,06:35,A,47,5.0       ,298.5,14.9
19.479,94.628,319.6,2.4,1.5,2016-02-20,06:35,A,52,5.0       ,305.2,33.8
20.149,98.362,318.5,1.3,1.1,2016-02-20,06:35,A,70,5.0       ,304.4,15.2
19.907,96.898,321.3,1.6,1.3,2016-02-20,06:35,A,57,5.0       ,303.4,27
19.918,96.895,338.3,1.6,1.3,2016-02-20,06:35,A,89,5.0       ,305.1,74.8
19.92,96.906,322.8,1.6,1.2,2016-02-20,06:35,A,71,5.0       ,302,26.4
19.917,96.89,332.5,1.6,1.3,2016-02-20,06:35,A,85,5.0       ,306,54.6
19.677,95.137,324.7,2.2,1.4,2016-02-20,06:35,A,76,5.0       ,308.4,35.1
20.159,97.815,323.5,1.4,1.2,2016-02-20,06:35,A,76,5.0       ,309.1,13.2
19.677,95.13,323,2.2,1.4,2016-02-20,06:35,A,54,5.0       ,308.3,28
19.669,94.806,323.2,2.3,1.5,2016-02-20,06:35,A,61,5.0       ,305.6,35.7
19.774,95.087,323.5,2.2,1.4,2016-02-20,06:35,A,57,5.0       ,309.5,25.6
19.771,95.067,330.1,2.2,1.4,2016-02-20,06:35,A,83,5.0       ,309.2,55.3
19.767,95.048,332.4,2.2,1.4,2016-02-20,06:35,A,85,5.0       ,309.4,67.7
19.763,95.026,322.4,2.2,1.4,2016-02-20,06:35,A,70,5.0       ,307.9,23.8
19.733,94.858,321.1,2.3,1.5,2016-02-20,06:35,A,68,5.0       ,308.4,21.6
20.542,99.587,332.5,1.1,1,2016-02-20,06:35,A,85,5.0       ,301.8,39
20.548,99.564,315.7,1.1,1,2016-02-20,06:35,A,59,5.0       ,300.4,13
19.773,95.083,324.3,2.2,1.4,2016-02-20,06:35,A,67,5.0       ,309.2,28.4
19.769,95.063,329.6,2.2,1.4,2016-02-20,06:35,A,82,5.0       ,309.6,53.9
19.766,95.043,332.2,2.2,1.4,2016-02-20,06:35,A,85,5.0       ,309,67.1
19.689,94.568,324.9,2.4,1.5,2016-02-20,06:35,A,70,5.0       ,307,54.6
20.583,99.665,332.3,1.1,1,2016-02-20,06:35,A,85,5.0       ,301,38.4
19.971,96.02,322.3,1.9,1.3,2016-02-20,06:35,A,72,5.0       ,308.7,24.7
20.357,98.128,314.3,1.3,1.1,2016-02-20,06:35,A,44,5.0       ,302,10
20.338,97.949,324.6,1.4,1.2,2016-02-20,06:35,A,67,5.0       ,308.8,18.6
20.341,97.779,317.4,1.4,1.2,2016-02-20,06:35,A,46,5.0       ,299,20.7
20.61,99.363,310.3,1.1,1.1,2016-02-20,06:35,A,28,5.0       ,297.9,9
20.511,97.815,323.6,1.4,1.2,2016-02-20,06:35,A,72,5.0       ,304.6,26
20.521,97.813,334.9,1.4,1.2,2016-02-20,06:35,A,87,5.0       ,303.4,50.1
20.542,97.828,322.6,1.4,1.2,2016-02-20,06:35,A,50,5.0       ,304.9,21
20.406,96.84,322,1.6,1.2,2016-02-20,06:35,A,55,5.0       ,307.6,19.4
20.629,97.904,325.1,1.3,1.2,2016-02-20,06:35,A,78,5.0       ,306.6,22.6
20.627,97.891,327.8,1.4,1.2,2016-02-20,06:35,A,81,5.0       ,304.4,28.4
21.034,100.376,311.5,1,1,2016-02-20,06:35,A,49,5.0       ,287.7,13
20.635,97.897,326.5,1.3,1.2,2016-02-20,06:35,A,80,5.0       ,305.6,26.5
20.624,97.702,311.8,1.4,1.2,2016-02-20,06:35,A,23,5.0       ,300.4,10.9
20.642,97.685,319.3,1.4,1.2,2016-02-20,06:35,A,65,5.0       ,301.3,21
20.655,97.696,317,1.4,1.2,2016-02-20,06:35,A,54,5.0       ,299.9,17.6
20.688,97.532,326.2,1.4,1.2,2016-02-20,06:35,A,79,5.0       ,305.5,32.7
20.686,97.52,319.6,1.4,1.2,2016-02-20,06:35,A,55,5.0       ,303.4,20.3
20.258,94.569,322.6,2.3,1.5,2016-02-20,06:35,A,41,5.0       ,307.8,28.9
20.26,94.431,328.3,2.4,1.5,2016-02-20,06:35,A,81,5.0       ,306.8,69.9
20.255,94.41,325.8,2.4,1.5,2016-02-20,06:35,A,79,5.0       ,305.6,59.1
21.277,100.154,312.1,1,1,2016-02-20,06:35,A,53,5.0       ,297.2,12.1
20.37,94.377,320.8,2.4,1.5,2016-02-20,06:35,A,60,5.0       ,306.6,38.5
20.365,94.374,323.5,2.4,1.5,2016-02-20,06:35,A,65,5.0       ,306.7,47.7
20.898,97.015,328.4,1.5,1.2,2016-02-20,06:35,A,59,5.0       ,308.9,33.5
21.313,99.486,311.6,1.1,1,2016-02-20,06:35,A,50,5.0       ,299.1,9.3
20.444,94.357,319.6,2.4,1.5,2016-02-20,06:35,A,65,5.0       ,306.9,34.1
20.98,97.081,323.6,1.5,1.2,2016-02-20,06:35,A,76,5.0       ,308.4,17.7
20.978,97.067,328.8,1.5,1.2,2016-02-20,06:35,A,82,5.0       ,308,30.3
20.965,96.995,326.7,1.5,1.2,2016-02-20,06:35,A,72,5.0       ,309,25.1
20.992,97.019,337,1.5,1.2,2016-02-20,06:35,A,88,5.0       ,308.6,52.6
21.095,97.211,326.4,1.5,1.2,2016-02-20,06:35,A,71,5.0       ,310.8,24.9
21.101,97.123,326.5,1.5,1.2,2016-02-20,06:35,A,78,5.0       ,313.1,20.2
21.306,98.155,319.7,1.3,1.1,2016-02-20,06:35,A,50,5.0       ,301.6,12.6
21.028,96.5,342.5,1.6,1.3,2016-02-20,06:35,A,91,5.0       ,307.2,93.1
21.039,96.497,323,1.6,1.3,2016-02-20,06:35,A,71,5.0       ,305.2,30.3
21.155,97.112,323.1,1.5,1.2,2016-02-20,06:35,A,76,5.0       ,309.4,16.1
21.039,96.491,319.7,1.6,1.3,2016-02-20,06:35,A,22,5.0       ,305.3,20.2
21.032,96.324,324.2,1.7,1.3,2016-02-20,06:35,A,71,5.0       ,308.8,27
21.049,96.289,325.3,1.7,1.3,2016-02-20,06:35,A,49,5.0       ,308.4,27.6
21.181,96.85,320.3,1.5,1.2,2016-02-20,06:35,A,57,5.0       ,307.8,16
21.179,96.836,330.8,1.5,1.2,2016-02-20,06:35,A,83,5.0       ,307.6,41.5
21.741,100.23,334.8,1,1,2016-02-20,06:35,A,86,5.0       ,301.2,37.5
21.74,100.22,346,1,1,2016-02-20,06:35,A,93,5.0       ,304.1,59
21.246,97.102,324.6,1.5,1.2,2016-02-20,06:35,A,74,5.0       ,306.7,28.4
21.749,100.223,321.4,1,1,2016-02-20,06:35,A,74,5.0       ,301,18.6
21.249,97.096,319,1.5,1.2,2016-02-20,06:35,A,70,5.0       ,305.8,18.3
21.316,96.946,323.5,1.5,1.2,2016-02-20,06:35,A,59,5.0       ,305.3,29.5
21.331,96.381,323.4,1.6,1.3,2016-02-20,06:35,A,76,5.0       ,304.1,34.3
21.77,98.806,313.3,1.2,1.1,2016-02-20,06:35,A,53,5.0       ,296.4,15
21.528,97.2,316.1,1.4,1.2,2016-02-20,06:35,A,65,5.0       ,302.9,16.6
21.533,97.192,314.3,1.4,1.2,2016-02-20,06:35,A,61,5.0       ,302.9,13.8
21.953,99.56,316.3,1.1,1,2016-02-20,06:35,A,66,5.0       ,300.4,11.9
21.599,97.136,320.6,1.5,1.2,2016-02-20,06:35,A,73,5.0       ,302.2,28.3
21.597,97.122,337.8,1.5,1.2,2016-02-20,06:35,A,88,5.0       ,303.7,72.2
21.515,96.509,325.2,1.6,1.2,2016-02-20,06:35,A,48,5.0       ,306.9,30.5
21.515,96.504,320.2,1.6,1.2,2016-02-20,06:35,A,47,5.0       ,307,22.4
21.512,96.49,320.5,1.6,1.2,2016-02-20,06:35,A,41,5.0       ,306,22.1
21.626,96.879,320.4,1.5,1.2,2016-02-20,06:35,A,28,5.0       ,305,17.5
21.82,97.347,314.9,1.4,1.2,2016-02-20,06:35,A,62,5.0       ,303.7,16.2
22.013,98.401,318.4,1.2,1.1,2016-02-20,06:35,A,64,5.0       ,306,12.5
21.961,97.956,320.5,1.3,1.1,2016-02-20,06:35,A,52,5.0       ,303.9,14.3
21.971,97.954,322.7,1.3,1.1,2016-02-20,06:35,A,65,5.0       ,305.9,19.3
22.094,98.333,317.4,1.2,1.1,2016-02-20,06:35,A,50,5.0       ,304.2,11.7
21.833,96.407,317.5,1.6,1.2,2016-02-20,06:35,A,57,5.0       ,301.9,21.1
21.831,96.392,318.6,1.6,1.2,2016-02-20,06:35,A,61,5.0       ,302.7,21.7
22.342,99.225,331.2,1.1,1,2016-02-20,06:35,A,84,5.0       ,298.8,36.3
12.769,103.969,320.9,1,1,2016-02-20,06:30,A,73,5.0       ,305.4,11
12.985,105.462,341.7,1.1,1.1,2016-02-20,06:30,A,91,5.0       ,310.3,45.4
12.995,105.461,338.7,1.1,1.1,2016-02-20,06:30,A,83,5.0       ,309,37.8
12.691,103.235,326.6,1,1,2016-02-20,06:30,A,59,5.0       ,307.8,9.4
12.675,103.125,340.7,1,1,2016-02-20,06:30,A,90,5.0       ,308.2,31.5
12.674,103.116,332.6,1,1,2016-02-20,06:30,A,79,5.0       ,310.7,18.3
12.872,104.439,337.3,1,1,2016-02-20,06:30,A,88,5.0       ,308,32.8
12.666,102.99,343.7,1,1,2016-02-20,06:30,A,92,5.0       ,311.6,39.2
12.881,104.438,343.4,1,1,2016-02-20,06:30,A,92,5.0       ,307.9,45
12.698,103.143,327,1,1,2016-02-20,06:30,A,56,5.0       ,307.7,9.6
13.01,105.318,333.1,1.1,1,2016-02-20,06:30,A,71,5.0       ,311.5,18.2
13.02,105.317,330.5,1.1,1,2016-02-20,06:30,A,38,5.0       ,309.6,16.7
12.645,102.655,324.8,1,1,2016-02-20,06:30,A,78,5.0       ,304.8,20.3
13.315,107.489,336.9,1.5,1.2,2016-02-20,06:30,A,88,5.0       ,308.2,47.1
13.313,107.475,327.5,1.5,1.2,2016-02-20,06:30,A,62,5.0       ,306.6,20.5
12.683,102.79,326.2,1,1,2016-02-20,06:30,A,53,5.0       ,309.1,11.1
12.813,103.629,319.6,1,1,2016-02-20,06:30,A,64,5.0       ,304.5,9.1
13.319,107.271,334.8,1.4,1.2,2016-02-20,06:30,A,78,5.0       ,308.6,44.2
12.735,103.026,327.5,1,1,2016-02-20,06:30,A,70,5.0       ,311.1,10.5
12.874,103.8,327.8,1,1,2016-02-20,06:30,A,76,5.0       ,307.4,18.7
12.884,103.808,355.4,1,1,2016-02-20,06:30,A,0,5.0       ,305.1,72
12.887,103.761,323.1,1,1,2016-02-20,06:30,A,74,5.0       ,306.3,13.8
12.885,103.752,317.4,1,1,2016-02-20,06:30,A,54,5.0       ,304.7,7.2
13.563,108.37,334.8,1.7,1.3,2016-02-20,06:30,A,76,5.0       ,304.7,56.2
13.306,106.325,332.2,1.2,1.1,2016-02-20,06:30,A,48,5.0       ,306.6,33.1
13.062,104.55,326.6,1,1,2016-02-20,06:30,A,80,5.0       ,305.4,15.7
13.061,104.54,324.1,1,1,2016-02-20,06:30,A,77,5.0       ,305.4,11.9
12.917,103.523,321,1,1,2016-02-20,06:30,A,64,5.0       ,306.7,9.1
13.572,108.363,338.2,1.7,1.3,2016-02-20,06:30,A,89,5.0       ,302.7,69.9
13.145,105.023,329.2,1.1,1,2016-02-20,06:30,A,68,5.0       ,310.9,18.3
12.965,103.659,316.5,1,1,2016-02-20,06:30,A,66,5.0       ,303.5,7.7
12.952,103.567,319.5,1,1,2016-02-20,06:30,A,71,5.0       ,304.7,8.7
13.612,108.504,322.4,1.8,1.3,2016-02-20,06:30,A,70,5.0       ,300.3,28.8
13.339,106.337,329.7,1.3,1.1,2016-02-20,06:30,A,39,5.0       ,302.2,25.2
13.153,104.942,325.8,1.1,1,2016-02-20,06:30,A,65,5.0       ,309.3,17
13.346,106.312,343.7,1.2,1.1,2016-02-20,06:30,A,92,5.0       ,306.8,53.7
13.344,106.301,345.1,1.2,1.1,2016-02-20,06:30,A,93,5.0       ,306.1,58
13.119,104.564,324.8,1,1,2016-02-20,06:30,A,70,5.0       ,308.1,10.1
12.956,103.408,328.8,1,1,2016-02-20,06:30,A,29,5.0       ,311.7,11
13.366,106.31,331.6,1.2,1.1,2016-02-20,06:30,A,60,5.0       ,305.6,27.5
13.364,106.298,344.2,1.2,1.1,2016-02-20,06:30,A,92,5.0       ,303.3,57
13.34,106.119,329.7,1.2,1.1,2016-02-20,06:30,A,74,5.0       ,308.2,18.5
13.339,106.108,339.5,1.2,1.1,2016-02-20,06:30,A,89,5.0       ,307.3,38.8
13.307,105.867,323.8,1.2,1.1,2016-02-20,06:30,A,50,5.0       ,307,14.8
13.371,106.274,341.7,1.2,1.1,2016-02-20,06:30,A,91,5.0       ,307.9,48.8
13.349,106.106,349.3,1.2,1.1,2016-02-20,06:30,A,95,5.0       ,308,67.9
13.373,106.216,442.8,1.2,1.1,2016-02-20,06:30,A,100,5.0       ,324.4,809.5
13.372,106.205,381.7,1.2,1.1,2016-02-20,06:30,A,100,5.0       ,310.2,204.9
13.358,106.105,356.4,1.2,1.1,2016-02-20,06:30,A,98,5.0       ,305.1,92.1
13.357,106.094,326.5,1.2,1.1,2016-02-20,06:30,A,78,5.0       ,305.1,16
13.127,104.297,326.5,1,1,2016-02-20,06:30,A,56,5.0       ,308.1,10.3
13.454,106.686,327.2,1.3,1.1,2016-02-20,06:30,A,58,5.0       ,303.3,18.3
13.135,104.287,329.6,1,1,2016-02-20,06:30,A,68,5.0       ,309.4,15.5
13.274,105.231,327.8,1.1,1,2016-02-20,06:30,A,66,5.0       ,307.9,16.2
13.584,107.545,321.8,1.5,1.2,2016-02-20,06:30,A,56,5.0       ,302.6,19.6
12.952,102.871,330.4,1,1,2016-02-20,06:30,A,83,5.0       ,307.8,16.8
12.951,102.862,334.4,1,1,2016-02-20,06:30,A,86,5.0       ,308,23.1
12.95,102.853,334.4,1,1,2016-02-20,06:30,A,86,5.0       ,306.8,22.9
13.165,104.301,330.4,1,1,2016-02-20,06:30,A,83,5.0       ,308.8,14.9
13.164,104.292,328.9,1,1,2016-02-20,06:30,A,82,5.0       ,309.1,13.3
14.992,103.292,331.7,1,1,2016-02-20,06:35,A,84,5.0       ,306.5,18.1
15.015,103.32,325.2,1,1,2016-02-20,06:35,A,78,5.0       ,306.8,9.6
15.49,106.77,322.7,1.4,1.2,2016-02-20,06:35,A,58,5.0       ,302.8,21.9
14.381,98.779,321.7,1.5,1.2,2016-02-20,06:35,A,73,5.0       ,305.8,21.9
14.379,98.766,324.2,1.5,1.2,2016-02-20,06:35,A,77,5.0       ,305.6,28.1
14.42,98.815,315.4,1.5,1.2,2016-02-20,06:35,A,37,5.0       ,304.2,10.4
15.02,102.711,326.9,1,1,2016-02-20,06:35,A,80,5.0       ,307.4,11.7
15.519,106.343,320.3,1.3,1.1,2016-02-20,06:35,A,70,5.0       ,303.1,16.5
15.517,106.331,319.4,1.3,1.1,2016-02-20,06:35,A,71,5.0       ,301.9,12.9
15.516,106.319,334.3,1.3,1.1,2016-02-20,06:35,A,86,5.0       ,302.5,41.7
15.393,105.358,327.6,1.2,1.1,2016-02-20,06:35,A,81,5.0       ,305.6,17.4
15.538,106.418,325.1,1.3,1.2,2016-02-20,06:35,A,78,5.0       ,301.6,27.6
15.492,106.054,323.2,1.3,1.1,2016-02-20,06:35,A,66,5.0       ,304.5,15.5
15.402,105.356,326.4,1.2,1.1,2016-02-20,06:35,A,80,5.0       ,306.5,14.9
15.503,106.052,322.4,1.3,1.1,2016-02-20,06:35,A,64,5.0       ,304.4,13.1
15.262,104.238,320.1,1,1,2016-02-20,06:35,A,65,5.0       ,303,8.4
15.565,106.376,328.1,1.3,1.1,2016-02-20,06:35,A,81,5.0       ,301.7,30.7
15.499,105.864,323,1.2,1.1,2016-02-20,06:35,A,50,5.0       ,305.5,11.2
14.717,100.25,327.3,1.2,1.1,2016-02-20,06:35,A,76,5.0       ,299.6,27.8
15.534,105.824,325.6,1.2,1.1,2016-02-20,06:35,A,73,5.0       ,306.7,11.8
15.535,105.83,326.2,1.2,1.1,2016-02-20,06:35,A,75,5.0       ,306.9,13.6
15.231,103.483,329.6,1,1,2016-02-20,06:35,A,82,5.0       ,306.2,18.2
15.265,103.659,322.8,1,1,2016-02-20,06:35,A,39,5.0       ,304.3,9.5
15.24,103.482,328.9,1,1,2016-02-20,06:35,A,82,5.0       ,306.3,17.8
15.645,106.298,333.9,1.3,1.1,2016-02-20,06:35,A,86,5.0       ,304.7,40.6
14.89,100.909,332.9,1.1,1.1,2016-02-20,06:35,A,85,5.0       ,300.9,33.5
14.571,98.607,328.2,1.5,1.2,2016-02-20,06:35,A,81,5.0       ,306.9,39.6
15.306,103.427,322.9,1,1,2016-02-20,06:35,A,66,5.0       ,303.1,12.1
14.576,98.614,329.7,1.5,1.2,2016-02-20,06:35,A,82,5.0       ,307.6,45.7
15.164,102.308,327.1,1,1,2016-02-20,06:35,A,80,5.0       ,307.5,12.2
15.345,103.441,325.3,1,1,2016-02-20,06:35,A,59,5.0       ,305.1,13.6
15.418,103.764,323.2,1,1,2016-02-20,06:35,A,55,5.0       ,305,9
15.416,103.754,335,1,1,2016-02-20,06:35,A,87,5.0       ,305.5,26.3
15.413,103.602,330.8,1,1,2016-02-20,06:35,A,83,5.0       ,305.9,16.2
15.236,102.363,330.8,1,1,2016-02-20,06:35,A,83,5.0       ,307.4,15.8
15.235,102.354,326.1,1,1,2016-02-20,06:35,A,75,5.0       ,306.8,9.1
15.435,103.497,322,1,1,2016-02-20,06:35,A,75,5.0       ,304.2,7.3
15.402,103.067,324.5,1,1,2016-02-20,06:35,A,70,5.0       ,305.7,11.2
15.358,102.763,322.3,1,1,2016-02-20,06:35,A,70,5.0       ,306.8,10.9
15.188,101.596,330.5,1,1,2016-02-20,06:35,A,83,5.0       ,306.7,18.2
15.467,103.069,351.1,1,1,2016-02-20,06:35,A,96,5.0       ,306.7,55.9
15.466,103.06,324.4,1,1,2016-02-20,06:35,A,74,5.0       ,305.6,9.3
15.449,102.874,325.2,1,1,2016-02-20,06:35,A,72,5.0       ,306.2,9
15.427,102.595,333.7,1,1,2016-02-20,06:35,A,86,5.0       ,307.1,23
15.425,102.586,327.5,1,1,2016-02-20,06:35,A,81,5.0       ,306.6,13.5
14.875,98.845,312.6,1.5,1.2,2016-02-20,06:35,A,42,5.0       ,301.1,9.8
14.873,98.832,316.7,1.5,1.2,2016-02-20,06:35,A,62,5.0       ,301.3,16.2
14.879,98.839,319.4,1.5,1.2,2016-02-20,06:35,A,71,5.0       ,302.1,20.9
14.915,98.929,320.1,1.4,1.2,2016-02-20,06:35,A,60,5.0       ,304.2,23.1
15.341,101.578,334.2,1,1,2016-02-20,06:35,A,86,5.0       ,306.7,23.2
15.545,102.91,330.1,1,1,2016-02-20,06:35,A,83,5.0       ,306.7,18.2
15.544,102.901,326.5,1,1,2016-02-20,06:35,A,80,5.0       ,305.3,13.1
15.324,101.403,327.4,1.1,1,2016-02-20,06:35,A,80,5.0       ,306.6,15.1
15.388,101.766,326.4,1,1,2016-02-20,06:35,A,80,5.0       ,308.6,8.1
15.777,104.036,319.4,1,1,2016-02-20,06:35,A,65,5.0       ,302.9,10.2
15.719,103.617,321.6,1,1,2016-02-20,06:35,A,74,5.0       ,303.9,8.6
14.874,98.122,321.1,1.6,1.3,2016-02-20,06:35,A,58,5.0       ,307.1,24.9
14.885,98.12,328.7,1.6,1.3,2016-02-20,06:35,A,81,5.0       ,308.4,46.6
14.883,98.105,328.5,1.6,1.3,2016-02-20,06:35,A,80,5.0       ,308.7,44.8
15.277,100.419,348.1,1.2,1.1,2016-02-20,06:35,A,94,5.0       ,304.9,63.9
15.082,99.05,317,1.4,1.2,2016-02-20,06:35,A,61,5.0       ,305.1,12.2
15.542,101.995,325.8,1,1,2016-02-20,06:35,A,79,5.0       ,307.5,11
15.146,99.386,315.4,1.3,1.1,2016-02-20,06:35,A,34,5.0       ,299.5,12.6
15.6,102.143,325.4,1,1,2016-02-20,06:35,A,79,5.0       ,305.8,11.8
16.05,105.255,321.9,1.2,1.1,2016-02-20,06:35,A,68,5.0       ,301.4,18.3
15.128,98.971,318.5,1.4,1.2,2016-02-20,06:35,A,54,5.0       ,305.3,15.9
14.976,97.977,328.3,1.7,1.3,2016-02-20,06:35,A,81,5.0       ,305.1,50.3
15.171,98.898,315.9,1.4,1.2,2016-02-20,06:35,A,62,5.0       ,303.3,13.7
16.203,105.955,319.6,1.3,1.1,2016-02-20,06:35,A,71,5.0       ,299.7,15.1
16.201,105.943,325.3,1.3,1.1,2016-02-20,06:35,A,78,5.0       ,300.8,25.8
15.512,101.001,324,1.1,1,2016-02-20,06:35,A,40,5.0       ,301.3,12.9
15.495,100.891,325.1,1.1,1,2016-02-20,06:35,A,40,5.0       ,304.9,10.9
15.806,102.926,323.4,1,1,2016-02-20,06:35,A,76,5.0       ,304.3,11.1
15.259,99.201,330.9,1.4,1.2,2016-02-20,06:35,A,83,5.0       ,306.5,34.9
15.257,99.189,324.4,1.4,1.2,2016-02-20,06:35,A,77,5.0       ,305.4,21.1
15.269,99.2,335.7,1.4,1.2,2016-02-20,06:35,A,87,5.0       ,305.3,47.5
15.267,99.187,320.2,1.4,1.2,2016-02-20,06:35,A,46,5.0       ,304.7,13.9
15.291,99.209,335.1,1.4,1.2,2016-02-20,06:35,A,74,5.0       ,303.7,45.4
15.304,99.22,351.4,1.4,1.2,2016-02-20,06:35,A,96,5.0       ,305.5,95.8
15.312,99.226,328.1,1.3,1.2,2016-02-20,06:35,A,26,5.0       ,301.9,33.1
15.782,102.063,318.8,1,1,2016-02-20,06:35,A,67,5.0       ,303,7.2
15.287,98.812,315.6,1.4,1.2,2016-02-20,06:35,A,54,5.0       ,303.8,15
15.712,101.465,323.7,1,1,2016-02-20,06:35,A,77,5.0       ,306.1,10.7
15.71,101.455,323.5,1,1,2016-02-20,06:35,A,76,5.0       ,305.4,10.5
15.306,98.863,316.2,1.4,1.2,2016-02-20,06:35,A,57,5.0       ,302.3,15.9
16.086,103.815,323.3,1,1,2016-02-20,06:35,A,76,5.0       ,303.7,10.3
15.916,102.349,324.8,1,1,2016-02-20,06:35,A,78,5.0       ,305.7,11.7
15.846,101.807,324.9,1,1,2016-02-20,06:35,A,78,5.0       ,307.6,9.1
15.44,99.184,327.6,1.4,1.2,2016-02-20,06:35,A,81,5.0       ,305.7,29.2
15.438,99.171,326.9,1.4,1.2,2016-02-20,06:35,A,80,5.0       ,306.4,28.4
16.145,103.838,325.5,1,1,2016-02-20,06:35,A,79,5.0       ,303.2,15.5
15.378,98.736,319.5,1.4,1.2,2016-02-20,06:35,A,71,5.0       ,301.9,21.9
15.376,98.722,315.4,1.5,1.2,2016-02-20,06:35,A,61,5.0       ,303.2,16.5
15.389,98.734,326.4,1.4,1.2,2016-02-20,06:35,A,78,5.0       ,300.9,36.4
15.387,98.72,328.9,1.5,1.2,2016-02-20,06:35,A,82,5.0       ,302.1,44.9
15.473,99.191,325.9,1.3,1.2,2016-02-20,06:35,A,79,5.0       ,305.2,27.5
15.471,99.178,319.1,1.4,1.2,2016-02-20,06:35,A,64,5.0       ,304.8,13.4
15.303,98.067,315,1.6,1.3,2016-02-20,06:35,A,63,5.0       ,302.9,18.3
15.445,97.811,318.4,1.7,1.3,2016-02-20,06:35,A,55,5.0       ,306.2,21.4
15.443,97.806,323.3,1.7,1.3,2016-02-20,06:35,A,55,5.0       ,306.9,32.6
16.602,105.341,320.8,1.2,1.1,2016-02-20,06:35,A,73,5.0       ,301.6,13.3
16.628,105.463,318.5,1.2,1.1,2016-02-20,06:35,A,70,5.0       ,301.2,10.9
15.703,98.903,314.6,1.4,1.2,2016-02-20,06:35,A,56,5.0       ,301,14.6
15.69,98.823,311.9,1.4,1.2,2016-02-20,06:35,A,52,5.0       ,301.2,12.7
16.665,105.446,318,1.2,1.1,2016-02-20,06:35,A,69,5.0       ,300.8,9.8
16.148,101.672,323.7,1,1,2016-02-20,06:35,A,77,5.0       ,306.4,9.8
16.157,101.665,326.1,1,1,2016-02-20,06:35,A,68,5.0       ,306,14.2
16.706,105.434,323.5,1.2,1.1,2016-02-20,06:35,A,76,5.0       ,301.3,18.6
16.368,102.547,330.3,1,1,2016-02-20,06:35,A,83,5.0       ,305.1,19.4
16.367,102.538,325.1,1,1,2016-02-20,06:35,A,78,5.0       ,305.1,12.5
16.64,104.242,322.5,1.1,1,2016-02-20,06:35,A,75,5.0       ,300.5,19.1
16.639,104.232,317.6,1.1,1,2016-02-20,06:35,A,68,5.0       ,298.1,12.8
16.537,103.419,325.3,1,1,2016-02-20,06:35,A,75,5.0       ,304.3,13.3
16.51,102.964,334.6,1,1,2016-02-20,06:35,A,86,5.0       ,306,24
16.52,102.972,341.8,1,1,2016-02-20,06:35,A,91,5.0       ,305.5,36.1
16.519,102.963,347.6,1,1,2016-02-20,06:35,A,94,5.0       ,308.2,47.8
16.133,100.34,337,1.1,1.1,2016-02-20,06:35,A,88,5.0       ,304.9,35
16.778,104.8,318.4,1.1,1.1,2016-02-20,06:35,A,68,5.0       ,301.7,11.1
16.139,100.344,328.3,1.1,1.1,2016-02-20,06:35,A,81,5.0       ,303,19.8
16.137,100.333,325.2,1.1,1.1,2016-02-20,06:35,A,78,5.0       ,304.9,14.1
16.823,104.847,318.5,1.1,1.1,2016-02-20,06:35,A,70,5.0       ,301,10.2
16.826,104.793,319.9,1.1,1.1,2016-02-20,06:35,A,68,5.0       ,301.4,14.8
16.882,104.925,318.5,1.2,1.1,2016-02-20,06:35,A,70,5.0       ,297.9,13
16.881,104.915,323.3,1.2,1.1,2016-02-20,06:35,A,76,5.0       ,299.6,19.8
16.885,104.919,327.3,1.2,1.1,2016-02-20,06:35,A,80,5.0       ,299.2,25.8
16.517,102.174,330.7,1,1,2016-02-20,06:35,A,83,5.0       ,305.9,21.6
16.515,102.164,326.2,1,1,2016-02-20,06:35,A,75,5.0       ,305.6,16
16.526,102.172,339.6,1,1,2016-02-20,06:35,A,90,5.0       ,306.6,36
16.524,102.163,338.7,1,1,2016-02-20,06:35,A,89,5.0       ,306.1,35.3
16.868,104.568,314.6,1.1,1.1,2016-02-20,06:35,A,51,5.0       ,298.9,7.8
16.523,101.714,318.6,1,1,2016-02-20,06:35,A,70,5.0       ,300.6,13.1
16.736,102.996,325.3,1,1,2016-02-20,06:35,A,78,5.0       ,306.3,9.6
16.105,98.799,318.5,1.4,1.2,2016-02-20,06:35,A,47,5.0       ,305.5,13.3
16.103,98.787,318.4,1.4,1.2,2016-02-20,06:35,A,55,5.0       ,302.8,11.9
16.677,102.455,324.6,1,1,2016-02-20,06:35,A,78,5.0       ,305.3,9.6
17.007,104.776,325.8,1.1,1.1,2016-02-20,06:35,A,79,5.0       ,301.3,23.5
16.592,101.744,314.9,1,1,2016-02-20,06:35,A,53,5.0       ,300.2,8.3
16.707,102.469,336.1,1,1,2016-02-20,06:35,A,87,5.0       ,305.7,26.7
16.658,102.069,324.2,1,1,2016-02-20,06:35,A,77,5.0       ,306.5,9.6
16.657,102.059,323.5,1,1,2016-02-20,06:35,A,76,5.0       ,306.5,8.6
17.258,104.668,320.2,1.1,1.1,2016-02-20,06:35,A,72,5.0       ,298.3,13.9
16.753,101.093,318.2,1.1,1,2016-02-20,06:35,A,69,5.0       ,301.8,9.8
16.968,102.372,322.6,1,1,2016-02-20,06:35,A,72,5.0       ,304.9,8.7
17.266,104.443,317.9,1.1,1,2016-02-20,06:35,A,69,5.0       ,300.9,8
16.977,102.371,322.9,1,1,2016-02-20,06:35,A,76,5.0       ,305.4,9.4
13.476,106.537,330.7,1.3,1.1,2016-02-20,06:30,A,81,5.0       ,307.2,22
13.195,104.45,337.3,1,1,2016-02-20,06:30,A,88,5.0       ,307.8,31.1
13.38,105.731,324,1.2,1.1,2016-02-20,06:30,A,49,5.0       ,307.7,15.8
13.389,105.73,322.1,1.2,1.1,2016-02-20,06:30,A,25,5.0       ,306.6,12.2
13.072,103.45,332.6,1,1,2016-02-20,06:30,A,85,5.0       ,306.8,24.9
13.071,103.441,343.1,1,1,2016-02-20,06:30,A,92,5.0       ,308.3,43.1
13.226,104.475,328.7,1,1,2016-02-20,06:30,A,48,5.0       ,308.4,14.6
13.08,103.44,325,1,1,2016-02-20,06:30,A,75,5.0       ,306.5,13.8
13.426,105.827,326.9,1.2,1.1,2016-02-20,06:30,A,43,5.0       ,308.9,15.9
13.239,104.437,328.5,1,1,2016-02-20,06:30,A,80,5.0       ,310.4,15.4
13.568,106.85,356.1,1.4,1.2,2016-02-20,06:30,A,98,5.0       ,305.4,105.5
13.566,106.837,336.3,1.4,1.2,2016-02-20,06:30,A,77,5.0       ,304.6,41.1
13.258,104.502,325.1,1,1,2016-02-20,06:30,A,60,5.0       ,305.9,12.8
13.251,104.455,330.7,1,1,2016-02-20,06:30,A,77,5.0       ,309.8,16.4
13.578,106.848,330,1.4,1.2,2016-02-20,06:30,A,33,5.0       ,308.8,24.5
13.444,105.814,337.4,1.2,1.1,2016-02-20,06:30,A,88,5.0       ,308.3,35.3
13.36,105.182,327.6,1.1,1,2016-02-20,06:30,A,75,5.0       ,309.4,12
13.265,104.357,327.3,1,1,2016-02-20,06:30,A,67,5.0       ,309.4,11.9
13.468,105.778,325.4,1.2,1.1,2016-02-20,06:30,A,73,5.0       ,307.4,17.2
13.623,106.792,334.7,1.3,1.1,2016-02-20,06:30,A,66,5.0       ,306.8,37.7
13.499,105.861,333.6,1.2,1.1,2016-02-20,06:30,A,86,5.0       ,310.4,25.6
13.498,105.85,329.9,1.2,1.1,2016-02-20,06:30,A,74,5.0       ,309.5,18.5
13.427,105.254,327.6,1.1,1,2016-02-20,06:30,A,32,5.0       ,310,10.5
13.44,105.283,334.7,1.1,1,2016-02-20,06:30,A,86,5.0       ,311.2,21.1
13.439,105.273,346.7,1.1,1,2016-02-20,06:30,A,93,5.0       ,310.9,47.5
13.437,105.263,328.4,1.1,1,2016-02-20,06:30,A,41,5.0       ,310.2,11.3
13.562,105.946,330.4,1.2,1.1,2016-02-20,06:30,A,41,5.0       ,308.5,19
13.542,105.794,342.8,1.2,1.1,2016-02-20,06:30,A,91,5.0       ,306.5,46.2
13.541,105.783,355,1.2,1.1,2016-02-20,06:30,A,97,5.0       ,306.6,81.4
13.391,104.672,328.4,1.1,1,2016-02-20,06:30,A,81,5.0       ,310.5,10.5
13.679,106.766,341.9,1.3,1.1,2016-02-20,06:30,A,91,5.0       ,301.2,59.4
13.676,106.742,328.7,1.3,1.1,2016-02-20,06:30,A,73,5.0       ,298.9,26.7
13.673,106.717,327,1.3,1.1,2016-02-20,06:30,A,25,5.0       ,302.1,24.6
13.667,106.669,327.7,1.3,1.1,2016-02-20,06:30,A,57,5.0       ,303.7,23.8
13.404,104.699,329.2,1.1,1,2016-02-20,06:30,A,82,5.0       ,311.6,10.1
13.508,105.393,329.3,1.1,1.1,2016-02-20,06:30,A,79,5.0       ,311.3,15.3
13.433,104.843,338.6,1.1,1,2016-02-20,06:30,A,89,5.0       ,307.2,32
13.562,105.726,321.1,1.2,1.1,2016-02-20,06:30,A,56,5.0       ,305.6,11.6
13.23,103.33,325,1,1,2016-02-20,06:30,A,78,5.0       ,304.8,16.5
13.593,105.809,325,1.2,1.1,2016-02-20,06:30,A,72,5.0       ,306.1,12.4
13.587,105.766,339.4,1.2,1.1,2016-02-20,06:30,A,89,5.0       ,306.8,42.2
13.507,105.175,329.8,1.1,1,2016-02-20,06:30,A,79,5.0       ,310.7,12.8
13.599,105.775,325.2,1.2,1.1,2016-02-20,06:30,A,58,5.0       ,306.9,12.7
13.467,104.818,327.8,1.1,1,2016-02-20,06:30,A,70,5.0       ,308.6,9.6
13.603,105.779,326.6,1.2,1.1,2016-02-20,06:30,A,62,5.0       ,306.2,15
13.474,104.811,328.2,1.1,1,2016-02-20,06:30,A,79,5.0       ,310.4,10.9
13.424,104.446,328.5,1,1,2016-02-20,06:30,A,39,5.0       ,308.1,13.3
13.712,106.546,326.3,1.3,1.1,2016-02-20,06:30,A,75,5.0       ,306,25.5
13.711,106.534,320.7,1.3,1.1,2016-02-20,06:30,A,49,5.0       ,305.6,13.6
13.667,106.117,328.1,1.2,1.1,2016-02-20,06:30,A,61,5.0       ,306.9,18.3
13.489,104.779,326.9,1.1,1,2016-02-20,06:30,A,74,5.0       ,309.8,9.6
13.328,103.626,359.7,1,1,2016-02-20,06:30,A,99,5.0       ,307.5,84
13.327,103.617,321.4,1,1,2016-02-20,06:30,A,74,5.0       ,305.3,11
13.769,106.823,336.8,1.4,1.2,2016-02-20,06:30,A,88,5.0       ,304.2,43.8
13.767,106.81,353.3,1.4,1.2,2016-02-20,06:30,A,97,5.0       ,307.6,97
13.639,105.829,349.2,1.2,1.1,2016-02-20,06:30,A,95,5.0       ,306.6,70.3
13.481,104.584,326.4,1,1,2016-02-20,06:30,A,55,5.0       ,307.1,14.3
13.666,105.737,327.9,1.2,1.1,2016-02-20,06:30,A,81,5.0       ,307.2,18.2
13.355,103.491,318.3,1,1,2016-02-20,06:30,A,58,5.0       ,305.1,6.9
13.354,103.482,336.1,1,1,2016-02-20,06:30,A,87,5.0       ,306.4,31.8
13.692,105.854,324.7,1.2,1.1,2016-02-20,06:30,A,70,5.0       ,307.5,12.3
13.691,105.844,326.7,1.2,1.1,2016-02-20,06:30,A,69,5.0       ,307.6,17.3
13.502,104.473,327.2,1,1,2016-02-20,06:30,A,61,5.0       ,305.7,14.2
13.37,103.536,343.7,1,1,2016-02-20,06:30,A,92,5.0       ,306.5,45.6
13.362,103.481,320.3,1,1,2016-02-20,06:30,A,72,5.0       ,305.9,9
13.352,103.408,320.5,1,1,2016-02-20,06:30,A,73,5.0       ,305.8,9.5
12.788,99.637,322.2,1.4,1.2,2016-02-20,06:30,A,58,5.0       ,304.4,17.4
13.341,103.27,320.4,1,1,2016-02-20,06:30,A,73,5.0       ,305.3,9.8
13.34,103.26,323.2,1,1,2016-02-20,06:30,A,76,5.0       ,305.3,13.8
12.799,99.635,326.9,1.4,1.2,2016-02-20,06:30,A,71,5.0       ,305,24.8
13.563,104.792,334.1,1.1,1,2016-02-20,06:30,A,86,5.0       ,311.8,18
12.794,99.63,327.8,1.4,1.2,2016-02-20,06:30,A,76,5.0       ,305,26.3
13.555,104.665,327.7,1.1,1,2016-02-20,06:30,A,57,5.0       ,309.2,13.6
13.564,104.663,328.2,1.1,1,2016-02-20,06:30,A,48,5.0       ,308.9,15.4
13.556,104.606,333.1,1,1,2016-02-20,06:30,A,73,5.0       ,306.2,25.3
13.4,103.488,351.6,1,1,2016-02-20,06:30,A,96,5.0       ,306.9,62.2
13.399,103.479,355,1,1,2016-02-20,06:30,A,97,5.0       ,308.7,70.4
13.394,103.442,338.8,1,1,2016-02-20,06:30,A,89,5.0       ,305.7,36.7
13.392,103.433,321.1,1,1,2016-02-20,06:30,A,73,5.0       ,304.1,11.1
13.864,106.779,326.6,1.4,1.2,2016-02-20,06:30,A,80,5.0       ,306.3,23.4
13.757,105.806,330.1,1.2,1.1,2016-02-20,06:30,A,83,5.0       ,309.8,15.7
13.754,105.785,340.1,1.2,1.1,2016-02-20,06:30,A,90,5.0       ,309.3,37.1
13.725,105.571,327.6,1.1,1.1,2016-02-20,06:30,A,81,5.0       ,304.3,26.7
13.751,105.687,324.4,1.2,1.1,2016-02-20,06:30,A,58,5.0       ,307.4,15.8
13.752,105.621,328,1.2,1.1,2016-02-20,06:30,A,81,5.0       ,304.2,21.6
13.716,105.361,325.9,1.1,1.1,2016-02-20,06:30,A,72,5.0       ,306.5,14
13.705,105.279,333.2,1.1,1.1,2016-02-20,06:30,A,85,5.0       ,312.4,18
13.679,105.087,331.8,1.1,1,2016-02-20,06:30,A,84,5.0       ,312.6,15.2
13.628,104.723,338.2,1.1,1,2016-02-20,06:30,A,89,5.0       ,310.6,26.6
13.627,104.713,327.7,1.1,1,2016-02-20,06:30,A,66,5.0       ,309,9.3
13.424,103.27,328.2,1,1,2016-02-20,06:30,A,81,5.0       ,310.4,13.5
13.677,105.006,331.2,1.1,1,2016-02-20,06:30,A,83,5.0       ,311.2,15.2
13.657,104.858,329.3,1.1,1,2016-02-20,06:30,A,32,5.0       ,312.4,15.2
13.685,105.008,327.1,1.1,1,2016-02-20,06:30,A,73,5.0       ,310,11.7
13.772,105.591,330.4,1.2,1.1,2016-02-20,06:30,A,83,5.0       ,303.9,26.4
13.715,105.168,346.1,1.1,1,2016-02-20,06:30,A,93,5.0       ,311.4,44.8
13.707,105.107,357.2,1.1,1,2016-02-20,06:30,A,98,5.0       ,310.3,73.7
13.719,105.126,329.7,1.1,1,2016-02-20,06:30,A,67,5.0       ,312.3,13.1
13.773,105.452,333.8,1.1,1.1,2016-02-20,06:30,A,86,5.0       ,308.2,23.1
13.745,105.246,330.1,1.1,1.1,2016-02-20,06:30,A,83,5.0       ,311.9,13.9
13.744,105.236,333.5,1.1,1.1,2016-02-20,06:30,A,85,5.0       ,312.1,19.8
13.807,105.64,324.8,1.2,1.1,2016-02-20,06:30,A,78,5.0       ,307.5,12.3
13.765,105.253,336,1.1,1.1,2016-02-20,06:30,A,87,5.0       ,309.2,24.6
13.701,104.716,327.9,1.1,1,2016-02-20,06:30,A,79,5.0       ,310,9.4
13.63,104.201,327.5,1,1,2016-02-20,06:30,A,65,5.0       ,307.5,13.3
13.629,104.192,325.3,1,1,2016-02-20,06:30,A,40,5.0       ,306,9.7
13.56,103.701,328.1,1,1,2016-02-20,06:30,A,81,5.0       ,310.1,9.9
13.821,105.519,335.5,1.1,1.1,2016-02-20,06:30,A,87,5.0       ,307.1,27.6
13.819,105.509,330,1.1,1.1,2016-02-20,06:30,A,71,5.0       ,310.1,16.8
13.781,105.158,329.8,1.1,1,2016-02-20,06:30,A,70,5.0       ,309.8,16.8
13.78,105.148,328.4,1.1,1,2016-02-20,06:30,A,55,5.0       ,310.7,13.5
13.69,104.501,330.2,1,1,2016-02-20,06:30,A,83,5.0       ,310.6,13
13.59,103.724,327.1,1,1,2016-02-20,06:30,A,61,5.0       ,308.6,11.6
13.677,104.217,328.7,1,1,2016-02-20,06:30,A,72,5.0       ,306.1,17.1
13.592,103.606,327.4,1,1,2016-02-20,06:30,A,72,5.0       ,309.6,10
13.917,105.928,335.8,1.2,1.1,2016-02-20,06:30,A,87,5.0       ,306.1,39.8
13.915,105.916,346.8,1.2,1.1,2016-02-20,06:30,A,94,5.0       ,307.6,65.8
13.828,105.115,344,1.1,1,2016-02-20,06:30,A,89,5.0       ,308.4,49.2
13.765,104.651,334.5,1.1,1,2016-02-20,06:30,A,86,5.0       ,309.7,18.7
13.717,104.24,328.8,1,1,2016-02-20,06:30,A,53,5.0       ,309.2,13
13.716,104.231,328,1,1,2016-02-20,06:30,A,54,5.0       ,307.4,12.8
13.776,104.464,327.8,1,1,2016-02-20,06:30,A,61,5.0       ,309.1,9.1
13.801,104.577,327.5,1.1,1,2016-02-20,06:30,A,67,5.0       ,308.1,11.5
13.865,104.98,327,1.1,1,2016-02-20,06:30,A,57,5.0       ,309.8,9.4
13.783,104.378,331.2,1,1,2016-02-20,06:30,A,82,5.0       ,312.1,17.4
13.804,104.463,327.5,1,1,2016-02-20,06:30,A,81,5.0       ,307.9,10.6
13.778,104.206,327.5,1,1,2016-02-20,06:30,A,71,5.0       ,306.6,11.6
13.884,104.846,331.6,1.1,1,2016-02-20,06:30,A,84,5.0       ,310.9,15.8
13.878,104.797,331.6,1.1,1,2016-02-20,06:30,A,84,5.0       ,312.2,17.1
13.822,104.392,327.9,1,1,2016-02-20,06:30,A,76,5.0       ,308.6,11
13.821,104.382,326.9,1,1,2016-02-20,06:30,A,23,5.0       ,309.2,11.7
13.776,104.062,329.7,1,1,2016-02-20,06:30,A,46,5.0       ,306.5,15.7
13.831,104.391,329.7,1,1,2016-02-20,06:30,A,60,5.0       ,308.3,12.8
13.803,104.192,333.7,1,1,2016-02-20,06:30,A,86,5.0       ,308,21.3
13.334,100.981,320.6,1.1,1.1,2016-02-20,06:30,A,37,5.0       ,300.6,10.9
13.17,99.852,327.1,1.3,1.1,2016-02-20,06:30,A,74,5.0       ,305.8,19.6
13.853,104.417,331.2,1,1,2016-02-20,06:30,A,84,5.0       ,309.8,16.3
13.378,101.143,327.1,1.1,1.1,2016-02-20,06:30,A,73,5.0       ,304.5,18.7
13.968,105.109,322.2,1.1,1,2016-02-20,06:30,A,50,5.0       ,304,13.7
13.924,104.791,327.8,1.1,1,2016-02-20,06:30,A,81,5.0       ,308.9,12.3
13.873,104.423,330.1,1,1,2016-02-20,06:30,A,78,5.0       ,309,13.4
13.799,103.898,324.9,1,1,2016-02-20,06:30,A,53,5.0       ,308.1,11.5
13.972,105.102,326.4,1.1,1,2016-02-20,06:30,A,66,5.0       ,303.9,20.2
13.881,104.426,326.2,1,1,2016-02-20,06:30,A,55,5.0       ,307.6,8.8
13.981,105.101,328.5,1.1,1,2016-02-20,06:30,A,74,5.0       ,303.8,22.7
13.825,103.822,324.8,1,1,2016-02-20,06:30,A,72,5.0       ,308.5,9.9
13.789,103.573,329.7,1,1,2016-02-20,06:30,A,82,5.0       ,304.5,18.7
13.783,103.527,324.3,1,1,2016-02-20,06:30,A,77,5.0       ,307.4,9.5
13.969,104.798,330,1.1,1,2016-02-20,06:30,A,83,5.0       ,310.4,14.6
13.934,104.546,324.2,1.1,1,2016-02-20,06:30,A,71,5.0       ,307.4,8.2
16.676,98.011,323.1,1.5,1.2,2016-02-20,06:35,A,60,5.0       ,307.8,17.9
16.348,95.988,323.1,2.2,1.4,2016-02-20,06:35,A,69,5.0       ,303.9,38.1
17.072,100.286,328.7,1.1,1.1,2016-02-20,06:35,A,82,5.0       ,306.6,15
16.351,96.002,319.5,2.2,1.4,2016-02-20,06:35,A,50,5.0       ,304.2,28.7
16.347,95.982,318.6,2.2,1.4,2016-02-20,06:35,A,54,5.0       ,303.7,24
17.342,101.891,318.1,1,1,2016-02-20,06:35,A,69,5.0       ,301.6,7
17.687,104.225,314.7,1.1,1,2016-02-20,06:35,A,62,5.0       ,297.7,10.4
17.621,103.277,320.8,1,1,2016-02-20,06:35,A,44,5.0       ,302.6,8.1
16.485,96.094,324.3,2.1,1.4,2016-02-20,06:35,A,73,5.0       ,303.8,41.7
17.629,103.266,327.9,1,1,2016-02-20,06:35,A,80,5.0       ,302.9,17.7
17.638,103.264,324.1,1,1,2016-02-20,06:35,A,66,5.0       ,303.1,12.9
17.636,103.255,325.6,1,1,2016-02-20,06:35,A,75,5.0       ,301.8,15.3
16.853,97.893,333.8,1.6,1.2,2016-02-20,06:35,A,86,5.0       ,304.9,49.8
16.857,97.901,321.8,1.6,1.2,2016-02-20,06:35,A,74,5.0       ,305.3,18.9
16.854,97.886,328.9,1.6,1.2,2016-02-20,06:35,A,82,5.0       ,305.1,38
17.067,98.843,312.6,1.3,1.1,2016-02-20,06:35,A,38,5.0       ,301.5,11.6
16.983,98.188,315.1,1.5,1.2,2016-02-20,06:35,A,63,5.0       ,297.9,24.3
17.562,101.891,313.5,1,1,2016-02-20,06:35,A,22,5.0       ,299.4,6.8
17.759,103.146,320,1,1,2016-02-20,06:35,A,69,5.0       ,298.2,12
17.13,98.987,320.3,1.3,1.1,2016-02-20,06:35,A,55,5.0       ,304.6,17.1
17.871,103.219,319.7,1,1,2016-02-20,06:35,A,58,5.0       ,301.3,10.7
17.87,103.21,322.5,1,1,2016-02-20,06:35,A,70,5.0       ,299.3,14.7
17.368,99.762,322.1,1.2,1.1,2016-02-20,06:35,A,41,5.0       ,305.6,13.3
17.214,98.672,325,1.4,1.2,2016-02-20,06:35,A,78,5.0       ,306.7,24.4
17.272,98.969,317.9,1.3,1.1,2016-02-20,06:35,A,53,5.0       ,303.3,13.3
17.27,98.956,317.8,1.3,1.1,2016-02-20,06:35,A,52,5.0       ,304.7,13.7
17.419,99.832,324,1.2,1.1,2016-02-20,06:35,A,59,5.0       ,305.4,10.3
17.096,97.755,322.1,1.6,1.2,2016-02-20,06:35,A,75,5.0       ,304.1,21.6
17.096,97.749,322.1,1.6,1.2,2016-02-20,06:35,A,72,5.0       ,304.2,21.5
17.938,102.913,319.8,1,1,2016-02-20,06:35,A,72,5.0       ,299.2,13.2
17.526,99.995,323.6,1.1,1.1,2016-02-20,06:35,A,77,5.0       ,302.7,15
17.524,99.984,325.3,1.1,1.1,2016-02-20,06:35,A,78,5.0       ,303,16.6
17.788,101.415,315.9,1,1,2016-02-20,06:35,A,57,5.0       ,298.5,9.2
17.786,101.406,316.4,1,1,2016-02-20,06:35,A,59,5.0       ,298.9,9.8
17.498,99.292,320.6,1.2,1.1,2016-02-20,06:35,A,73,5.0       ,303.7,15.5
16.697,94.563,317.3,2.8,1.6,2016-02-20,06:35,A,57,5.0       ,303.7,48.7
17.489,98.978,317.2,1.3,1.1,2016-02-20,06:35,A,47,5.0       ,304.1,9.8
16.7,94.557,318.8,2.8,1.6,2016-02-20,06:35,A,58,5.0       ,303.7,55.9
18.028,102.436,311,1,1,2016-02-20,06:35,A,24,5.0       ,295.3,5.6
17.503,99.007,319.8,1.3,1.1,2016-02-20,06:35,A,66,5.0       ,304.4,12
17.574,99.319,318.6,1.2,1.1,2016-02-20,06:35,A,67,5.0       ,304.6,11.9
17.572,99.308,318.8,1.2,1.1,2016-02-20,06:35,A,59,5.0       ,303.4,13.1
17.514,98.821,318.8,1.3,1.1,2016-02-20,06:35,A,56,5.0       ,303.2,13.7
17.916,101.292,319.3,1,1,2016-02-20,06:35,A,42,5.0       ,300.5,13.5
17.632,99.368,316.2,1.2,1.1,2016-02-20,06:35,A,47,5.0       ,303.2,9.4
17.76,99.263,316.5,1.2,1.1,2016-02-20,06:35,A,57,5.0       ,303.2,9.8
17.841,99.583,317.7,1.2,1.1,2016-02-20,06:35,A,60,5.0       ,303.2,9.4
17.834,99.208,316.9,1.2,1.1,2016-02-20,06:35,A,56,5.0       ,302.8,14.2
18.02,99.928,318.6,1.1,1.1,2016-02-20,06:35,A,65,5.0       ,301.8,10.5
17.889,98.854,319,1.3,1.1,2016-02-20,06:35,A,67,5.0       ,302.7,14.3
18,99.36,323.5,1.2,1.1,2016-02-20,06:35,A,77,5.0       ,307.6,13.2
17.952,98.86,320.1,1.3,1.1,2016-02-20,06:35,A,63,5.0       ,306.8,13.7
18.05,98.209,326.8,1.4,1.2,2016-02-20,06:35,A,78,5.0       ,306,33.1
18.165,97.923,327.2,1.5,1.2,2016-02-20,06:35,A,80,5.0       ,304.5,35.1
18.433,99.242,316,1.2,1.1,2016-02-20,06:35,A,59,5.0       ,304.5,10.7
13.387,104.85,330.8,1.1,1,2016-02-20,06:30,A,58,5.0       ,305,22.3
13.187,103.411,325.9,1,1,2016-02-20,06:30,A,79,5.0       ,308.3,15.4
13.524,105.808,338.9,1.2,1.1,2016-02-20,06:30,A,89,5.0       ,309.5,34.7
13.432,105.115,329.6,1.1,1,2016-02-20,06:30,A,81,5.0       ,311,12.4
13.534,105.806,326.6,1.2,1.1,2016-02-20,06:30,A,42,5.0       ,306.2,9.9
13.532,105.796,341.6,1.2,1.1,2016-02-20,06:30,A,91,5.0       ,309.5,42.5
8.244,125.129,310,1.1,1.1,2016-02-20,17:10,A,69,5.0       ,289.5,19
0.131,116.712,308,3.4,1.7,2016-02-20,17:10,A,58,5.0       ,293.1,64.9
-1.52,122.264,307.6,1.2,1.1,2016-02-20,17:10,A,33,5.0       ,291,15.6
-1.522,122.275,305.7,1.2,1.1,2016-02-20,17:10,A,31,5.0       ,292.2,11.3
3.174,98.397,331.6,1.3,1.1,2016-02-20,18:50,A,100,5.0       ,289.7,60.8
3.172,98.406,311.9,1.3,1.1,2016-02-20,18:50,A,77,5.0       ,290.7,26.1
16.201,104.912,308.7,1,1,2016-02-20,18:45,A,62,5.0       ,287.7,16
16.254,103.359,310.6,1,1,2016-02-20,18:45,A,72,5.0       ,289.4,16.8
15.477,102.414,319.6,1.1,1,2016-02-20,18:45,A,99,5.0       ,291.5,27.3
15.365,102.677,307,1.1,1,2016-02-20,18:45,A,50,5.0       ,291.9,13
15.054,103.051,305.8,1,1,2016-02-20,18:45,A,37,5.0       ,290.6,11.7
13.792,107.348,305.9,1.4,1.2,2016-02-20,18:45,A,39,5.0       ,291.6,15.6
13.681,106.76,305.1,1.2,1.1,2016-02-20,18:45,A,15,5.0       ,292.8,11
13.573,106.854,307.6,1.3,1.1,2016-02-20,18:45,A,55,5.0       ,292.9,14.5
13.565,106.84,316.1,1.3,1.1,2016-02-20,18:45,A,90,5.0       ,293.5,25.5
13.563,106.852,311.8,1.3,1.1,2016-02-20,18:45,A,74,5.0       ,293.5,19.1
13.624,106.347,309,1.2,1.1,2016-02-20,18:45,A,64,5.0       ,293.7,13.8
13.622,106.358,307.7,1.2,1.1,2016-02-20,18:45,A,56,5.0       ,293.7,12.4
13.379,106.211,309.2,1.2,1.1,2016-02-20,18:45,A,65,5.0       ,293.7,14.6
13.378,106.221,312.1,1.2,1.1,2016-02-20,18:45,A,77,5.0       ,293.9,18
13.365,106.241,316.5,1.2,1.1,2016-02-20,18:45,A,91,5.0       ,293.5,23.7
13.345,106.304,318.7,1.2,1.1,2016-02-20,18:45,A,96,5.0       ,293.9,26.8
13.343,106.315,305.1,1.2,1.1,2016-02-20,18:45,A,16,5.0       ,293.4,9.1
13.28,106.502,320.3,1.2,1.1,2016-02-20,18:45,A,100,5.0       ,294.2,31.8
13.232,106.551,333.8,1.2,1.1,2016-02-20,18:45,A,100,5.0       ,294.7,57.5
13.229,106.574,342.4,1.2,1.1,2016-02-20,18:45,A,100,5.0       ,295.1,77.6
13.227,106.585,332.7,1.2,1.1,2016-02-20,18:45,A,100,5.0       ,294.8,54.6
13.222,106.549,338.6,1.2,1.1,2016-02-20,18:45,A,100,5.0       ,294.9,68.1
13.221,106.561,313.9,1.2,1.1,2016-02-20,18:45,A,84,5.0       ,293.7,21.3
13.042,106.012,311.8,1.2,1.1,2016-02-20,18:45,A,76,5.0       ,294.4,16.6
13.141,99.55,305,1.4,1.2,2016-02-20,18:45,A,14,5.0       ,293.3,13.9
13.131,99.548,305.6,1.4,1.2,2016-02-20,18:45,A,34,5.0       ,292.8,14.9
11.253,106.422,306.3,1.3,1.1,2016-02-20,18:45,A,43,5.0       ,292.2,16.1