latitude,longitude,brightness,scan,track,acq_date,acq_time,satellite,confidence,version,bright_t31,frp
-7.883,126.125,317.9,1.8,1.3,2016-02-15, 01:35,T,43,5.0       ,296.5,25.9
16.882,95.934,334,3,1.7,2016-02-15, 04:50,T,86,5.0       ,304.3,157.5
16.323,97.661,317.3,4.2,1.9,2016-02-15, 04:50,T,23,5.0       ,307.1,83.5
26.904,101.301,319,4.4,1.9,2016-02-15, 04:45,T,70,5.0       ,284.8,216.1
26.901,101.297,322.2,4.4,1.9,2016-02-15, 04:45,T,75,5.0       ,285.5,250.1
26.727,95.178,347,1.7,1.3,2016-02-15, 04:45,T,94,5.0       ,293.2,139.4
26.724,95.194,336.4,1.7,1.3,2016-02-15, 04:45,T,88,5.0       ,292.2,97.8
26.171,91.457,314.9,1.1,1,2016-02-15, 04:45,T,62,5.0       ,298.8,11.2
25.366,94.697,333.6,1.7,1.3,2016-02-15, 04:45,T,19,5.0       ,295.9,76.9
25.355,94.695,327.6,1.7,1.3,2016-02-15, 04:45,T,25,5.0       ,295.7,60.4
25.343,94.695,330,1.7,1.3,2016-02-15, 04:45,T,66,5.0       ,296.5,70.2
25.267,92.866,318.2,1.3,1.1,2016-02-15, 04:45,T,54,5.0       ,292,26.3
25.266,92.873,317.3,1.3,1.1,2016-02-15, 04:45,T,50,5.0       ,293.2,24.7
24.483,96.753,312.5,2.4,1.5,2016-02-15, 04:45,T,55,5.0       ,295.8,45.2
23.554,96.619,317.8,2.5,1.5,2016-02-15, 04:45,T,69,5.0       ,298.3,57.9
23.549,96.643,325.5,2.5,1.5,2016-02-15, 04:45,T,79,5.0       ,298.8,91.9
23.555,96.637,310.7,2.5,1.5,2016-02-15, 04:45,T,39,5.0       ,298.3,28.1
23.542,96.634,327.5,2.5,1.5,2016-02-15, 04:45,T,81,5.0       ,299,101.9
23.492,95.719,317.1,2.1,1.4,2016-02-15, 04:45,T,67,5.0       ,303.8,28.6
23.38,95.751,313.7,2.2,1.4,2016-02-15, 04:45,T,45,5.0       ,301.3,19.2
9.634,106.036,318,1.2,1.1,2016-02-15, 06:15,A,59,5.0       ,297.4,12.9
9.644,106.034,316.4,1.2,1.1,2016-02-15, 06:15,A,41,5.0       ,296.9,11
10.343,106.325,318.1,1.1,1.1,2016-02-15, 06:15,A,26,5.0       ,302.9,11.4
10.48,106.361,321.6,1.1,1.1,2016-02-15, 06:15,A,74,5.0       ,305.7,14.3
10.644,107.164,323.4,1.1,1,2016-02-15, 06:15,A,67,5.0       ,304.1,10.9
10.607,106.664,324.1,1.1,1,2016-02-15, 06:15,A,66,5.0       ,303.3,14.5
10.392,104.857,316.2,1.4,1.2,2016-02-15, 06:15,A,65,5.0       ,295.5,14.6
10.878,107.872,333.1,1,1,2016-02-15, 06:15,A,85,5.0       ,305.9,22.6
10.877,107.863,342.5,1,1,2016-02-15, 06:15,A,91,5.0       ,307.2,38.7
10.829,107.408,327.4,1,1,2016-02-15, 06:15,A,74,5.0       ,304.7,15.9
10.756,106.74,324.4,1.1,1,2016-02-15, 06:15,A,24,5.0       ,305.9,13.9
11,107.446,324.8,1,1,2016-02-15, 06:15,A,67,5.0       ,303,13.6
11.083,107.885,323.5,1,1,2016-02-15, 06:15,A,48,5.0       ,304.9,14.8
11.315,108.348,329.9,1,1,2016-02-15, 06:15,A,83,5.0       ,305.7,14
10.905,105.581,324.9,1.2,1.1,2016-02-15, 06:15,A,78,5.0       ,301,24.1
11.153,106.321,319.4,1.1,1.1,2016-02-15, 06:15,A,66,5.0       ,301.4,10.2
10.769,103.686,313.3,1.6,1.3,2016-02-15, 06:15,A,28,5.0       ,292,23.5
11.666,108.75,328.1,1,1,2016-02-15, 06:15,A,80,5.0       ,307,15.7
11.04,104.396,319.3,1.5,1.2,2016-02-15, 06:15,A,41,5.0       ,296.9,18.4
11.39,106.598,325.4,1.1,1,2016-02-15, 06:15,A,76,5.0       ,305.2,18
11.303,105.707,325.9,1.2,1.1,2016-02-15, 06:15,A,66,5.0       ,306.8,12.5
11.128,104.507,338,1.4,1.2,2016-02-15, 06:15,A,89,5.0       ,305.2,47.2
11.84,108.871,323.9,1,1,2016-02-15, 06:15,A,71,5.0       ,306,8.6
11.322,105.099,325.9,1.3,1.1,2016-02-15, 06:15,A,79,5.0       ,301.2,24.8
11.32,105.087,318.2,1.3,1.1,2016-02-15, 06:15,A,69,5.0       ,301.4,10.4
11.718,107.628,330.4,1,1,2016-02-15, 06:15,A,79,5.0       ,302.5,26.4
11.892,108.773,327.4,1,1,2016-02-15, 06:15,A,46,5.0       ,309,19.8
11.939,108.332,326.6,1,1,2016-02-15, 06:15,A,76,5.0       ,301.1,20.5
11.939,107.881,343.9,1,1,2016-02-15, 06:15,A,92,5.0       ,302.3,51.2
11.938,107.871,328.1,1,1,2016-02-15, 06:15,A,81,5.0       ,301.9,24.4
11.964,107.988,336.7,1,1,2016-02-15, 06:15,A,88,5.0       ,303,36.8
11.962,107.979,321.7,1,1,2016-02-15, 06:15,A,46,5.0       ,303.4,13.8
11.98,107.977,337.8,1,1,2016-02-15, 06:15,A,88,5.0       ,302.4,35
11.978,107.958,340.3,1,1,2016-02-15, 06:15,A,90,5.0       ,303.5,39
11.957,107.813,325.5,1,1,2016-02-15, 06:15,A,79,5.0       ,305.4,17.1
11.955,107.804,331.3,1,1,2016-02-15, 06:15,A,84,5.0       ,305.8,25.2
11.991,107.984,346.3,1,1,2016-02-15, 06:15,A,93,5.0       ,299.8,52.6
11.989,107.975,397.4,1,1,2016-02-15, 06:15,A,100,5.0       ,307.1,232
11.987,107.957,361.5,1,1,2016-02-15, 06:15,A,100,5.0       ,304.1,87.8
11.985,107.948,324.4,1,1,2016-02-15, 06:15,A,34,5.0       ,302.4,14.4
11.999,107.983,332.9,1,1,2016-02-15, 06:15,A,61,5.0       ,299.7,27.1
11.998,107.974,383.4,1,1,2016-02-15, 06:15,A,100,5.0       ,306.5,163.2
11.988,107.901,349.7,1,1,2016-02-15, 06:15,A,95,5.0       ,304.6,59.4
11.986,107.892,342.6,1,1,2016-02-15, 06:15,A,91,5.0       ,305.1,45.4
11.985,107.883,321.1,1,1,2016-02-15, 06:15,A,72,5.0       ,304.3,11.4
11.984,107.874,325.9,1,1,2016-02-15, 06:15,A,79,5.0       ,304.4,17.5
11.982,107.865,345,1,1,2016-02-15, 06:15,A,93,5.0       ,305.5,49.5
12.018,108.045,326.4,1,1,2016-02-15, 06:15,A,80,5.0       ,300.2,22.9
12.016,108.036,319.4,1,1,2016-02-15, 06:15,A,46,5.0       ,301.8,12.5
12.006,107.963,343.9,1,1,2016-02-15, 06:15,A,92,5.0       ,303.5,44.6
11.997,107.9,325.9,1,1,2016-02-15, 06:15,A,79,5.0       ,305.1,16.5
11.995,107.891,325,1,1,2016-02-15, 06:15,A,78,5.0       ,304.6,15.5
12.026,108.044,331,1,1,2016-02-15, 06:15,A,84,5.0       ,299.2,29.1
12.025,108.035,319.8,1,1,2016-02-15, 06:15,A,60,5.0       ,300.4,13
12.017,107.98,322.9,1,1,2016-02-15, 06:15,A,30,5.0       ,300.9,16.1
12.033,107.959,331.4,1,1,2016-02-15, 06:15,A,84,5.0       ,301.6,26.3
12.031,107.95,330.7,1,1,2016-02-15, 06:15,A,83,5.0       ,305.8,25.3
11.47,104.198,327.9,1.5,1.2,2016-02-15, 06:15,A,72,5.0       ,304.3,20.6
12.037,107.925,331.6,1,1,2016-02-15, 06:15,A,84,5.0       ,307.3,25.5
12.036,107.916,330.5,1,1,2016-02-15, 06:15,A,83,5.0       ,307.4,23.3
12.035,107.851,350.1,1,1,2016-02-15, 06:15,A,95,5.0       ,307.4,58.1
12.034,107.842,413.5,1,1,2016-02-15, 06:15,A,100,5.0       ,312.9,333.8
12.033,107.833,324.9,1,1,2016-02-15, 06:15,A,52,5.0       ,303,15.9
11.844,106.558,364.4,1.1,1,2016-02-15, 06:15,A,100,5.0       ,305.6,107.9
11.842,106.548,325.5,1.1,1,2016-02-15, 06:15,A,78,5.0       ,303.8,18.1
11.475,104.206,327.4,1.5,1.2,2016-02-15, 06:15,A,75,5.0       ,305.7,19.2
12.063,107.977,342.7,1,1,2016-02-15, 06:15,A,91,5.0       ,305.4,46.2
12.061,107.968,323,1,1,2016-02-15, 06:15,A,66,5.0       ,305.4,15.9
11.405,103.704,322.5,1.6,1.2,2016-02-15, 06:15,A,71,5.0       ,298.9,34.6
11.403,103.69,316.7,1.6,1.2,2016-02-15, 06:15,A,36,5.0       ,300.5,21.9
12.072,107.975,359.1,1,1,2016-02-15, 06:15,A,99,5.0       ,306.8,83.6
12.07,107.966,339,1,1,2016-02-15, 06:15,A,89,5.0       ,305,39.5
12.054,107.857,394.8,1,1,2016-02-15, 06:15,A,100,5.0       ,308.7,219.2
12.053,107.848,381.4,1,1,2016-02-15, 06:15,A,100,5.0       ,309.9,156.3
12.052,107.839,331.3,1,1,2016-02-15, 06:15,A,44,5.0       ,305,24.2
11.718,105.61,330.1,1.2,1.1,2016-02-15, 06:15,A,67,5.0       ,306.2,17.3
12.062,107.847,331.7,1,1,2016-02-15, 06:15,A,84,5.0       ,302.3,27.7
12.061,107.838,324.1,1,1,2016-02-15, 06:15,A,59,5.0       ,302.5,16.7
12.166,108.048,347.5,1,1,2016-02-15, 06:15,A,94,5.0       ,305.3,53.7
12.164,108.039,346.8,1,1,2016-02-15, 06:15,A,94,5.0       ,304.6,53.2
12.144,107.772,317.7,1,1,2016-02-15, 06:15,A,64,5.0       ,300.1,11.7
12.219,107.913,337.6,1,1,2016-02-15, 06:15,A,88,5.0       ,301,38.9
12.218,107.904,415.3,1,1,2016-02-15, 06:15,A,100,5.0       ,314.5,350.7
12.217,107.895,338,1,1,2016-02-15, 06:15,A,89,5.0       ,305.1,39.6
12.077,106.942,325.5,1,1,2016-02-15, 06:15,A,68,5.0       ,303.3,18.5
12.227,107.903,323.3,1,1,2016-02-15, 06:15,A,76,5.0       ,303.1,19
12.091,106.979,322,1,1,2016-02-15, 06:15,A,75,5.0       ,300.1,18.3
12.09,106.969,319.6,1,1,2016-02-15, 06:15,A,71,5.0       ,300.6,14.5
12.1,106.977,325.9,1,1,2016-02-15, 06:15,A,79,5.0       ,300,22.7
12.099,106.968,325.7,1,1,2016-02-15, 06:15,A,79,5.0       ,299.7,21.9
12.288,108.135,319.4,1,1,2016-02-15, 06:15,A,55,5.0       ,304.5,8.4
12.287,108.126,320.4,1,1,2016-02-15, 06:15,A,62,5.0       ,302.9,10.6
12.297,108.133,322,1,1,2016-02-15, 06:15,A,66,5.0       ,303.9,11.8
12.295,108.124,341.9,1,1,2016-02-15, 06:15,A,91,5.0       ,304.6,43.8
12.195,107.431,321.8,1,1,2016-02-15, 06:15,A,71,5.0       ,303.9,10
11.961,105.864,323.9,1.2,1.1,2016-02-15, 06:15,A,28,5.0       ,303.7,15.8
12.204,107.429,327.6,1,1,2016-02-15, 06:15,A,78,5.0       ,303.7,17.9
11.738,104.285,327.5,1.4,1.2,2016-02-15, 06:15,A,26,5.0       ,307.7,18.4
11.736,104.273,330.1,1.4,1.2,2016-02-15, 06:15,A,56,5.0       ,304.6,27
12.324,107.742,322.7,1,1,2016-02-15, 06:15,A,39,5.0       ,301.4,16.9
12.311,107.651,320,1,1,2016-02-15, 06:15,A,54,5.0       ,304,8.8
12.322,107.667,336.9,1,1,2016-02-15, 06:15,A,88,5.0       ,305.1,33.1
12.22,106.777,331.2,1.1,1,2016-02-15, 06:15,A,83,5.0       ,308.6,20.3
11.941,104.931,334.7,1.3,1.1,2016-02-15, 06:15,A,86,5.0       ,305.6,34.1
11.94,104.919,327.5,1.3,1.1,2016-02-15, 06:15,A,56,5.0       ,304.9,19.5
11.953,104.947,327.3,1.3,1.1,2016-02-15, 06:15,A,80,5.0       ,305.6,15.1
12.247,106.786,329.5,1.1,1,2016-02-15, 06:15,A,64,5.0       ,307.2,20.8
12.318,107.201,336,1,1,2016-02-15, 06:15,A,82,5.0       ,302.7,36.2
12.248,106.728,331.8,1.1,1,2016-02-15, 06:15,A,69,5.0       ,306.4,22.3
12.265,106.784,327.1,1.1,1,2016-02-15, 06:15,A,42,5.0       ,303.5,17.8
12.47,107.928,327.6,1,1,2016-02-15, 06:15,A,57,5.0       ,313.6,12.5
12.521,108.161,337.8,1,1,2016-02-15, 06:15,A,88,5.0       ,306.4,33.5
11.931,103.682,317,1.6,1.2,2016-02-15, 06:15,A,65,5.0       ,298.3,31.4
11.931,103.676,313.5,1.6,1.2,2016-02-15, 06:15,A,39,5.0       ,297.4,23.3
12.57,107.667,326.7,1,1,2016-02-15, 06:15,A,30,5.0       ,307.7,14.4
12.602,107.503,332.2,1,1,2016-02-15, 06:15,A,84,5.0       ,308.3,24.1
12.6,107.494,325.3,1,1,2016-02-15, 06:15,A,40,5.0       ,308,13.8
12.636,107.604,323.4,1,1,2016-02-15, 06:15,A,76,5.0       ,305.6,15.1
12.328,105.569,325.6,1.2,1.1,2016-02-15, 06:15,A,79,5.0       ,305.9,23.6
12.646,107.546,331.9,1,1,2016-02-15, 06:15,A,84,5.0       ,308.7,24.4
12.241,104.821,316.4,1.3,1.1,2016-02-15, 06:15,A,65,5.0       ,302.4,11.7
12.646,107.424,328.3,1,1,2016-02-15, 06:15,A,75,5.0       ,309.6,13.6
12.645,107.415,333.9,1,1,2016-02-15, 06:15,A,86,5.0       ,310.4,22.7
12.428,105.77,330.9,1.2,1.1,2016-02-15, 06:15,A,71,5.0       ,303.5,24.2
12.725,107.528,334.6,1,1,2016-02-15, 06:15,A,86,5.0       ,308,23.9
12.499,105.954,322.1,1.1,1.1,2016-02-15, 06:15,A,59,5.0       ,305.5,8.6
12.586,106.402,329.1,1.1,1,2016-02-15, 06:15,A,75,5.0       ,307.2,14.9
12.914,108.525,326.2,1,1,2016-02-15, 06:15,A,66,5.0       ,303.3,19.1
12.385,104.96,340.5,1.3,1.1,2016-02-15, 06:15,A,90,5.0       ,309.2,44
12.384,104.948,335.6,1.3,1.1,2016-02-15, 06:15,A,82,5.0       ,306.4,31.8
12.521,105.781,324.9,1.1,1.1,2016-02-15, 06:15,A,35,5.0       ,301.5,15.8
12.405,104.885,321.2,1.3,1.1,2016-02-15, 06:15,A,57,5.0       ,304,13.3
12.833,107.692,327.4,1,1,2016-02-15, 06:15,A,56,5.0       ,308.4,17.2
12.831,107.683,322.8,1,1,2016-02-15, 06:15,A,16,5.0       ,307.7,11.8
12.406,104.89,323.7,1.3,1.1,2016-02-15, 06:15,A,76,5.0       ,304.4,17.9
12.958,108.503,318.6,1,1,2016-02-15, 06:15,A,52,5.0       ,299.5,13.9
12.8,107.407,322.1,1,1,2016-02-15, 06:15,A,49,5.0       ,306.4,8.9
12.509,105.483,322.2,1.2,1.1,2016-02-15, 06:15,A,60,5.0       ,306.6,16.3
12.56,105.682,373.5,1.2,1.1,2016-02-15, 06:15,A,100,5.0       ,304.9,147.2
12.447,104.955,330.6,1.3,1.1,2016-02-15, 06:15,A,83,5.0       ,306,32.6
12.259,103.783,321.4,1.5,1.2,2016-02-15, 06:15,A,52,5.0       ,303,24
12.457,104.953,328.5,1.3,1.1,2016-02-15, 06:15,A,80,5.0       ,306.3,27.5
12.186,103.118,328.9,1.7,1.3,2016-02-15, 06:15,A,82,5.0       ,301.8,57.7
13.566,107.93,326.5,1,1,2016-02-15, 06:15,A,80,5.0       ,310.1,9.9
13.542,107.765,336.6,1,1,2016-02-15, 06:15,A,69,5.0       ,311.1,22.7
13.558,107.81,337.5,1,1,2016-02-15, 06:15,A,88,5.0       ,309.3,25.6
13.536,107.598,335.7,1,1,2016-02-15, 06:15,A,87,5.0       ,307.2,30.9
13.494,107.304,344.8,1,1,2016-02-15, 06:15,A,93,5.0       ,309.4,39.4
13.312,106.075,332.2,1.1,1,2016-02-15, 06:15,A,68,5.0       ,309.9,19.3
13.284,105.884,325.2,1.1,1.1,2016-02-15, 06:15,A,58,5.0       ,309.2,11.8
13.166,105.109,321.5,1.2,1.1,2016-02-15, 06:15,A,74,5.0       ,301.6,18.3
13.164,105.098,318.8,1.2,1.1,2016-02-15, 06:15,A,49,5.0       ,301,13.2
13.338,106.183,330.9,1.1,1,2016-02-15, 06:15,A,80,5.0       ,300.1,27.2
13.337,106.173,345,1.1,1,2016-02-15, 06:15,A,93,5.0       ,306.5,53.7
12.925,103.497,326.7,1.6,1.2,2016-02-15, 06:15,A,63,5.0       ,301.9,33
12.923,103.483,334.8,1.6,1.2,2016-02-15, 06:15,A,78,5.0       ,302,53.8
13.539,107.479,328.1,1,1,2016-02-15, 06:15,A,69,5.0       ,305.9,16.2
13.602,107.852,326.7,1,1,2016-02-15, 06:15,A,80,5.0       ,308.7,10.6
13.517,107.266,331.4,1,1,2016-02-15, 06:15,A,64,5.0       ,313.2,16.3
13.515,107.257,333.9,1,1,2016-02-15, 06:15,A,82,5.0       ,312.7,19.3
13.348,106.134,331,1.1,1,2016-02-15, 06:15,A,65,5.0       ,309.7,22.6
12.927,103.49,340,1.6,1.2,2016-02-15, 06:15,A,90,5.0       ,302.2,77.1
13.235,105.339,325.3,1.2,1.1,2016-02-15, 06:15,A,72,5.0       ,305.7,20.7
13.581,107.454,325.8,1,1,2016-02-15, 06:15,A,68,5.0       ,307.9,12.9
13.544,107.205,327.7,1,1,2016-02-15, 06:15,A,53,5.0       ,311,9.1
13.538,107.159,329.1,1,1,2016-02-15, 06:15,A,27,5.0       ,311,14.7
13.205,104.958,312.7,1.2,1.1,2016-02-15, 06:15,A,43,5.0       ,296.9,10.7
12.979,103.393,327.1,1.6,1.2,2016-02-15, 06:15,A,39,5.0       ,306.6,27
13.536,106.959,346.5,1,1,2016-02-15, 06:15,A,93,5.0       ,314.5,41.4
12.495,98.858,317.8,3.6,1.8,2016-02-15, 06:15,A,56,5.0       ,297,80.3
12.489,98.826,373,3.6,1.8,2016-02-15, 06:15,A,100,5.0       ,297.8,838.3
13.92,107.254,326.4,1,1,2016-02-15, 06:15,A,71,5.0       ,306.8,12.7
13.542,104.689,325.7,1.3,1.1,2016-02-15, 06:15,A,72,5.0       ,305.3,21.6
13.505,104.252,327.2,1.4,1.2,2016-02-15, 06:15,A,66,5.0       ,299,28.8
13.503,104.26,327.1,1.4,1.2,2016-02-15, 06:15,A,68,5.0       ,300.2,28.3
14.161,108.299,323.7,1,1,2016-02-15, 06:15,A,70,5.0       ,307.2,14.6
13.773,105.589,323.3,1.1,1.1,2016-02-15, 06:15,A,75,5.0       ,297.5,18.9
14.102,107.624,325,1,1,2016-02-15, 06:15,A,53,5.0       ,310.5,13.5
14.038,107.11,321.3,1,1,2016-02-15, 06:15,A,69,5.0       ,306.7,9.8
14.074,107.171,319.4,1,1,2016-02-15, 06:15,A,57,5.0       ,305.4,7.2
14.055,107.041,324.5,1,1,2016-02-15, 06:15,A,78,5.0       ,304.4,15.9
14.054,107.032,341.9,1,1,2016-02-15, 06:15,A,91,5.0       ,306.8,44.8
13.948,106.322,320.1,1.1,1,2016-02-15, 06:15,A,62,5.0       ,306.5,9.7
14.23,108.131,318.3,1,1,2016-02-15, 06:15,A,35,5.0       ,305.8,6.7
13.87,105.683,335,1.1,1.1,2016-02-15, 06:15,A,72,5.0       ,300.4,35.7
14,106.482,320,1,1,2016-02-15, 06:15,A,68,5.0       ,297.3,14.5
13.881,105.692,334.7,1.1,1.1,2016-02-15, 06:15,A,86,5.0       ,305.7,33.5
13.88,105.682,358,1.1,1.1,2016-02-15, 06:15,A,99,5.0       ,301,91.7
13.556,103.456,327.2,1.5,1.2,2016-02-15, 06:15,A,50,5.0       ,304.6,23.5
13.694,104.035,324.1,1.4,1.2,2016-02-15, 06:15,A,62,5.0       ,302.3,30.5
14.414,108.657,316.6,1,1,2016-02-15, 06:15,A,65,5.0       ,292.7,16
14.007,105.728,345.5,1.1,1.1,2016-02-15, 06:15,A,93,5.0       ,307.8,54.7
13.781,104,325.6,1.4,1.2,2016-02-15, 06:15,A,78,5.0       ,301.3,23.1
14.083,105.678,327.7,1.1,1.1,2016-02-15, 06:15,A,70,5.0       ,309.2,19.3
14.044,105.419,323.1,1.1,1.1,2016-02-15, 06:15,A,38,5.0       ,302.8,14.6
14.042,105.409,362.9,1.2,1.1,2016-02-15, 06:15,A,100,5.0       ,301.5,111.5
13.767,103.639,321.1,1.5,1.2,2016-02-15, 06:15,A,37,5.0       ,302.5,13
14.048,105.386,329,1.2,1.1,2016-02-15, 06:15,A,81,5.0       ,302.4,24.5
13.946,104.716,328.4,1.3,1.1,2016-02-15, 06:15,A,80,5.0       ,301.1,30.5
13.947,104.722,327.9,1.3,1.1,2016-02-15, 06:15,A,62,5.0       ,304,27.9
14.485,108.112,319.4,1,1,2016-02-15, 06:15,A,69,5.0       ,303.2,13.4
14.484,108.103,318.3,1,1,2016-02-15, 06:15,A,62,5.0       ,300.7,12.7
14.248,106.167,324.5,1.1,1,2016-02-15, 06:15,A,63,5.0       ,307.7,9.5
14.126,105.142,326.1,1.2,1.1,2016-02-15, 06:15,A,64,5.0       ,303,18.7
14.212,105.508,325.3,1.1,1.1,2016-02-15, 06:15,A,78,5.0       ,299.8,23.7
14.211,105.497,321.7,1.1,1.1,2016-02-15, 06:15,A,74,5.0       ,302,17.7
14.029,104.266,344.2,1.3,1.1,2016-02-15, 06:15,A,87,5.0       ,302.6,72.2
14.258,105.679,324,1.1,1.1,2016-02-15, 06:15,A,77,5.0       ,305.7,17.8
14.606,107.993,322.9,1,1,2016-02-15, 06:15,A,75,5.0       ,304,15.4
14.605,107.984,316.3,1,1,2016-02-15, 06:15,A,50,5.0       ,301.7,7.8
14.652,108.25,349.1,1,1,2016-02-15, 06:15,A,95,5.0       ,296.5,67.8
14.576,107.589,328.6,1,1,2016-02-15, 06:15,A,76,5.0       ,305.5,23.6
14.585,107.588,328.3,1,1,2016-02-15, 06:15,A,66,5.0       ,305.3,22.6
14.699,108.322,312,1,1,2016-02-15, 06:15,A,49,5.0       ,291,11.3
14.079,104.202,322.9,1.3,1.1,2016-02-15, 06:15,A,16,5.0       ,305.2,18.8
14.267,105.333,321.9,1.2,1.1,2016-02-15, 06:15,A,61,5.0       ,307,14.6
14.673,107.884,356.1,1,1,2016-02-15, 06:15,A,98,5.0       ,307.1,73.9
14.672,107.875,328.9,1,1,2016-02-15, 06:15,A,82,5.0       ,303.1,21.9
14.229,104.826,328.5,1.2,1.1,2016-02-15, 06:15,A,71,5.0       ,305.5,16.9
14.117,104.107,340.1,1.4,1.2,2016-02-15, 06:15,A,90,5.0       ,305.8,56.2
14.692,107.89,327,1,1,2016-02-15, 06:15,A,78,5.0       ,306.4,18.8
13.784,101.969,324.6,2,1.4,2016-02-15, 06:15,A,59,5.0       ,304.5,31.2
14.688,107.659,328.3,1,1,2016-02-15, 06:15,A,81,5.0       ,308.4,19.5
14.877,108.877,319.2,1,1,2016-02-15, 06:15,A,71,5.0       ,295.3,17.4
14.876,108.867,333.3,1,1,2016-02-15, 06:15,A,85,5.0       ,296,37.9
14.579,106.596,318.9,1,1,2016-02-15, 06:15,A,52,5.0       ,304.2,8.7
14.471,105.808,327.4,1.1,1,2016-02-15, 06:15,A,77,5.0       ,310.2,13.8
14.476,105.777,331.7,1.1,1,2016-02-15, 06:15,A,81,5.0       ,311.1,17.2
14.792,107.872,321.2,1,1,2016-02-15, 06:15,A,51,5.0       ,306.6,9.5
14.815,107.906,323.8,1,1,2016-02-15, 06:15,A,53,5.0       ,301.2,17.5
14.66,106.712,330.6,1,1,2016-02-15, 06:15,A,83,5.0       ,310,17.4
14.346,104.655,345.2,1.3,1.1,2016-02-15, 06:15,A,93,5.0       ,309.5,63.7
14.545,105.688,326.3,1.1,1,2016-02-15, 06:15,A,69,5.0       ,309.4,11.5
14.543,105.678,328.8,1.1,1,2016-02-15, 06:15,A,80,5.0       ,309.1,15.9
14.998,108.421,320.8,1,1,2016-02-15, 06:15,A,73,5.0       ,294.9,18.3
14.927,107.854,369.4,1,1,2016-02-15, 06:15,A,100,5.0       ,306.4,116.6
14.926,107.845,326,1,1,2016-02-15, 06:15,A,75,5.0       ,305.4,19.9
14.618,105.752,329,1.1,1,2016-02-15, 06:15,A,82,5.0       ,309,14.3
15.059,108.527,312.4,1,1,2016-02-15, 06:15,A,54,5.0       ,296.7,9.1
14.981,107.977,323.8,1,1,2016-02-15, 06:15,A,58,5.0       ,293.3,25.4
15.003,107.743,320.7,1,1,2016-02-15, 06:15,A,66,5.0       ,303.8,11.5
14.365,103.549,322.1,1.5,1.2,2016-02-15, 06:15,A,62,5.0       ,300.8,27.8
15.001,107.668,314.5,1,1,2016-02-15, 06:15,A,47,5.0       ,303.7,12
14.525,104.233,327.6,1.3,1.1,2016-02-15, 06:15,A,81,5.0       ,304.5,25.8
15.081,107.705,315.5,1,1,2016-02-15, 06:15,A,38,5.0       ,301.8,7.4
15.111,107.72,326,1,1,2016-02-15, 06:15,A,79,5.0       ,301.3,21.8
14.834,105.668,324.7,1.1,1,2016-02-15, 06:15,A,55,5.0       ,308.4,10.4
14.986,106.609,365.3,1,1,2016-02-15, 06:15,A,100,5.0       ,302.3,106.8
14.995,106.607,321.3,1,1,2016-02-15, 06:15,A,53,5.0       ,302.9,15.7
14.837,105.501,318.3,1.1,1.1,2016-02-15, 06:15,A,36,5.0       ,303.8,11.4
15.124,106.416,327.5,1,1,2016-02-15, 06:15,A,81,5.0       ,301,25.3
13.906,98.927,312.8,3.3,1.7,2016-02-15, 06:15,A,32,5.0       ,300.9,39.6
15.185,106.401,320.1,1,1,2016-02-15, 06:15,A,55,5.0       ,296.8,14.4
15.075,105.471,332.3,1.1,1.1,2016-02-15, 06:15,A,85,5.0       ,304.4,27
15.25,106.52,340,1,1,2016-02-15, 06:15,A,90,5.0       ,296.6,49.3
15.248,106.51,349,1,1,2016-02-15, 06:15,A,95,5.0       ,299.1,67.8
14.731,102.967,327.3,1.6,1.2,2016-02-15, 06:15,A,80,5.0       ,305.3,26.1
15.188,105.796,325.3,1.1,1,2016-02-15, 06:15,A,78,5.0       ,308.9,13.2
14.753,102.963,332.4,1.6,1.2,2016-02-15, 06:15,A,85,5.0       ,305.6,41.5
15.433,107.207,329.4,1,1,2016-02-15, 06:15,A,82,5.0       ,294.9,31.9
15.328,106.366,327.9,1,1,2016-02-15, 06:15,A,78,5.0       ,306.2,22.3
14.592,101.444,341.8,2.1,1.4,2016-02-15, 06:15,A,91,5.0       ,303,125.7
14.186,99.126,323.8,3.2,1.7,2016-02-15, 06:15,A,74,5.0       ,305.1,66.2
15.526,107.205,320.8,1,1,2016-02-15, 06:15,A,73,5.0       ,295.1,20.5
14.597,101.455,330.4,2.1,1.4,2016-02-15, 06:15,A,83,5.0       ,302.3,68.5
14.593,101.437,327.8,2.1,1.4,2016-02-15, 06:15,A,81,5.0       ,302.4,58.2
14.184,99.119,326.1,3.2,1.7,2016-02-15, 06:15,A,79,5.0       ,305.9,80.7
15.409,105.98,333.9,1.1,1,2016-02-15, 06:15,A,86,5.0       ,310.5,26.2
15.485,106.362,328.6,1,1,2016-02-15, 06:15,A,68,5.0       ,303.9,23
15.494,106.306,317.1,1,1,2016-02-15, 06:15,A,18,5.0       ,303.8,9.2
15.575,106.793,316.8,1,1,2016-02-15, 06:15,A,67,5.0       ,305,9.2
15.088,103.592,326.3,1.4,1.2,2016-02-15, 06:15,A,79,5.0       ,307.6,20.5
15.086,103.579,326.4,1.4,1.2,2016-02-15, 06:15,A,80,5.0       ,308,19.8
15.092,103.551,324.6,1.4,1.2,2016-02-15, 06:15,A,74,5.0       ,308.2,14.9
15.325,104.952,321.8,1.2,1.1,2016-02-15, 06:15,A,74,5.0       ,302.5,11.7
15.274,104.623,324.3,1.2,1.1,2016-02-15, 06:15,A,65,5.0       ,305,15.9
15.507,105.958,330.7,1.1,1,2016-02-15, 06:15,A,83,5.0       ,309,22.8
15.556,106.227,340.5,1,1,2016-02-15, 06:15,A,90,5.0       ,308.9,40.4
14.943,102.309,322.8,1.8,1.3,2016-02-15, 06:15,A,62,5.0       ,308,22.3
15.05,102.735,331.3,1.6,1.3,2016-02-15, 06:15,A,84,5.0       ,308.5,42.3
15.048,102.72,326.1,1.6,1.3,2016-02-15, 06:15,A,75,5.0       ,305,27.9
15.541,105.755,332.1,1.1,1,2016-02-15, 06:15,A,77,5.0       ,310.3,20.4
15.356,104.428,340.7,1.2,1.1,2016-02-15, 06:15,A,90,5.0       ,307.5,54.5
15.354,104.417,323.4,1.3,1.1,2016-02-15, 06:15,A,76,5.0       ,305.9,17.5
14.411,98.756,315.1,3.4,1.7,2016-02-15, 06:15,A,63,5.0       ,301.3,47.1
15.805,107.172,316.1,1,1,2016-02-15, 06:15,A,48,5.0       ,294.9,15.9
14.406,98.752,313.5,3.4,1.7,2016-02-15, 06:15,A,58,5.0       ,301.1,38.3
15.166,102.739,323,1.6,1.3,2016-02-15, 06:15,A,76,5.0       ,307,15.2
15.403,103.69,329.8,1.4,1.2,2016-02-15, 06:15,A,68,5.0       ,311.9,20.7
15.547,104.336,323.3,1.3,1.1,2016-02-15, 06:15,A,60,5.0       ,307.1,12
15.432,103.607,328.1,1.4,1.2,2016-02-15, 06:15,A,75,5.0       ,310.7,18.3
15.546,104.331,324.1,1.3,1.1,2016-02-15, 06:15,A,63,5.0       ,306.5,13
15.437,103.6,325.5,1.4,1.2,2016-02-15, 06:15,A,66,5.0       ,309.2,15.8
15.258,102.397,330.4,1.7,1.3,2016-02-15, 06:15,A,83,5.0       ,308.8,31.4
15.323,102.715,324.3,1.6,1.3,2016-02-15, 06:15,A,56,5.0       ,309,18.9
15.376,102.826,323.8,1.6,1.2,2016-02-15, 06:15,A,71,5.0       ,306.2,20.6
15.318,102.403,331.8,1.7,1.3,2016-02-15, 06:15,A,84,5.0       ,311.5,34.2
15.318,102.412,329.3,1.7,1.3,2016-02-15, 06:15,A,82,5.0       ,310.6,25.7
15.595,103.373,324.3,1.4,1.2,2016-02-15, 06:15,A,77,5.0       ,309.1,14.7
15.593,103.36,325.8,1.4,1.2,2016-02-15, 06:15,A,79,5.0       ,309.3,18.4
15.483,102.36,325.8,1.7,1.3,2016-02-15, 06:15,A,79,5.0       ,307.4,26
16.046,105.564,325.5,1.1,1,2016-02-15, 06:15,A,79,5.0       ,303.9,20.6
15.607,102.75,328.1,1.6,1.2,2016-02-15, 06:15,A,81,5.0       ,308.8,29
15.758,103.337,325.7,1.4,1.2,2016-02-15, 06:15,A,79,5.0       ,308.8,19.2
15.674,102.813,323.1,1.6,1.2,2016-02-15, 06:15,A,70,5.0       ,307.3,17.2
15.751,103.333,326.9,1.4,1.2,2016-02-15, 06:15,A,80,5.0       ,309.4,21.9
15.674,102.808,325.9,1.6,1.2,2016-02-15, 06:15,A,79,5.0       ,307.6,25.3
15.12,99.291,315.5,3,1.6,2016-02-15, 06:15,A,43,5.0       ,302.8,40.9
15.78,102.478,330.5,1.6,1.3,2016-02-15, 06:15,A,83,5.0       ,307.7,39.3
15.778,102.463,336.3,1.7,1.3,2016-02-15, 06:15,A,87,5.0       ,307.8,58.5
16.151,103.818,324.9,1.3,1.1,2016-02-15, 06:15,A,78,5.0       ,307.5,18.7
16.149,103.805,321.3,1.3,1.1,2016-02-15, 06:15,A,72,5.0       ,306.1,10.5
15.314,98.838,312.9,3.2,1.7,2016-02-15, 06:15,A,56,5.0       ,299.1,46.6
15.308,98.806,313.8,3.2,1.7,2016-02-15, 06:15,A,59,5.0       ,299.6,54.4
15.312,98.833,314.7,3.2,1.7,2016-02-15, 06:15,A,56,5.0       ,299.3,54.3
12.964,105.379,335.4,1.2,1.1,2016-02-15, 06:15,A,76,5.0       ,310.9,31.1
12.962,105.369,329.9,1.2,1.1,2016-02-15, 06:15,A,43,5.0       ,308.9,20.6
13.338,107.818,333,1,1,2016-02-15, 06:15,A,85,5.0       ,314.1,14.9
12.751,103.907,321.9,1.5,1.2,2016-02-15, 06:15,A,59,5.0       ,304.2,19
13.392,107.94,326.9,1,1,2016-02-15, 06:15,A,63,5.0       ,309.7,8.5
13.533,108.539,323.1,1,1,2016-02-15, 06:15,A,75,5.0       ,302.3,16
12.978,104.748,338.2,1.3,1.1,2016-02-15, 06:15,A,89,5.0       ,303,47.6
12.976,104.736,321.7,1.3,1.1,2016-02-15, 06:15,A,34,5.0       ,302,11.6
13.478,107.958,328.4,1,1,2016-02-15, 06:15,A,26,5.0       ,310.1,14.7
13.515,108.148,342.2,1,1,2016-02-15, 06:15,A,91,5.0       ,312.7,35.1
12.87,103.797,316.8,1.5,1.2,2016-02-15, 06:15,A,51,5.0       ,302.6,13.2
13.525,108.029,325.1,1,1,2016-02-15, 06:15,A,78,5.0       ,309.1,6.8
13.391,107.102,326.3,1,1,2016-02-15, 06:15,A,44,5.0       ,309,8.2
13.451,107.452,327.3,1,1,2016-02-15, 06:15,A,50,5.0       ,311.3,8.8
13.45,107.443,331.7,1,1,2016-02-15, 06:15,A,66,5.0       ,311,16.2
13.076,104.986,332.9,1.2,1.1,2016-02-15, 06:15,A,85,5.0       ,306.4,33.1
13.553,107.969,329,1,1,2016-02-15, 06:15,A,82,5.0       ,311.7,12.4
22.788,95.611,318,3.8,1.8,2016-02-15, 06:15,A,50,5.0       ,304,48.1
23.459,97.916,310.2,2.5,1.5,2016-02-15, 06:15,A,25,5.0       ,296.6,27.1
23.227,96.267,321,3.3,1.7,2016-02-15, 06:15,A,73,5.0       ,299.6,103.8
23.224,96.26,324.1,3.3,1.7,2016-02-15, 06:15,A,77,5.0       ,299.9,126.7
23.552,96.644,312.6,3.1,1.7,2016-02-15, 06:15,A,53,5.0       ,300.9,38.4
23.546,96.615,316.6,3.1,1.7,2016-02-15, 06:15,A,66,5.0       ,300.8,60.2
26.449,109.761,310.8,1.6,1.2,2016-02-15, 06:15,A,43,5.0       ,283.7,34.4
26.43,100.964,322.8,1.4,1.2,2016-02-15, 06:15,A,74,5.0       ,295.3,35.4
26.474,100.87,311.5,1.4,1.2,2016-02-15, 06:15,A,42,5.0       ,291.1,20.6
25.336,94.683,314.3,3.8,1.8,2016-02-15, 06:15,A,45,5.0       ,295.2,108.6
25.351,94.709,313.5,3.8,1.8,2016-02-15, 06:15,A,57,5.0       ,295.3,103.5
25.344,94.675,315.4,3.8,1.8,2016-02-15, 06:15,A,64,5.0       ,295.5,121.2
26.897,101.291,314.5,1.3,1.1,2016-02-15, 06:15,A,61,5.0       ,292.1,22.8
0.208,116.728,313.3,3.1,1.7,2016-02-15, 03:15,T,58,5.0       ,289.8,45.8
0.209,116.721,314.2,3.1,1.7,2016-02-15, 03:15,T,61,5.0       ,290,51.1
0.323,109.125,314.9,1,1,2016-02-15, 03:15,T,34,5.0       ,297.9,9.5
-2.547,110.233,315.7,1.1,1.1,2016-02-15, 03:15,T,34,5.0       ,294.7,9.9
-3.726,115.318,310.7,2.8,1.6,2016-02-15, 03:15,T,39,5.0       ,291.8,29.9
-6.375,107.319,318.2,1,1,2016-02-15, 03:15,T,63,5.0       ,297.8,10.5
-6.417,107.413,317.3,1,1,2016-02-15, 03:15,T,66,5.0       ,298.1,9.5
-6.39,107.164,314.3,1,1,2016-02-15, 03:15,T,61,5.0       ,296.2,7.6
-6.45,107.449,315.2,1,1,2016-02-15, 03:15,T,30,5.0       ,297,7.3
-6.451,107.458,319.4,1,1,2016-02-15, 03:15,T,71,5.0       ,297.5,12.1
-6.7,108.473,315.5,1.1,1,2016-02-15, 03:15,T,41,5.0       ,295.4,7.1
-6.554,107.409,315.1,1,1,2016-02-15, 03:15,T,29,5.0       ,297.2,8.3
-6.976,106.832,312.2,1,1,2016-02-15, 03:15,T,53,5.0       ,295.7,7.4
-7.592,108.724,311,1.1,1,2016-02-15, 03:15,T,45,5.0       ,293.6,6.8
20.8,103.427,312.9,3.6,1.8,2016-02-15, 03:10,T,56,5.0       ,293.4,83.8
20.808,103.419,315.4,3.6,1.8,2016-02-15, 03:10,T,64,5.0       ,293.6,101.6
16.781,102.096,313.2,4,1.9,2016-02-15, 03:10,T,47,5.0       ,300.5,42.7
16.777,102.132,319,4,1.9,2016-02-15, 03:10,T,70,5.0       ,301.5,87.1
16.772,102.126,321.9,4,1.9,2016-02-15, 03:10,T,74,5.0       ,301.3,112.5
16.551,102.933,317.5,3.4,1.7,2016-02-15, 03:10,T,68,5.0       ,301.7,48.5
16.556,102.928,318.7,3.4,1.7,2016-02-15, 03:10,T,65,5.0       ,301.8,54.8
16.396,103.257,316.6,3.2,1.7,2016-02-15, 03:10,T,60,5.0       ,299,41.9
16.236,103.778,314.9,2.9,1.6,2016-02-15, 03:10,T,62,5.0       ,299.9,33.7
16.181,102.704,319.8,3.6,1.8,2016-02-15, 03:10,T,72,5.0       ,299.6,70.9
16.188,102.698,322.8,3.6,1.8,2016-02-15, 03:10,T,76,5.0       ,300.1,97.7
15.562,106.226,318.5,1.9,1.3,2016-02-15, 03:10,T,70,5.0       ,300.6,28.3
15.55,103.977,316.5,2.8,1.6,2016-02-15, 03:10,T,66,5.0       ,298.8,40
15.554,102.492,316.2,3.6,1.8,2016-02-15, 03:10,T,60,5.0       ,300.2,48.3
15.545,102.484,316.3,3.6,1.8,2016-02-15, 03:10,T,66,5.0       ,300.4,47.8
15.3,103.498,313.1,3,1.6,2016-02-15, 03:10,T,20,5.0       ,295.1,28.7
14.507,108.891,311.7,1.2,1.1,2016-02-15, 03:10,T,0,5.0       ,290,11.7
14.509,108.197,318.2,1.3,1.1,2016-02-15, 03:10,T,68,5.0       ,302.4,15.5
14.284,105.477,314.8,2,1.4,2016-02-15, 03:10,T,44,5.0       ,299.4,22.2
14.181,104.701,319.1,2.3,1.5,2016-02-15, 03:10,T,67,5.0       ,297,28.7
13.852,106.026,320.3,1.8,1.3,2016-02-15, 03:10,T,57,5.0       ,300,26.4
13.753,106.625,319.1,1.6,1.3,2016-02-15, 03:10,T,34,5.0       ,301.9,21
13.542,107.564,318,1.4,1.2,2016-02-15, 03:10,T,48,5.0       ,301.8,13.5
13.629,106.346,326.6,1.7,1.3,2016-02-15, 03:10,T,76,5.0       ,304,34.4
13.627,106.362,323.8,1.7,1.3,2016-02-15, 03:10,T,57,5.0       ,302.6,25.9
13.474,107.548,325.5,1.4,1.2,2016-02-15, 03:10,T,79,5.0       ,304.5,23.3
13.644,105.936,323.9,1.8,1.3,2016-02-15, 03:10,T,77,5.0       ,302.6,23.3
13.707,105.285,321.1,2.1,1.4,2016-02-15, 03:10,T,74,5.0       ,301.8,23.6
13.084,108.033,330.4,1.3,1.1,2016-02-15, 03:10,T,83,5.0       ,308,26
12.999,107.979,320.2,1.3,1.1,2016-02-15, 03:10,T,71,5.0       ,304.7,11.6
12.997,107.991,322.2,1.3,1.1,2016-02-15, 03:10,T,75,5.0       ,304.4,14.3
12.592,106.407,322.1,1.6,1.3,2016-02-15, 03:10,T,74,5.0       ,301.8,22.7
12.58,106.414,319,1.6,1.3,2016-02-15, 03:10,T,45,5.0       ,299.2,11.2
12.743,104.315,313,2.4,1.5,2016-02-15, 03:10,T,0,5.0       ,298.6,28.1
12.529,105.929,319.9,1.8,1.3,2016-02-15, 03:10,T,64,5.0       ,300.9,19
12.324,105.387,322.1,1.9,1.4,2016-02-15, 03:10,T,55,5.0       ,302.7,22.2
12.212,105.259,321.2,2,1.4,2016-02-15, 03:10,T,74,5.0       ,301.8,31.4
12.348,103.24,319.2,2.8,1.6,2016-02-15, 03:10,T,71,5.0       ,296.8,50.4
12.182,104.247,319.7,2.4,1.5,2016-02-15, 03:10,T,57,5.0       ,299,34.4
11.563,108.493,311.7,1.2,1.1,2016-02-15, 03:10,T,47,5.0       ,298.5,7.7
11.77,104.3,321.4,2.3,1.5,2016-02-15, 03:10,T,72,5.0       ,298.1,33.8
5.513,117.029,311.7,2.6,1.6,2016-02-15, 03:10,T,50,5.0       ,287.5,45.3
6.533,124.433,310.6,4,1.9,2016-02-15, 04:35,A,29,5.0       ,294.8,53.6
6.537,124.427,310.8,4,1.9,2016-02-15, 04:35,A,9,5.0       ,294.1,57.3
16.511,104.924,321.7,1.1,1.1,2016-02-15, 06:15,A,66,5.0       ,307.2,14.5
16.509,104.914,318.4,1.1,1.1,2016-02-15, 06:15,A,47,5.0       ,304.4,10.3
15.941,101.465,322.3,1.9,1.4,2016-02-15, 06:15,A,63,5.0       ,301.7,36.4
16.655,105.68,317.4,1.1,1,2016-02-15, 06:15,A,67,5.0       ,303.4,12.4
16.186,102.699,324.2,1.6,1.2,2016-02-15, 06:15,A,52,5.0       ,309.2,22.8
16.664,105.678,314.8,1.1,1,2016-02-15, 06:15,A,52,5.0       ,302.5,9.3
16.455,103.797,321.8,1.3,1.1,2016-02-15, 06:15,A,74,5.0       ,306.9,14.8
16.389,103.251,325.6,1.4,1.2,2016-02-15, 06:15,A,66,5.0       ,307.7,18.1
16.645,104.792,325.8,1.2,1.1,2016-02-15, 06:15,A,79,5.0       ,307.8,19.9
16.394,103.244,329.1,1.4,1.2,2016-02-15, 06:15,A,75,5.0       ,308.5,24.2
16.232,102.217,323.8,1.7,1.3,2016-02-15, 06:15,A,77,5.0       ,308.2,17
16.389,103.081,332.3,1.5,1.2,2016-02-15, 06:15,A,85,5.0       ,308.2,37.1
16.211,102.028,314.3,1.7,1.3,2016-02-15, 06:15,A,30,5.0       ,302.3,12.4
16.4,103.079,328.8,1.5,1.2,2016-02-15, 06:15,A,82,5.0       ,308.5,28.5
16.311,102.545,322.5,1.6,1.2,2016-02-15, 06:15,A,75,5.0       ,308.4,15.7
16.425,103.032,331.7,1.5,1.2,2016-02-15, 06:15,A,84,5.0       ,308.9,37.6
16.21,100.964,321.6,2.1,1.4,2016-02-15, 06:15,A,60,5.0       ,306.7,30.9
16.86,104.544,320.8,1.2,1.1,2016-02-15, 06:15,A,69,5.0       ,304.8,14.8
16.405,101.407,330.5,1.9,1.4,2016-02-15, 06:15,A,83,5.0       ,299.3,84.6
16.402,101.389,313.1,1.9,1.4,2016-02-15, 06:15,A,57,5.0       ,297.5,26
16.713,102.537,344.4,1.6,1.2,2016-02-15, 06:15,A,70,5.0       ,310.9,80.8
16.71,102.523,325.4,1.6,1.2,2016-02-15, 06:15,A,68,5.0       ,309,20.4
16.963,103.832,317.8,1.3,1.1,2016-02-15, 06:15,A,52,5.0       ,304.8,15.2
16.882,103.34,324.3,1.4,1.2,2016-02-15, 06:15,A,77,5.0       ,307.7,16.1
17.178,105.067,320.7,1.1,1,2016-02-15, 06:15,A,72,5.0       ,305.4,13.7
16.968,103.733,323.1,1.3,1.1,2016-02-15, 06:15,A,62,5.0       ,307.4,17.5
16.905,103.283,324.8,1.4,1.2,2016-02-15, 06:15,A,72,5.0       ,309.3,18
16.982,103.693,350.4,1.3,1.1,2016-02-15, 06:15,A,95,5.0       ,310.1,83.1
16.98,103.68,328.7,1.3,1.1,2016-02-15, 06:15,A,82,5.0       ,308.9,23.6
17.13,104.502,325.1,1.2,1.1,2016-02-15, 06:15,A,78,5.0       ,308,16.8
16.756,102.107,324.1,1.7,1.3,2016-02-15, 06:15,A,35,5.0       ,308.7,16.4
16.78,102.112,329.6,1.7,1.3,2016-02-15, 06:15,A,79,5.0       ,310.3,35.2
16.777,102.097,327.2,1.7,1.3,2016-02-15, 06:15,A,57,5.0       ,307.1,30.1
16.837,101.701,314.6,1.8,1.3,2016-02-15, 06:15,A,46,5.0       ,303.5,18.8
17.347,104.651,322.3,1.1,1.1,2016-02-15, 06:15,A,75,5.0       ,306.8,13
17.184,103.614,314.6,1.3,1.1,2016-02-15, 06:15,A,52,5.0       ,302.7,8.9
17.501,105.488,341.6,1.1,1,2016-02-15, 06:15,A,91,5.0       ,300.1,54.2
17.5,105.478,312.5,1.1,1,2016-02-15, 06:15,A,54,5.0       ,299.8,9.6
17.188,103.448,319.4,1.3,1.1,2016-02-15, 06:15,A,46,5.0       ,305.4,9
17.199,103.447,322.3,1.3,1.1,2016-02-15, 06:15,A,75,5.0       ,306.6,15.2
16.811,101.016,317.3,2,1.4,2016-02-15, 06:15,A,55,5.0       ,300.2,30.3
16.808,100.995,320.4,2,1.4,2016-02-15, 06:15,A,73,5.0       ,302.6,40.5
16.804,100.976,314.6,2,1.4,2016-02-15, 06:15,A,30,5.0       ,302.8,20.6
17.326,104.048,321.1,1.2,1.1,2016-02-15, 06:15,A,70,5.0       ,306.2,13.2
17.278,103.565,320.1,1.3,1.1,2016-02-15, 06:15,A,72,5.0       ,306.9,12.7
17.001,101.862,322.6,1.7,1.3,2016-02-15, 06:15,A,62,5.0       ,303.8,29.9
17.104,102.391,326.4,1.6,1.2,2016-02-15, 06:15,A,80,5.0       ,309.5,25.5
17.182,102.37,326.5,1.6,1.2,2016-02-15, 06:15,A,80,5.0       ,307.2,29.9
17.676,103.927,326.8,1.2,1.1,2016-02-15, 06:15,A,80,5.0       ,306.9,22.3
17.855,104.361,318.4,1.2,1.1,2016-02-15, 06:15,A,69,5.0       ,302.9,13.7
17.854,104.35,319.4,1.2,1.1,2016-02-15, 06:15,A,71,5.0       ,302.3,15.5
17.859,104.046,335.6,1.2,1.1,2016-02-15, 06:15,A,87,5.0       ,307.3,40.8
17.589,101.451,335.9,1.8,1.3,2016-02-15, 06:15,A,87,5.0       ,306.9,75.4
18.211,104.993,311,1.1,1,2016-02-15, 06:15,A,43,5.0       ,296.9,10.2
18.153,104.217,319.4,1.2,1.1,2016-02-15, 06:15,A,71,5.0       ,306.6,10.7
18.175,104.168,322.3,1.2,1.1,2016-02-15, 06:15,A,75,5.0       ,303.9,17.4
18.173,104.157,322.3,1.2,1.1,2016-02-15, 06:15,A,74,5.0       ,304.3,17.6
17.23,98.495,310.8,3.1,1.7,2016-02-15, 06:15,A,36,5.0       ,298.9,36.1
17.234,98.514,312.4,3.1,1.7,2016-02-15, 06:15,A,53,5.0       ,299.6,44.2
18.246,104.16,340,1.2,1.1,2016-02-15, 06:15,A,90,5.0       ,304.6,50.4
18.314,104.131,317,1.2,1.1,2016-02-15, 06:15,A,65,5.0       ,303.4,14.1
18.134,102.471,315.8,1.5,1.2,2016-02-15, 06:15,A,65,5.0       ,301.9,16.6
17.728,100.014,313.7,2.3,1.5,2016-02-15, 06:15,A,59,5.0       ,302.8,24.3
18.553,103.956,331.1,1.2,1.1,2016-02-15, 06:15,A,84,5.0       ,303.3,38.9
18.552,103.945,333,1.2,1.1,2016-02-15, 06:15,A,85,5.0       ,301.1,44.4
18.584,103.962,314.4,1.2,1.1,2016-02-15, 06:15,A,30,5.0       ,303.5,10.2
17.918,99.899,314.7,2.3,1.5,2016-02-15, 06:15,A,56,5.0       ,303.1,27
18.251,101.402,317,1.8,1.3,2016-02-15, 06:15,A,67,5.0       ,302,22.3
17.988,99.083,316,2.7,1.6,2016-02-15, 06:15,A,65,5.0       ,301.1,38
19.209,103.64,310,1.2,1.1,2016-02-15, 06:15,A,17,5.0       ,298.9,12.6
19.088,102.711,317.8,1.4,1.2,2016-02-15, 06:15,A,69,5.0       ,297.8,29
19.274,103.214,310.8,1.3,1.1,2016-02-15, 06:15,A,43,5.0       ,299,13.5
19.312,102.884,325.2,1.4,1.2,2016-02-15, 06:15,A,78,5.0       ,295.6,41.9
19.31,102.871,322.4,1.4,1.2,2016-02-15, 06:15,A,75,5.0       ,295.8,36.5
18.817,99.56,317.1,2.4,1.5,2016-02-15, 06:15,A,67,5.0       ,304.4,28.8
19.408,102.157,311.1,1.5,1.2,2016-02-15, 06:15,A,45,5.0       ,294.1,18.5
19.617,102.926,310.9,1.3,1.1,2016-02-15, 06:15,A,44,5.0       ,296.1,16.2
19.438,101.252,314.8,1.7,1.3,2016-02-15, 06:15,A,60,5.0       ,299.2,22.2
19.435,101.236,320.8,1.7,1.3,2016-02-15, 06:15,A,73,5.0       ,300.7,38.6
18.46,95.808,318.3,4.6,2,2016-02-15, 06:15,A,51,5.0       ,303.4,88.6
20.299,103.84,334.8,1.2,1.1,2016-02-15, 06:15,A,82,5.0       ,295.2,49.7
20.297,103.829,334.4,1.2,1.1,2016-02-15, 06:15,A,86,5.0       ,300.1,48.4
20.322,103.284,335,1.2,1.1,2016-02-15, 06:15,A,87,5.0       ,298,55
20.332,103.282,321,1.2,1.1,2016-02-15, 06:15,A,73,5.0       ,297.7,28.4
19.915,100.221,316.3,2,1.4,2016-02-15, 06:15,A,65,5.0       ,303.4,24.3
19.853,99.44,318.2,2.3,1.5,2016-02-15, 06:15,A,56,5.0       ,300.2,47.4
19.846,99.327,314.6,2.3,1.5,2016-02-15, 06:15,A,56,5.0       ,301.3,33.7
20.599,103.287,312.9,1.2,1.1,2016-02-15, 06:15,A,56,5.0       ,298.9,15.7
20.597,103.275,311.6,1.2,1.1,2016-02-15, 06:15,A,50,5.0       ,298.9,13.8
20.702,103.657,316.3,1.2,1.1,2016-02-15, 06:15,A,52,5.0       ,295.3,18.4
20.72,103.708,316.2,1.2,1.1,2016-02-15, 06:15,A,65,5.0       ,291.9,17.8
20.72,103.584,312.3,1.2,1.1,2016-02-15, 06:15,A,49,5.0       ,298,13.4
20.143,99.875,313,2.1,1.4,2016-02-15, 06:15,A,52,5.0       ,301.5,21.4
20.126,99.778,311.6,2.1,1.4,2016-02-15, 06:15,A,38,5.0       ,299.2,22.4
19.932,98.722,314.3,2.6,1.5,2016-02-15, 06:15,A,56,5.0       ,302,36.4
20.765,103.496,310.1,1.2,1.1,2016-02-15, 06:15,A,24,5.0       ,298.8,10.4
20.767,103.49,313.1,1.2,1.1,2016-02-15, 06:15,A,57,5.0       ,298.7,16.2
20.144,99.87,312.1,2.1,1.4,2016-02-15, 06:15,A,53,5.0       ,301.3,17
19.938,98.716,313,2.6,1.5,2016-02-15, 06:15,A,48,5.0       ,301.5,29.4
20.267,100.262,310.4,2,1.4,2016-02-15, 06:15,A,27,5.0       ,298.5,19.5
20.898,103.294,345.2,1.2,1.1,2016-02-15, 06:15,A,93,5.0       ,298.5,76.9
20.956,103.395,326.2,1.2,1.1,2016-02-15, 06:15,A,79,5.0       ,295.1,33.9
20.954,103.384,318.2,1.2,1.1,2016-02-15, 06:15,A,69,5.0       ,295.3,21.5
20.987,103.402,312.9,1.2,1.1,2016-02-15, 06:15,A,39,5.0       ,296.7,13.7
20.97,103.107,310.7,1.2,1.1,2016-02-15, 06:15,A,42,5.0       ,299.3,11.9
20.968,103.096,331.8,1.2,1.1,2016-02-15, 06:15,A,84,5.0       ,299,48.2
21.022,103.103,327.7,1.2,1.1,2016-02-15, 06:15,A,81,5.0       ,301.3,37.1
21.033,103.112,359.3,1.2,1.1,2016-02-15, 06:15,A,99,5.0       ,299.2,122.3
21.032,103.101,426.8,1.2,1.1,2016-02-15, 06:15,A,100,5.0       ,314.4,611.8
21.03,103.089,328.3,1.2,1.1,2016-02-15, 06:15,A,81,5.0       ,301.3,38.2
21.054,103.18,310.2,1.2,1.1,2016-02-15, 06:15,A,30,5.0       ,298.9,9.2
21.041,103.099,310.3,1.2,1.1,2016-02-15, 06:15,A,33,5.0       ,299.5,9.5
21.092,103.291,326.7,1.2,1.1,2016-02-15, 06:15,A,61,5.0       ,296.8,29.6
21.09,103.279,359.6,1.2,1.1,2016-02-15, 06:15,A,99,5.0       ,300.5,115.4
21.1,103.277,322.4,1.2,1.1,2016-02-15, 06:15,A,74,5.0       ,295.4,23.9
21.122,103.28,328.8,1.2,1.1,2016-02-15, 06:15,A,82,5.0       ,296,36.8
21.12,103.268,340.4,1.2,1.1,2016-02-15, 06:15,A,90,5.0       ,299.6,61.6
21.145,103.109,315.1,1.2,1.1,2016-02-15, 06:15,A,63,5.0       ,300.2,13.7
21.143,103.097,316.6,1.2,1.1,2016-02-15, 06:15,A,66,5.0       ,302.5,16.3
21.175,103.235,314.7,1.2,1.1,2016-02-15, 06:15,A,62,5.0       ,296.3,16.6
21.257,103.352,313.3,1.2,1.1,2016-02-15, 06:15,A,58,5.0       ,297.5,12.2
21.25,103.308,311.7,1.2,1.1,2016-02-15, 06:15,A,50,5.0       ,297.7,10.1
21.285,103.143,312.8,1.2,1.1,2016-02-15, 06:15,A,50,5.0       ,301,9.7
21.283,103.072,319.9,1.2,1.1,2016-02-15, 06:15,A,72,5.0       ,301.6,20.3
20.692,99.692,312.5,2.1,1.4,2016-02-15, 06:15,A,55,5.0       ,294.9,35.9
21.379,102.22,310.3,1.4,1.2,2016-02-15, 06:15,A,36,5.0       ,297.6,13
21.166,100.957,312.9,1.7,1.3,2016-02-15, 06:15,A,56,5.0       ,299.4,27.1
20.593,97.829,317.1,2.9,1.6,2016-02-15, 06:15,A,29,5.0       ,301.3,57
20.557,97.64,315.4,3,1.7,2016-02-15, 06:15,A,63,5.0       ,298.5,61.9
21.555,103.216,311.9,1.2,1.1,2016-02-15, 06:15,A,52,5.0       ,296.8,11.2
21.164,100.95,312,1.7,1.3,2016-02-15, 06:15,A,46,5.0       ,299.3,22.9
20.558,97.634,311.3,3,1.7,2016-02-15, 06:15,A,41,5.0       ,298,40.3
21.682,102.683,318.6,1.3,1.1,2016-02-15, 06:15,A,66,5.0       ,301.6,22.3
21.68,102.672,314.1,1.3,1.1,2016-02-15, 06:15,A,36,5.0       ,299.3,15.9
21.692,102.681,326.7,1.3,1.1,2016-02-15, 06:15,A,80,5.0       ,299.9,36.1
21.69,102.67,321.5,1.3,1.1,2016-02-15, 06:15,A,68,5.0       ,298.1,27.5
21.202,99.875,315,2,1.4,2016-02-15, 06:15,A,60,5.0       ,295.4,37.5
20.621,96.877,315.4,3.4,1.7,2016-02-15, 06:15,A,58,5.0       ,302.1,48.5
21.546,101.75,311.2,1.5,1.2,2016-02-15, 06:15,A,47,5.0       ,296.6,18.6
21.73,102.724,318.6,1.3,1.1,2016-02-15, 06:15,A,60,5.0       ,300.7,19
21.232,99.83,311.5,2,1.4,2016-02-15, 06:15,A,38,5.0       ,298.5,21.6
21.74,102.722,315.2,1.3,1.1,2016-02-15, 06:15,A,42,5.0       ,301.2,13.8
21.738,102.71,319.9,1.3,1.1,2016-02-15, 06:15,A,72,5.0       ,301.5,21.1
21.74,102.66,322.1,1.3,1.1,2016-02-15, 06:15,A,71,5.0       ,302.9,27.5
21.74,102.666,313.8,1.3,1.1,2016-02-15, 06:15,A,37,5.0       ,302.1,11.9
21.738,102.654,314.9,1.3,1.1,2016-02-15, 06:15,A,36,5.0       ,302,15.2
21.234,99.824,312.6,2,1.4,2016-02-15, 06:15,A,46,5.0       ,298.2,24.6
21.818,102.887,314.2,1.2,1.1,2016-02-15, 06:15,A,60,5.0       ,296.4,13.4
21.808,102.827,314.7,1.2,1.1,2016-02-15, 06:15,A,62,5.0       ,299.2,16.4
21.492,100.977,311.2,1.7,1.3,2016-02-15, 06:15,A,44,5.0       ,300.7,16.6
21.665,101.779,317.1,1.5,1.2,2016-02-15, 06:15,A,67,5.0       ,296.1,29.7
21.662,101.766,323.3,1.5,1.2,2016-02-15, 06:15,A,76,5.0       ,297.5,42.5
21.999,103.248,310.9,1.2,1.1,2016-02-15, 06:15,A,44,5.0       ,292.2,12.6
21.639,101.083,311.3,1.6,1.3,2016-02-15, 06:15,A,48,5.0       ,299,17.4
21.98,102.19,314.8,1.4,1.2,2016-02-15, 06:15,A,62,5.0       ,297.7,22.3
21.059,97.139,314.6,3.2,1.7,2016-02-15, 06:15,A,62,5.0       ,298.2,34.7
22.104,102.447,320.5,1.3,1.1,2016-02-15, 06:15,A,73,5.0       ,300.5,31.6
21.182,96.773,316.2,3.4,1.7,2016-02-15, 06:15,A,62,5.0       ,302.3,43.2
22.327,102.491,313,1.3,1.1,2016-02-15, 06:15,A,57,5.0       ,300.7,15.2
22.325,102.479,315,1.3,1.1,2016-02-15, 06:15,A,63,5.0       ,299.2,17.6
22.315,102.29,332.5,1.3,1.1,2016-02-15, 06:15,A,85,5.0       ,298.2,56.3
22.327,102.179,312,1.3,1.1,2016-02-15, 06:15,A,22,5.0       ,297,17.6
22.389,102.486,321,1.3,1.1,2016-02-15, 06:15,A,73,5.0       ,298.4,29.7
22.335,102.163,314.3,1.3,1.1,2016-02-15, 06:15,A,43,5.0       ,298.4,19.6
22.42,102.553,310.5,1.3,1.1,2016-02-15, 06:15,A,39,5.0       ,297.6,14.6
22.449,100.496,312.8,1.7,1.3,2016-02-15, 06:15,A,56,5.0       ,299.5,26.4
22.486,100.507,311.4,1.7,1.3,2016-02-15, 06:15,A,44,5.0       ,297.8,22.1
22.664,101.387,313.6,1.5,1.2,2016-02-15, 06:15,A,58,5.0       ,299.5,21.6
21.82,96.407,311.6,3.5,1.8,2016-02-15, 06:15,A,30,5.0       ,297.2,43.2
23.088,102.306,316.7,1.3,1.1,2016-02-15, 06:15,A,66,5.0       ,297.9,23.8
23.286,103.211,310.5,1.1,1.1,2016-02-15, 06:15,A,39,5.0       ,295.1,12.7
22.39,97.631,314.9,2.8,1.6,2016-02-15, 06:15,A,60,5.0       ,302.9,31.3
22.523,98.249,312.4,2.5,1.5,2016-02-15, 06:15,A,54,5.0       ,299.3,34
22.531,98.241,312.3,2.5,1.5,2016-02-15, 06:15,A,54,5.0       ,299.2,36.8
23.286,101.774,316.1,1.4,1.2,2016-02-15, 06:15,A,65,5.0       ,297.8,23.4
23.566,103.018,314.4,1.2,1.1,2016-02-15, 06:15,A,45,5.0       ,292.4,18.6
23.575,103.016,333.4,1.2,1.1,2016-02-15, 06:15,A,85,5.0       ,289.6,49.1
23.54,102.741,314.8,1.2,1.1,2016-02-15, 06:15,A,62,5.0       ,294,16.3
23.539,102.729,310.1,1.2,1.1,2016-02-15, 06:15,A,19,5.0       ,294.3,10.9
23.352,101.234,310.9,1.5,1.2,2016-02-15, 06:15,A,45,5.0       ,295.2,20.2
23.033,99.265,312.3,2,1.4,2016-02-15, 06:15,A,53,5.0       ,296.7,33
23.796,101.987,321,1.3,1.1,2016-02-15, 06:15,A,73,5.0       ,294.7,27.8
23.832,102.08,319.5,1.3,1.1,2016-02-15, 06:15,A,71,5.0       ,296.4,27.5
22.797,95.612,318.1,3.8,1.8,2016-02-15, 06:15,A,53,5.0       ,304.5,49
12.183,103.103,319.1,1.7,1.3,2016-02-15, 06:15,A,28,5.0       ,300.2,29.3
12.654,106.048,338.4,1.1,1.1,2016-02-15, 06:15,A,77,5.0       ,307.6,28.7
12.596,105.601,328.1,1.2,1.1,2016-02-15, 06:15,A,71,5.0       ,307.5,19
12.239,103.167,320.7,1.7,1.3,2016-02-15, 06:15,A,35,5.0       ,302.7,27
12.236,103.152,323,1.7,1.3,2016-02-15, 06:15,A,38,5.0       ,307,32.1
12.993,107.979,334.3,1,1,2016-02-15, 06:15,A,69,5.0       ,311.7,20.7
12.666,105.778,350.8,1.1,1.1,2016-02-15, 06:15,A,95,5.0       ,305.8,72.5
12.665,105.767,337,1.1,1.1,2016-02-15, 06:15,A,84,5.0       ,306.8,39.7
12.999,107.959,328.5,1,1,2016-02-15, 06:15,A,40,5.0       ,312.4,12.1
12.608,105.271,326.3,1.2,1.1,2016-02-15, 06:15,A,75,5.0       ,307.3,17.4
12.43,104.068,328.4,1.5,1.2,2016-02-15, 06:15,A,81,5.0       ,301.1,36.3
12.428,104.054,324.8,1.5,1.2,2016-02-15, 06:15,A,61,5.0       ,302.9,27
12.701,105.751,326.9,1.1,1.1,2016-02-15, 06:15,A,80,5.0       ,302.4,23.9
12.293,103.142,328.5,1.7,1.3,2016-02-15, 06:15,A,81,5.0       ,302.2,51.6
13.044,108.018,331.5,1,1,2016-02-15, 06:15,A,75,5.0       ,310.9,16
12.706,105.625,324.8,1.2,1.1,2016-02-15, 06:15,A,78,5.0       ,302.3,19.9
12.567,104.682,323.2,1.3,1.1,2016-02-15, 06:15,A,76,5.0       ,302.9,20.8
12.375,103.429,318.3,1.6,1.3,2016-02-15, 06:15,A,69,5.0       ,298,23.5
12.343,103.236,324.6,1.7,1.3,2016-02-15, 06:15,A,78,5.0       ,302.1,29.8
12.34,103.221,325.5,1.7,1.3,2016-02-15, 06:15,A,63,5.0       ,303.4,32.9
12.299,102.974,332.3,1.8,1.3,2016-02-15, 06:15,A,85,5.0       ,305.8,53.9
13.102,108.03,335,1,1,2016-02-15, 06:15,A,87,5.0       ,313.6,18.9
13.101,108.021,329.1,1,1,2016-02-15, 06:15,A,78,5.0       ,311.6,10
12.759,105.649,313.7,1.2,1.1,2016-02-15, 06:15,A,59,5.0       ,300.9,7.3
12.721,105.403,326.1,1.2,1.1,2016-02-15, 06:15,A,65,5.0       ,302.6,18.4
12.719,105.392,329.1,1.2,1.1,2016-02-15, 06:15,A,80,5.0       ,304.6,22.6
13.169,108.374,316.7,1,1,2016-02-15, 06:15,A,32,5.0       ,300.6,7.4
13.168,108.365,333,1,1,2016-02-15, 06:15,A,85,5.0       ,302.7,28.4
13.054,107.506,327.4,1,1,2016-02-15, 06:15,A,45,5.0       ,310.2,10.2
12.73,105.335,335.3,1.2,1.1,2016-02-15, 06:15,A,87,5.0       ,307.2,35.5
13.063,107.504,328.8,1,1,2016-02-15, 06:15,A,61,5.0       ,309.5,12.4
12.768,105.517,339.3,1.2,1.1,2016-02-15, 06:15,A,89,5.0       ,307.1,44.7
12.646,104.663,320.5,1.3,1.1,2016-02-15, 06:15,A,49,5.0       ,302.7,14.6
13.172,108.005,336.1,1,1,2016-02-15, 06:15,A,87,5.0       ,309.3,27.1
13.165,107.959,346.5,1,1,2016-02-15, 06:15,A,93,5.0       ,313.2,44
13.279,108.7,335.6,1,1,2016-02-15, 06:15,A,87,5.0       ,302.1,35.5
12.807,105.494,321.3,1.2,1.1,2016-02-15, 06:15,A,74,5.0       ,304.5,16.1
13.197,107.992,340.5,1,1,2016-02-15, 06:15,A,90,5.0       ,313.1,35.5
13.196,107.983,337.2,1,1,2016-02-15, 06:15,A,88,5.0       ,309.3,29.8
12.842,105.316,318.7,1.2,1.1,2016-02-15, 06:15,A,46,5.0       ,300.9,9.2
13.268,108.095,332.2,1,1,2016-02-15, 06:15,A,85,5.0       ,307.4,22.9
13.262,108.05,334.3,1,1,2016-02-15, 06:15,A,73,5.0       ,307.2,25.9
13.237,107.876,331.8,1,1,2016-02-15, 06:15,A,84,5.0       ,314.6,12.7
13.251,107.912,333,1,1,2016-02-15, 06:15,A,85,5.0       ,312.2,13.5
13.25,107.902,358,1,1,2016-02-15, 06:15,A,99,5.0       ,312,65.3
13.212,107.516,334.9,1,1,2016-02-15, 06:15,A,83,5.0       ,313.1,15.9
13.211,107.507,333.2,1,1,2016-02-15, 06:15,A,70,5.0       ,313.1,13.3
13.297,108.044,330.6,1,1,2016-02-15, 06:15,A,50,5.0       ,307.6,19.1
13.196,107.34,330.2,1,1,2016-02-15, 06:15,A,63,5.0       ,311.4,13
12.879,105.231,325.8,1.2,1.1,2016-02-15, 06:15,A,79,5.0       ,300.5,22.7
12.562,103.233,324.8,1.7,1.3,2016-02-15, 06:15,A,78,5.0       ,301.2,36.3
12.573,103.232,328.9,1.7,1.3,2016-02-15, 06:15,A,79,5.0       ,301.4,47.4
12.57,103.139,317.1,1.7,1.3,2016-02-15, 06:15,A,45,5.0       ,295.3,25.5
12.651,103.503,323.3,1.6,1.2,2016-02-15, 06:15,A,76,5.0       ,304.2,15.8
12.648,103.488,323.3,1.6,1.2,2016-02-15, 06:15,A,76,5.0       ,304.1,16.8
13.341,107.967,338.5,1,1,2016-02-15, 06:15,A,89,5.0       ,308.4,29.6
12.966,105.456,328.4,1.2,1.1,2016-02-15, 06:15,A,50,5.0       ,304.9,21.7
12.651,103.497,327.9,1.6,1.2,2016-02-15, 06:15,A,81,5.0       ,304.6,28.9
-4.025,103.343,313.7,3.2,1.7,2016-02-15, 06:10,A,59,5.0       ,291.1,53.6
-2.478,113.273,315.6,1.1,1,2016-02-15, 06:10,A,54,5.0       ,296.7,10.2
-3.153,105.405,312.6,2.1,1.4,2016-02-15, 06:10,A,22,5.0       ,293,22.6
-3.312,102.462,311.2,3.6,1.8,2016-02-15, 06:10,A,39,5.0       ,288.9,61.4
-2.718,106.083,313.7,1.8,1.3,2016-02-15, 06:10,A,59,5.0       ,293.3,20.1
-2.768,101.516,311,4.2,1.9,2016-02-15, 06:10,A,45,5.0       ,291.8,58.3
-0.282,116.455,317.8,1.9,1.4,2016-02-15, 06:10,A,0,5.0       ,281.6,35.6
-1.774,102.295,314.7,3.5,1.8,2016-02-15, 06:10,A,62,5.0       ,290.8,71
-1.764,102.287,315.1,3.5,1.8,2016-02-15, 06:10,A,63,5.0       ,291,70.8
0.409,116.733,316.4,2.1,1.4,2016-02-15, 06:10,A,29,5.0       ,287.1,29.9
1.142,110.842,311.3,1,1,2016-02-15, 06:10,A,0,5.0       ,289.7,6
3.679,108.264,317.4,1.1,1,2016-02-15, 06:10,A,68,5.0       ,295.8,13.8
3.91,108.142,317.4,1.1,1,2016-02-15, 06:10,A,41,5.0       ,297.7,10.9
3.908,108.132,319,1.1,1,2016-02-15, 06:10,A,45,5.0       ,299,14
6.164,100.741,310.1,3.4,1.7,2016-02-15, 06:10,A,28,5.0       ,291.7,35.3
27.718,102.207,311.5,1.1,1.1,2016-02-15, 06:20,A,43,5.0       ,293.2,11.3
27.931,95.447,310.1,2.9,1.6,2016-02-15, 06:20,A,31,5.0       ,292,46.2
29.843,100.769,402.6,1.2,1.1,2016-02-15, 06:20,A,100,5.0       ,309.3,368.9
29.841,100.756,390.6,1.2,1.1,2016-02-15, 06:20,A,100,5.0       ,313.5,280.9
29.847,100.775,349.1,1.2,1.1,2016-02-15, 06:20,A,95,5.0       ,289.7,94.9
29.845,100.762,396.7,1.2,1.1,2016-02-15, 06:20,A,100,5.0       ,318.9,323.1
29.843,100.75,327.4,1.2,1.1,2016-02-15, 06:20,A,81,5.0       ,301.4,39.5
21.243,96.401,312.8,2.7,1.6,2016-02-15, 04:45,T,53,5.0       ,298.3,43.9
21.01,96.497,317.9,2.8,1.6,2016-02-15, 04:45,T,69,5.0       ,300.6,58.3
21.006,96.492,313.3,2.8,1.6,2016-02-15, 04:45,T,31,5.0       ,299.8,35
20.577,97.572,311,3.4,1.7,2016-02-15, 04:45,T,41,5.0       ,298.4,53.5
20.581,97.566,314.3,3.4,1.7,2016-02-15, 04:45,T,61,5.0       ,298.8,74.5
20.437,94.359,312.8,2,1.4,2016-02-15, 04:45,T,41,5.0       ,301.4,19.6
19.643,96.466,312.1,2.9,1.6,2016-02-15, 04:45,T,53,5.0       ,296.8,54.1
19.213,94.698,315.2,2.2,1.4,2016-02-15, 04:45,T,53,5.0       ,302.6,25.1
19.209,94.719,319.6,2.2,1.4,2016-02-15, 04:45,T,71,5.0       ,303.5,39.1
19.21,94.713,322.1,2.2,1.4,2016-02-15, 04:45,T,75,5.0       ,303.3,47.1
18.876,95.383,319.2,2.5,1.5,2016-02-15, 04:45,T,71,5.0       ,303.9,47.3
18.777,95.049,317.6,2.4,1.5,2016-02-15, 04:45,T,68,5.0       ,305.7,24.2
18.373,95.152,317.2,2.5,1.5,2016-02-15, 04:45,T,67,5.0       ,305.4,27.9
17.512,95.934,316.9,3,1.6,2016-02-15, 04:45,T,49,5.0       ,302.1,42.3
16.572,106.116,324.9,1,1,2016-02-15, 06:15,A,78,5.0       ,300.2,24.2
15.938,101.911,327.9,1.8,1.3,2016-02-15, 06:15,A,78,5.0       ,310.8,31.5
16.212,103.428,322,1.4,1.2,2016-02-15, 06:15,A,71,5.0       ,307.1,22.8
16.21,103.416,323.1,1.4,1.2,2016-02-15, 06:15,A,74,5.0       ,305.9,23.7
15.924,101.616,322,1.9,1.3,2016-02-15, 06:15,A,40,5.0       ,308.6,17.2
15.929,101.609,320.5,1.9,1.3,2016-02-15, 06:15,A,26,5.0       ,307.5,14.1
13.535,106.95,363.1,1,1,2016-02-15, 06:15,A,100,5.0       ,314.6,83
13.73,108.173,326,1,1,2016-02-15, 06:15,A,79,5.0       ,310.7,10.3
13.645,107.578,328.5,1,1,2016-02-15, 06:15,A,53,5.0       ,307.2,15.5
13.297,105.278,324,1.2,1.1,2016-02-15, 06:15,A,34,5.0       ,303.7,16.9
13.69,107.768,326.6,1,1,2016-02-15, 06:15,A,63,5.0       ,309.4,12.2
13.65,107.493,326.9,1,1,2016-02-15, 06:15,A,59,5.0       ,306,13.2
13.659,107.492,322.1,1,1,2016-02-15, 06:15,A,60,5.0       ,307.3,8.7
13.668,107.49,348.4,1,1,2016-02-15, 06:15,A,94,5.0       ,309.1,50.8
13.667,107.481,359.7,1,1,2016-02-15, 06:15,A,99,5.0       ,310.6,79.8
13.666,107.472,347.6,1,1,2016-02-15, 06:15,A,94,5.0       ,307.2,50.8
13.676,107.48,333.5,1,1,2016-02-15, 06:15,A,85,5.0       ,308.2,23.5
13.675,107.471,332.8,1,1,2016-02-15, 06:15,A,79,5.0       ,306.1,22.3
13.612,106.979,329.2,1,1,2016-02-15, 06:15,A,71,5.0       ,310.9,13.3
13.814,108.319,325.8,1,1,2016-02-15, 06:15,A,65,5.0       ,305.6,14.2
13.37,105.3,328.8,1.2,1.1,2016-02-15, 06:15,A,74,5.0       ,301.9,24.3
13.633,106.995,329.9,1,1,2016-02-15, 06:15,A,48,5.0       ,305.4,19
13.702,107.338,337.2,1,1,2016-02-15, 06:15,A,88,5.0       ,307.2,29.9
13.701,107.329,336.5,1,1,2016-02-15, 06:15,A,88,5.0       ,309,28.1
13.653,106.502,329.6,1.1,1,2016-02-15, 06:15,A,69,5.0       ,308.4,16.2
13.28,104.024,324.8,1.4,1.2,2016-02-15, 06:15,A,42,5.0       ,302.7,23.9
13.393,104.588,324.6,1.3,1.1,2016-02-15, 06:15,A,67,5.0       ,300.8,22
13.391,104.577,322.7,1.3,1.1,2016-02-15, 06:15,A,32,5.0       ,303.1,18
13.834,107.302,323.8,1,1,2016-02-15, 06:15,A,66,5.0       ,308.6,7.4
13.668,106.116,332.9,1.1,1,2016-02-15, 06:15,A,85,5.0       ,308.8,26.5
13.754,106.627,326.4,1,1,2016-02-15, 06:15,A,44,5.0       ,309.3,16.2
12.486,98.867,314.4,3.6,1.8,2016-02-15, 06:15,A,55,5.0       ,296.4,59.2
12.48,98.837,413.2,3.6,1.8,2016-02-15, 06:15,A,100,5.0       ,301,2172.5
13.901,107.574,325.8,1,1,2016-02-15, 06:15,A,35,5.0       ,309.3,11.8
13.857,107.27,358.4,1,1,2016-02-15, 06:15,A,99,5.0       ,312.2,73.7
13.856,107.261,371.7,1,1,2016-02-15, 06:15,A,100,5.0       ,312.1,115.9
13.491,104.823,325.2,1.3,1.1,2016-02-15, 06:15,A,65,5.0       ,303.9,20.5
13.911,107.581,326.3,1,1,2016-02-15, 06:15,A,45,5.0       ,311.8,13
13.877,107.343,344.5,1,1,2016-02-15, 06:15,A,92,5.0       ,306.6,46.3
13.876,107.333,324.1,1,1,2016-02-15, 06:15,A,48,5.0       ,305.7,12.4
13.866,107.269,347.3,1,1,2016-02-15, 06:15,A,94,5.0       ,310.2,47.2
13.865,107.26,361.3,1,1,2016-02-15, 06:15,A,100,5.0       ,310.1,83.4
13.738,106.394,320.2,1.1,1,2016-02-15, 06:15,A,38,5.0       ,303.6,9.1
13.655,105.793,323,1.1,1.1,2016-02-15, 06:15,A,44,5.0       ,302.4,15.8
13.653,105.783,323,1.1,1.1,2016-02-15, 06:15,A,47,5.0       ,304,13.9
13.651,105.773,327.6,1.1,1.1,2016-02-15, 06:15,A,57,5.0       ,305.3,19.5
12.48,98.863,346,3.6,1.8,2016-02-15, 06:15,A,93,5.0       ,296.4,356.8
12.474,98.831,391.6,3.6,1.8,2016-02-15, 06:15,A,100,5.0       ,299.9,1334.8
13.765,106.394,328,1.1,1,2016-02-15, 06:15,A,79,5.0       ,307.4,17.8
13.431,104.252,338.6,1.4,1.2,2016-02-15, 06:15,A,89,5.0       ,307,54.3
23.083,89.584,312.7,2.9,1.6,2016-02-15, 07:55,A,36,5.0       ,299,38.8
23.085,89.576,312.2,2.9,1.6,2016-02-15, 07:55,A,52,5.0       ,298.8,37.3
26.652,89.301,321.9,3.1,1.7,2016-02-15, 07:55,A,75,5.0       ,296.7,104.3
26.651,89.293,318.2,3.1,1.7,2016-02-15, 07:55,A,69,5.0       ,296.5,82.3
17.655,120.842,305.5,1.3,1.1,2016-02-15, 14:00,T,29,5.0       ,292.2,11.8
17.665,120.841,312.6,1.3,1.1,2016-02-15, 14:00,T,79,5.0       ,292,20.6
17.663,120.828,305.4,1.3,1.1,2016-02-15, 14:00,T,17,5.0       ,292.4,11.5
17.665,120.834,312.6,1.3,1.1,2016-02-15, 14:00,T,79,5.0       ,292.4,21.1
17.675,120.833,312,1.3,1.1,2016-02-15, 14:00,T,77,5.0       ,291.5,20.7
26.575,101.667,305.6,1.5,1.2,2016-02-15, 15:45,T,34,5.0       ,287.1,23.1
7.687,99.224,305.6,1.1,1.1,2016-02-15, 15:40,T,33,5.0       ,295,7
15.465,99.176,306.2,1,1,2016-02-15, 15:40,T,43,5.0       ,293.8,9.4
16.087,102.285,307.7,1.2,1.1,2016-02-15, 15:40,T,56,5.0       ,295.8,11.8
16.196,102.012,311.8,1.2,1.1,2016-02-15, 15:40,T,76,5.0       ,293.1,16.8
16.194,102.001,305.1,1.2,1.1,2016-02-15, 15:40,T,20,5.0       ,292.5,8.5
16.447,103.184,312.6,1.4,1.2,2016-02-15, 15:40,T,79,5.0       ,293.1,25
16.241,100.969,310.4,1.1,1,2016-02-15, 15:40,T,71,5.0       ,295.7,12.3
16.549,102.938,314.4,1.3,1.1,2016-02-15, 15:40,T,85,5.0       ,294.1,25.4
16.557,102.93,305.4,1.3,1.1,2016-02-15, 15:40,T,29,5.0       ,293.5,12.8
16.4,101.402,308.7,1.1,1,2016-02-15, 15:40,T,62,5.0       ,291,14.5
15.963,97.811,306.5,1.1,1,2016-02-15, 15:40,T,46,5.0       ,296.5,8.5
16.974,102.923,312.9,1.3,1.1,2016-02-15, 15:40,T,80,5.0       ,293.2,25.7
17.051,103.366,316,1.4,1.2,2016-02-15, 15:40,T,90,5.0       ,292.6,34.5
16.924,101.893,307.8,1.2,1.1,2016-02-15, 15:40,T,57,5.0       ,294.2,13.7
17.151,103.347,306.2,1.4,1.2,2016-02-15, 15:40,T,42,5.0       ,292.6,17.7
17.149,103.333,315.5,1.4,1.2,2016-02-15, 15:40,T,88,5.0       ,292.8,32.9
17.156,103.339,316.9,1.4,1.2,2016-02-15, 15:40,T,92,5.0       ,292.7,35.2
17.272,102.622,309.7,1.3,1.1,2016-02-15, 15:40,T,67,5.0       ,293.5,18.9
16.945,98.153,308.7,1,1,2016-02-15, 15:40,T,62,5.0       ,295.7,11.8
17.181,99.526,307.2,1,1,2016-02-15, 15:40,T,52,5.0       ,294.6,11
17.508,98.844,305.7,1,1,2016-02-15, 15:40,T,31,5.0       ,295.4,7.8
17.698,99.864,308.7,1,1,2016-02-15, 15:40,T,33,5.0       ,295.9,10.2
17.71,99.882,306.7,1,1,2016-02-15, 15:40,T,21,5.0       ,296.7,8.1
17.721,99.826,312.7,1,1,2016-02-15, 15:40,T,80,5.0       ,296.6,14.7
17.699,99.151,306.9,1,1,2016-02-15, 15:40,T,49,5.0       ,295.2,8.8
17.836,99.927,315.4,1,1,2016-02-15, 15:40,T,88,5.0       ,296.5,18.2
17.835,99.917,313.1,1,1,2016-02-15, 15:40,T,81,5.0       ,295.7,15.9
17.851,99.838,307.3,1,1,2016-02-15, 15:40,T,53,5.0       ,296.2,10.4
17.918,96.029,311.7,1.3,1.1,2016-02-15, 15:40,T,76,5.0       ,296.1,19.4
19.416,97.539,307.3,1,1,2016-02-15, 15:40,T,53,5.0       ,294.8,9.9
19.289,96.403,305.9,1.2,1.1,2016-02-15, 15:40,T,39,5.0       ,293.9,12.4
19.162,95.028,305.6,1.4,1.2,2016-02-15, 15:40,T,34,5.0       ,294.7,15.7
19.831,96.327,305.2,1.1,1.1,2016-02-15, 15:40,T,15,5.0       ,294.9,9.2
20.278,98.964,314,1,1,2016-02-15, 15:40,T,84,5.0       ,290.4,18.9
20.906,101.096,316.9,1.2,1.1,2016-02-15, 15:40,T,92,5.0       ,287.3,29.4
20.91,101.1,308.5,1.2,1.1,2016-02-15, 15:40,T,61,5.0       ,286.8,19.5
20.613,97.215,305.6,1,1,2016-02-15, 15:40,T,33,5.0       ,284.5,14.5
21.233,100.674,311.6,1.1,1.1,2016-02-15, 15:40,T,75,5.0       ,290.2,20.7
21.414,96.354,308.4,1.1,1,2016-02-15, 15:40,T,61,5.0       ,294,13
21.445,96.433,315,1.1,1,2016-02-15, 15:40,T,87,5.0       ,294.4,19.9
21.452,96.437,315.8,1.1,1,2016-02-15, 15:40,T,89,5.0       ,294.4,21.7
21.627,96.373,305.2,1.1,1,2016-02-15, 15:40,T,23,5.0       ,294.2,9.4
21.78,96.519,306.9,1.1,1,2016-02-15, 15:40,T,49,5.0       ,293.3,11
22.2,96.733,323,1.1,1,2016-02-15, 15:40,T,100,5.0       ,286.7,33.7
22.914,98.082,310.6,1,1,2016-02-15, 15:40,T,72,5.0       ,288.1,17.3
22.913,98.072,311.5,1,1,2016-02-15, 15:40,T,75,5.0       ,288.7,18.1
23.62,98.722,312.6,1,1,2016-02-15, 15:40,T,79,5.0       ,282.8,21.9
23.292,96.032,309.2,1.1,1,2016-02-15, 15:40,T,65,5.0       ,289.2,16.9
-1.166,102.465,314.3,1,1,2016-02-15, 15:35,T,85,5.0       ,292,15.7
1.518,103.867,305.3,1,1,2016-02-15, 15:35,T,26,5.0       ,293.5,6.3
8.328,98.808,305.1,1.2,1.1,2016-02-15, 15:40,T,18,5.0       ,294.8,7.7
11.831,104.249,305.4,1.4,1.2,2016-02-15, 15:40,T,30,5.0       ,295.4,12.4
11.829,104.236,305.3,1.4,1.2,2016-02-15, 15:40,T,28,5.0       ,295.2,12.2
12.154,105.622,309.5,1.7,1.3,2016-02-15, 15:40,T,66,5.0       ,294.7,23.1
12.152,105.607,305.5,1.7,1.3,2016-02-15, 15:40,T,32,5.0       ,294.5,15.2
12.585,106.4,307.3,2,1.4,2016-02-15, 15:40,T,53,5.0       ,295.1,23.1
12.589,106.412,307.1,2,1.4,2016-02-15, 15:40,T,52,5.0       ,295.3,19.8
12.645,105.708,314.9,1.8,1.3,2016-02-15, 15:40,T,87,5.0       ,295.1,34.9
12.657,105.706,305.8,1.8,1.3,2016-02-15, 15:40,T,37,5.0       ,294.6,14.4
12.965,105.886,306,1.9,1.3,2016-02-15, 15:40,T,40,5.0       ,295.3,17.9
13.03,105.224,309,1.7,1.3,2016-02-15, 15:40,T,64,5.0       ,294.6,23.3
13.412,107.098,307.7,2.4,1.5,2016-02-15, 15:40,T,56,5.0       ,294.4,31.8
13.408,107.092,311.3,2.4,1.5,2016-02-15, 15:40,T,75,5.0       ,294.5,43.1
13.359,106.226,316.5,2,1.4,2016-02-15, 15:40,T,91,5.0       ,295.1,47.7
12.477,98.837,323.5,1.1,1,2016-02-15, 15:40,T,100,5.0       ,297.1,28.4
12.475,98.828,327,1.1,1,2016-02-15, 15:40,T,100,5.0       ,296.5,33.5
12.488,98.845,311.2,1.1,1,2016-02-15, 15:40,T,74,5.0       ,295.9,13.3
12.486,98.836,353.7,1.1,1,2016-02-15, 15:40,T,100,5.0       ,298.1,87.9
12.485,98.826,339.9,1.1,1,2016-02-15, 15:40,T,100,5.0       ,296.6,56.1
13.622,106.347,306.5,2.1,1.4,2016-02-15, 15:40,T,45,5.0       ,296,18.4
13.634,106.346,327.4,2.1,1.4,2016-02-15, 15:40,T,100,5.0       ,296.3,86.5
13.569,104.607,306.5,1.5,1.2,2016-02-15, 15:40,T,46,5.0       ,295.5,12.5
13.786,105.885,308.2,1.9,1.4,2016-02-15, 15:40,T,59,5.0       ,296.4,22.1
13.763,105.141,308.1,1.7,1.3,2016-02-15, 15:40,T,59,5.0       ,294.3,21.8
13.288,100.957,306.3,1,1,2016-02-15, 15:40,T,44,5.0       ,295.6,6.8
13.323,101.141,311.2,1,1,2016-02-15, 15:40,T,74,5.0       ,295.2,12.5
13.503,102.254,306.4,1.1,1.1,2016-02-15, 15:40,T,45,5.0       ,295.9,7.2
14.045,104.378,314.5,1.5,1.2,2016-02-15, 15:40,T,85,5.0       ,295.4,27
13.772,102.208,306.5,1.1,1.1,2016-02-15, 15:40,T,46,5.0       ,295.9,7
14.004,98.953,310.6,1,1,2016-02-15, 15:40,T,71,5.0       ,296.8,11.6
14.162,99.978,309.8,1,1,2016-02-15, 15:40,T,68,5.0       ,296,10.2
14.288,99.831,306.2,1,1,2016-02-15, 15:40,T,43,5.0       ,295.9,7.4
14.762,102.977,311.5,1.3,1.1,2016-02-15, 15:40,T,75,5.0       ,294.4,18
14.939,103.741,313.6,1.4,1.2,2016-02-15, 15:40,T,82,5.0       ,290,30.7
14.77,101.976,308,1.1,1.1,2016-02-15, 15:40,T,58,5.0       ,295.6,10
14.352,98.874,309.3,1,1,2016-02-15, 15:40,T,65,5.0       ,296.2,10
14.937,102.685,307.7,1.2,1.1,2016-02-15, 15:40,T,56,5.0       ,295.1,12.7
14.444,98.936,307.2,1,1,2016-02-15, 15:40,T,53,5.0       ,295.1,8.7
14.42,98.765,311.3,1,1,2016-02-15, 15:40,T,74,5.0       ,296,12.3
14.418,98.756,305.8,1,1,2016-02-15, 15:40,T,37,5.0       ,295.3,7.1
14.513,99.283,307.2,1,1,2016-02-15, 15:40,T,52,5.0       ,294.9,9.6
14.772,99.861,306.6,1,1,2016-02-15, 15:40,T,47,5.0       ,294.2,9
15.5,104.406,309.4,1.6,1.2,2016-02-15, 15:40,T,66,5.0       ,291,26.6
14.691,98.364,316.4,1.1,1,2016-02-15, 15:40,T,74,5.0       ,286.7,24.7
14.861,99.013,306,1,1,2016-02-15, 15:40,T,16,5.0       ,295.8,6.4
15.288,102.012,315.6,1.1,1.1,2016-02-15, 15:40,T,89,5.0       ,294.4,21.6
15.468,102.383,305.6,1.2,1.1,2016-02-15, 15:40,T,10,5.0       ,292.6,8.6
15.479,102.392,306.7,1.2,1.1,2016-02-15, 15:40,T,15,5.0       ,294.5,9.3
15.478,102.381,310.9,1.2,1.1,2016-02-15, 15:40,T,59,5.0       ,295.1,14.3
15.481,102.386,311,1.2,1.1,2016-02-15, 15:40,T,73,5.0       ,295.1,16.2
15.704,103.406,310.2,1.4,1.2,2016-02-15, 15:40,T,70,5.0       ,293.1,20.1
15.701,103.413,312.1,1.4,1.2,2016-02-15, 15:40,T,77,5.0       ,293.3,23.4
15.557,101.14,307.8,1.1,1,2016-02-15, 15:40,T,57,5.0       ,294.2,10.1
15.579,101.166,307.6,1.1,1,2016-02-15, 15:40,T,55,5.0       ,294.8,9.3
15.637,101.261,306.6,1.1,1,2016-02-15, 15:40,T,47,5.0       ,295.6,8.1
15.704,101.545,306.1,1.1,1,2016-02-15, 15:40,T,41,5.0       ,294.6,9.2
15.695,101.147,306.6,1.1,1,2016-02-15, 15:40,T,47,5.0       ,295.9,8.3
15.466,99.186,309.2,1,1,2016-02-15, 15:40,T,65,5.0       ,294.8,12.1
14.058,107.59,309.2,1,1,2016-02-15, 18:30,A,65,5.0       ,294.9,11.9
13.846,107.335,306.7,1,1,2016-02-15, 18:30,A,48,5.0       ,292.4,11.4
13.666,107.497,307.6,1,1,2016-02-15, 18:30,A,55,5.0       ,292.9,11.1
13.635,106.346,315.5,1.1,1,2016-02-15, 18:30,A,88,5.0       ,295.5,19.2
13.634,106.356,340.7,1.1,1,2016-02-15, 18:30,A,100,5.0       ,297.2,61.3
13.625,106.355,321.7,1.1,1,2016-02-15, 18:30,A,100,5.0       ,295.6,27.6
13.411,107.095,312.3,1,1,2016-02-15, 18:30,A,78,5.0       ,294.4,15.5
13.371,106.341,309.4,1.1,1,2016-02-15, 18:30,A,66,5.0       ,295.4,12.2
13.345,106.317,305.4,1.1,1,2016-02-15, 18:30,A,30,5.0       ,294.9,8
12.973,105.888,311,1.1,1.1,2016-02-15, 18:30,A,73,5.0       ,294.5,15.8
12.534,106.857,305.4,1,1,2016-02-15, 18:30,A,29,5.0       ,293.9,8.3
12.587,106.412,310.6,1.1,1,2016-02-15, 18:30,A,72,5.0       ,294.8,13.6
12.65,105.71,309.3,1.2,1.1,2016-02-15, 18:30,A,66,5.0       ,294.2,14.2
12.229,106.932,306.9,1,1,2016-02-15, 18:30,A,49,5.0       ,293.5,10.5