latitude,longitude,brightness,scan,track,acq_date,acq_time,satellite,confidence,version,bright_t31,frp
27.602,117.28,321.1,1.6,1.3,2017-02-14,02:35,T,73,5.0       ,289.5,53.5
27.458,118.286,312.8,1.4,1.2,2017-02-14,02:35,T,56,5.0       ,287.1,28.4
27.507,117.618,320.6,1.5,1.2,2017-02-14,02:35,T,73,5.0       ,287.1,51.9
27.641,114.766,310.7,2.4,1.5,2017-02-14,02:35,T,42,5.0       ,287.4,58.8
27.644,114.784,317.2,2.4,1.5,2017-02-14,02:35,T,67,5.0       ,288.3,82
27.423,113.97,310.5,2.8,1.6,2017-02-14,02:35,T,40,5.0       ,288.4,66.2
27.42,113.962,313.2,2.8,1.6,2017-02-14,02:35,T,57,5.0       ,288.7,80.7
26.885,118.161,318.8,1.4,1.2,2017-02-14,02:35,T,70,5.0       ,286.4,40.4
27.01,114.58,340.5,2.5,1.5,2017-02-14,02:35,T,90,5.0       ,289.5,209.4
27.008,114.604,324.5,2.4,1.5,2017-02-14,02:35,T,78,5.0       ,288.7,115.4
27.003,114.571,340.7,2.5,1.5,2017-02-14,02:35,T,90,5.0       ,289.4,209.6
27.001,114.596,352.2,2.4,1.5,2017-02-14,02:35,T,96,5.0       ,290.7,296.7
27.001,114.445,316.7,2.5,1.5,2017-02-14,02:35,T,66,5.0       ,287.8,84
26.999,114.47,318.3,2.5,1.5,2017-02-14,02:35,T,69,5.0       ,288.7,89.7
26.515,116.257,310.1,1.8,1.3,2017-02-14,02:35,T,30,5.0       ,289,36.4
26.513,116.274,316,1.8,1.3,2017-02-14,02:35,T,65,5.0       ,289.8,50.1
26.507,116.266,318.9,1.8,1.3,2017-02-14,02:35,T,70,5.0       ,288.9,54.7
25.511,117.734,310,1.4,1.2,2017-02-14,02:35,T,22,5.0       ,286.9,25.7
25.506,117.728,314.6,1.4,1.2,2017-02-14,02:35,T,62,5.0       ,286.8,33.6
25.505,117.742,328.4,1.4,1.2,2017-02-14,02:35,T,81,5.0       ,287.7,61.9
24.783,114.39,310.9,2.4,1.5,2017-02-14,02:35,T,44,5.0       ,288.8,52.6
24.848,113.264,310.4,2.9,1.6,2017-02-14,02:35,T,38,5.0       ,287.8,72.5
24.917,111.589,310.1,3.8,1.8,2017-02-14,02:35,T,30,5.0       ,287.2,100.9
23.084,116.088,323.5,1.7,1.3,2017-02-14,02:35,T,77,5.0       ,291.5,53.1
23.082,116.104,350.6,1.7,1.3,2017-02-14,02:35,T,95,5.0       ,294.7,155
18.18,120.824,311.3,1,1,2017-02-14,02:35,T,37,5.0       ,297.9,10.1
18.145,120.876,313,1,1,2017-02-14,02:35,T,57,5.0       ,296.4,11.8
-3.93,119.8,313.2,1.5,1.2,2017-02-14,02:45,T,51,5.0       ,294.6,13.9
16.099,120.436,315.9,1,1,2017-02-14,02:40,T,59,5.0       ,302.2,9.5
15.994,120.823,314.5,1,1,2017-02-14,02:40,T,57,5.0       ,299.7,9.4
15.621,120.114,313.3,1,1,2017-02-14,02:40,T,57,5.0       ,296.4,13.8
15.522,120.595,314.8,1,1,2017-02-14,02:40,T,55,5.0       ,301.5,9.1
15.482,120.001,313.6,1,1,2017-02-14,02:40,T,57,5.0       ,300.8,8.8
15.393,120.466,328,1,1,2017-02-14,02:40,T,81,5.0       ,302.6,25
15.323,120.503,333.5,1,1,2017-02-14,02:40,T,85,5.0       ,302.4,33.1
15.322,120.512,320.8,1,1,2017-02-14,02:40,T,73,5.0       ,301.1,14.3
17.698,103.835,313.9,3,1.6,2017-02-14,04:15,T,54,5.0       ,299.9,32.7
18.778,97.418,320.9,1.1,1,2017-02-14,04:15,T,44,5.0       ,306.6,12
18.754,97.455,332,1.1,1,2017-02-14,04:15,T,84,5.0       ,303.8,28.5
17.78,103.155,311.6,2.6,1.6,2017-02-14,04:15,T,37,5.0       ,299.1,30
18.73,97.544,313.6,1.1,1,2017-02-14,04:15,T,42,5.0       ,300.1,8
18.486,99.057,314.7,1.3,1.1,2017-02-14,04:15,T,62,5.0       ,299,15.7
18.74,97.422,317.7,1.1,1,2017-02-14,04:15,T,54,5.0       ,304.1,8.2
18.533,98.388,324.1,1.2,1.1,2017-02-14,04:15,T,77,5.0       ,299,27
18.531,98.399,321.3,1.2,1.1,2017-02-14,04:15,T,74,5.0       ,299.1,23.6
18.529,98.41,320.7,1.2,1.1,2017-02-14,04:15,T,71,5.0       ,298.1,22.2
18.203,100.323,312.3,1.6,1.2,2017-02-14,04:15,T,47,5.0       ,297.7,18.5
18.201,100.337,311.4,1.6,1.2,2017-02-14,04:15,T,35,5.0       ,298.8,17.6
18.671,97.27,315.1,1.1,1,2017-02-14,04:15,T,62,5.0       ,300,12.3
-4.481,143.32,311.6,1.3,1.1,2017-02-14,01:05,T,26,5.0       ,287.2,10.7
-4.367,141.938,311.6,1.1,1,2017-02-14,01:05,T,46,5.0       ,290.8,10.2
30.589,121.037,319.4,1.1,1,2017-02-14,02:35,T,62,5.0       ,288.1,27
29.719,117.054,312.4,1.8,1.3,2017-02-14,02:35,T,54,5.0       ,287.7,42.1
29.36,117.127,317.7,1.8,1.3,2017-02-14,02:35,T,68,5.0       ,289.7,48.4
15.154,120.095,328.4,1,1,2017-02-14,02:40,T,81,5.0       ,301.5,26.1
15.153,120.104,322.9,1,1,2017-02-14,02:40,T,76,5.0       ,300.9,19
15.065,120.501,315.9,1,1,2017-02-14,02:40,T,54,5.0       ,299,11.6
15.022,120.116,318.6,1,1,2017-02-14,02:40,T,54,5.0       ,304.3,11.8
15.021,120.125,317.8,1,1,2017-02-14,02:40,T,51,5.0       ,303.8,11.7
14.767,120.152,333.3,1,1,2017-02-14,02:40,T,0,5.0       ,302.5,37
14.766,120.161,328.1,1,1,2017-02-14,02:40,T,71,5.0       ,299,29
14.758,120.151,359.5,1,1,2017-02-14,02:40,T,0,5.0       ,300.8,92.6
12.868,120.928,322.7,1.1,1,2017-02-14,02:40,T,75,5.0       ,300.7,22.1
12.86,120.917,348.5,1.1,1,2017-02-14,02:40,T,94,5.0       ,300.7,69.3
12.859,120.927,346.4,1.1,1,2017-02-14,02:40,T,93,5.0       ,299.4,64.7
12.714,121.106,313,1.1,1.1,2017-02-14,02:40,T,46,5.0       ,296.2,15.9
10.93,123.106,316.8,1.6,1.2,2017-02-14,02:40,T,50,5.0       ,289.5,33.5
10.929,123.1,312.4,1.6,1.2,2017-02-14,02:40,T,28,5.0       ,289.4,22.7
0.177,117.488,310.9,1,1,2017-02-14,02:40,T,39,5.0       ,285.6,6.7
13.772,105.739,324,3.9,1.8,2017-02-14,05:45,A,76,5.0       ,300.6,126.6
13.766,105.704,313.8,3.9,1.8,2017-02-14,05:45,A,35,5.0       ,299.9,45.4
13.687,105.296,324.8,4.3,1.9,2017-02-14,05:45,A,64,5.0       ,301.5,132.8
13.821,105.729,311.9,3.9,1.8,2017-02-14,05:45,A,31,5.0       ,299,42.6
13.804,105.546,316.7,4.1,1.9,2017-02-14,05:45,A,56,5.0       ,301.8,69.4
13.797,105.509,317.8,4.1,1.9,2017-02-14,05:45,A,67,5.0       ,301.4,74
13.918,105.891,312.1,3.8,1.8,2017-02-14,05:45,A,15,5.0       ,298.6,44.9
13.912,105.856,349.6,3.8,1.8,2017-02-14,05:45,A,95,5.0       ,300.1,447
13.857,105.788,312.1,3.9,1.8,2017-02-14,05:45,A,48,5.0       ,298.8,49.9
13.789,105.347,317.4,4.2,1.9,2017-02-14,05:45,A,45,5.0       ,300.4,55.2
13.91,105.885,322.7,3.8,1.8,2017-02-14,05:45,A,76,5.0       ,299.2,127
13.903,105.851,336.2,3.8,1.8,2017-02-14,05:45,A,87,5.0       ,299.3,263.5
13.806,105.344,317.4,4.2,1.9,2017-02-14,05:45,A,46,5.0       ,300,58.9
13.982,106.183,319.5,3.6,1.8,2017-02-14,05:45,A,71,5.0       ,300.8,84.3
13.919,105.848,320.3,3.8,1.8,2017-02-14,05:45,A,72,5.0       ,298.9,104.1
13.973,106.048,317.3,3.7,1.8,2017-02-14,05:45,A,59,5.0       ,302.6,55.8
13.909,105.704,311.4,3.9,1.8,2017-02-14,05:45,A,36,5.0       ,298,43
13.907,105.324,316.5,4.2,1.9,2017-02-14,05:45,A,38,5.0       ,300.6,76.5
14,106.141,314.6,3.6,1.8,2017-02-14,05:45,A,37,5.0       ,300.8,42.2
13.915,105.699,312.4,3.9,1.8,2017-02-14,05:45,A,30,5.0       ,298.3,45.9
13.91,105.319,318.1,4.2,1.9,2017-02-14,05:45,A,64,5.0       ,300.3,93.6
14.029,105.677,315.6,3.9,1.8,2017-02-14,05:45,A,50,5.0       ,299.5,65
13.853,104.914,316.5,4.5,2,2017-02-14,05:45,A,62,5.0       ,299.5,73.3
14.035,105.668,315.2,3.9,1.8,2017-02-14,05:45,A,54,5.0       ,298.3,59.9
13.998,105.294,315.1,4.2,1.9,2017-02-14,05:45,A,34,5.0       ,297.7,78.7
13.848,104.522,318.1,4.8,2,2017-02-14,05:45,A,69,5.0       ,299.1,99.5
14.125,105.022,318.8,4.4,1.9,2017-02-14,05:45,A,59,5.0       ,298.7,86.5
14.063,104.774,313.3,4.6,2,2017-02-14,05:45,A,41,5.0       ,296.4,44.7
14.127,105.013,321,4.4,1.9,2017-02-14,05:45,A,73,5.0       ,298.6,106.3
15.212,106.365,313.8,3.3,1.7,2017-02-14,05:45,A,49,5.0       ,293.8,57.3
15.206,106.335,319,3.3,1.7,2017-02-14,05:45,A,70,5.0       ,293.7,86.7
15.631,106.303,318.5,3.3,1.7,2017-02-14,05:45,A,65,5.0       ,301.7,54.3
16.404,105.599,313,3.6,1.8,2017-02-14,05:45,A,56,5.0       ,297.1,39.1
16.511,105.999,314.9,3.3,1.7,2017-02-14,05:45,A,42,5.0       ,297.4,61.9
17.3,104.613,318.9,4,1.9,2017-02-14,05:45,A,70,5.0       ,298.3,94.2
17.293,104.576,315.2,4.1,1.9,2017-02-14,05:45,A,38,5.0       ,298,66
17.31,104.573,319,4.1,1.9,2017-02-14,05:45,A,69,5.0       ,297.9,96.7
17.306,104.604,325.3,4,1.9,2017-02-14,05:45,A,78,5.0       ,298,157.5
17.298,104.567,317.6,4.1,1.9,2017-02-14,05:45,A,68,5.0       ,298.1,88.9
17.315,104.564,312.8,4.1,1.9,2017-02-14,05:45,A,45,5.0       ,297.8,48.4
17.668,104.059,312.7,4.3,1.9,2017-02-14,05:45,A,55,5.0       ,297.9,65.9
17.67,104.054,312.8,4.3,1.9,2017-02-14,05:45,A,56,5.0       ,298,66.1
17.697,103.836,314.3,4.5,2,2017-02-14,05:45,A,61,5.0       ,298.6,67.4
17.698,103.829,316.5,4.5,2,2017-02-14,05:45,A,66,5.0       ,298.6,89.2
19.094,108.785,326.8,1.8,1.3,2017-02-14,05:45,A,80,5.0       ,297.8,58.1
19.253,103.252,313.9,4.6,2,2017-02-14,05:45,A,59,5.0       ,289.4,154.7
21.417,110.806,312.4,1.2,1.1,2017-02-14,05:45,A,51,5.0       ,297.3,11.2
21.675,111.475,315.3,1.1,1.1,2017-02-14,05:45,A,63,5.0       ,298.8,12.8
21.843,112.144,323.3,1.1,1,2017-02-14,05:45,A,76,5.0       ,297.4,23.2
21.07,107.284,314.8,2.1,1.4,2017-02-14,05:45,A,62,5.0       ,294,42.2
12.625,99.803,318.1,1.9,1.3,2017-02-14,04:20,T,69,5.0       ,299.5,31.5
11.277,103.726,312.2,3.9,1.8,2017-02-14,04:20,T,28,5.0       ,299.9,64.8
11.138,98.838,310.8,1.7,1.3,2017-02-14,04:20,T,26,5.0       ,300.5,18.5
5.06,96.212,320.9,1.4,1.2,2017-02-14,04:20,T,73,5.0       ,290.2,33.1
28.672,96.858,312.2,1,1,2017-02-14,04:15,T,42,5.0       ,284.9,18.7
28.037,95.417,315.9,1.1,1.1,2017-02-14,04:15,T,65,5.0       ,294.8,16
28.036,95.428,311.2,1.1,1.1,2017-02-14,04:15,T,42,5.0       ,294.3,9.7
26.618,101.598,311.6,1.4,1.2,2017-02-14,04:15,T,37,5.0       ,298.2,16.1
27.509,95.8,311.5,1.1,1,2017-02-14,04:15,T,49,5.0       ,298.8,10.2
26.577,101.668,318.1,1.4,1.2,2017-02-14,04:15,T,69,5.0       ,297.8,25.7
26.111,100.544,328.2,1.2,1.1,2017-02-14,04:15,T,81,5.0       ,300.6,40
26.07,100.548,317.6,1.2,1.1,2017-02-14,04:15,T,68,5.0       ,303.8,17.4
26.042,100.522,322.4,1.2,1.1,2017-02-14,04:15,T,64,5.0       ,301.2,25.6
26.524,95.49,394.3,1.1,1,2017-02-14,04:15,T,94,5.0       ,297.4,258.3
26.592,94.673,319.2,1.2,1.1,2017-02-14,04:15,T,71,5.0       ,292.4,27.8
26.497,95.41,312.4,1.1,1,2017-02-14,04:15,T,54,5.0       ,301.4,17.1
26.718,90.917,311.8,2,1.4,2017-02-14,04:15,T,51,5.0       ,295.5,24.2
26.716,90.911,311.2,2,1.4,2017-02-14,04:15,T,44,5.0       ,295.3,21.1
26.066,94.56,332.7,1.2,1.1,2017-02-14,04:15,T,74,5.0       ,291.2,53.4
26.065,94.572,335.7,1.2,1.1,2017-02-14,04:15,T,82,5.0       ,291.5,58.4
25.14,97.336,310.4,1,1,2017-02-14,04:15,T,32,5.0       ,296.8,7.4
23.984,103.217,310.8,2,1.4,2017-02-14,04:15,T,40,5.0       ,286.5,34.3
25.202,94.56,328.8,1.2,1.1,2017-02-14,04:15,T,82,5.0       ,296.2,43.2
24.209,97.331,314.8,1,1,2017-02-14,04:15,T,49,5.0       ,301.5,11.5
24.234,96.083,312.9,1,1,2017-02-14,04:15,T,50,5.0       ,299.8,7.7
23.899,96.43,315.8,1,1,2017-02-14,04:15,T,64,5.0       ,299.6,9.5
23.898,96.44,312.1,1,1,2017-02-14,04:15,T,43,5.0       ,298.5,6.3
24.157,94.275,313.5,1.2,1.1,2017-02-14,04:15,T,58,5.0       ,296.9,15.1
21.78,106.234,320.4,3.7,1.8,2017-02-14,04:15,T,73,5.0       ,289.4,152.1
23.255,98.075,314.1,1,1,2017-02-14,04:15,T,60,5.0       ,296.6,16.3
23.194,97.875,310.7,1,1,2017-02-14,04:15,T,35,5.0       ,298.6,8.6
23.074,95.366,319.4,1,1,2017-02-14,04:15,T,63,5.0       ,304.1,10.2
22.742,97.631,310,1,1,2017-02-14,04:15,T,10,5.0       ,297.7,6.2
23.038,95.497,318.1,1,1,2017-02-14,04:15,T,69,5.0       ,303.5,7.6
22.371,96.608,319.9,1,1,2017-02-14,04:15,T,72,5.0       ,303.7,13.3
22.502,95.642,319.1,1,1,2017-02-14,04:15,T,71,5.0       ,304.5,7.2
22.423,96.125,316.8,1,1,2017-02-14,04:15,T,53,5.0       ,302.7,9.1
22.459,95.619,319,1,1,2017-02-14,04:15,T,67,5.0       ,304.3,8.2
22.245,96.59,314.9,1,1,2017-02-14,04:15,T,62,5.0       ,301,7.3
22.463,94.868,317.4,1.1,1,2017-02-14,04:15,T,62,5.0       ,302.5,9
22.325,95.721,318.6,1,1,2017-02-14,04:15,T,70,5.0       ,303.6,9.7
22.27,94.044,311.8,1.1,1.1,2017-02-14,04:15,T,51,5.0       ,299.5,8.8
21.932,96.337,311.7,1,1,2017-02-14,04:15,T,50,5.0       ,299.5,7.8
22.23,94.021,310.4,1.1,1.1,2017-02-14,04:15,T,35,5.0       ,298,6.8
22.228,94.032,316.9,1.1,1.1,2017-02-14,04:15,T,67,5.0       ,299.2,15.2
22.159,94.044,314.5,1.1,1.1,2017-02-14,04:15,T,61,5.0       ,297.8,12.5
21.728,96.408,325.6,1,1,2017-02-14,04:15,T,79,5.0       ,302.8,20.9
21.719,96.465,312.6,1,1,2017-02-14,04:15,T,49,5.0       ,299.5,6.3
21.55,96.298,311.1,1,1,2017-02-14,04:15,T,39,5.0       ,299.4,5.7
21.549,96.308,311.9,1,1,2017-02-14,04:15,T,45,5.0       ,298.3,6.1
21.379,95.313,317.7,1,1,2017-02-14,04:15,T,68,5.0       ,304.1,9.3
21.378,95.322,316.2,1,1,2017-02-14,04:15,T,62,5.0       ,303.2,7.6
21.063,96.288,313.7,1,1,2017-02-14,04:15,T,27,5.0       ,302.6,8.2
20.784,95.673,318.1,1,1,2017-02-14,04:15,T,69,5.0       ,304.2,7.6
20.561,97.108,317,1,1,2017-02-14,04:15,T,67,5.0       ,302.6,10.5
20.762,95.053,319,1,1,2017-02-14,04:15,T,65,5.0       ,302.4,8.2
20.628,95.352,318.9,1,1,2017-02-14,04:15,T,70,5.0       ,303.2,8.6
20.253,95.964,317.4,1,1,2017-02-14,04:15,T,68,5.0       ,303.8,7.6
20.019,96.911,321.3,1,1,2017-02-14,04:15,T,74,5.0       ,304.5,15.7
19.899,97.395,315.4,1.1,1,2017-02-14,04:15,T,63,5.0       ,300.1,8.8
20.161,94.746,320.7,1,1,2017-02-14,04:15,T,73,5.0       ,305.1,9.1
20.181,94.538,319.3,1.1,1,2017-02-14,04:15,T,71,5.0       ,302,12.7
19.999,94.789,317.4,1,1,2017-02-14,04:15,T,56,5.0       ,304.2,8
19.607,97.306,329,1.1,1,2017-02-14,04:15,T,82,5.0       ,303,28.1
18.397,103.897,310.9,2.9,1.6,2017-02-14,04:15,T,23,5.0       ,297.4,31.6
19.899,94.972,330.9,1,1,2017-02-14,04:15,T,84,5.0       ,304.1,25.1
18.395,103.889,310.1,2.9,1.6,2017-02-14,04:15,T,20,5.0       ,297.8,29.4
19.371,98.099,315.7,1.1,1.1,2017-02-14,04:15,T,58,5.0       ,297.4,13.6
19.839,94.622,314.1,1,1,2017-02-14,04:15,T,60,5.0       ,301.4,7.2
19.837,94.632,313.8,1,1,2017-02-14,04:15,T,53,5.0       ,301.3,6.6
19.287,98.232,310.9,1.2,1.1,2017-02-14,04:15,T,38,5.0       ,298.9,8.5
19.714,95.048,324,1,1,2017-02-14,04:15,T,77,5.0       ,304.7,14.9
19.23,98.221,325.8,1.2,1.1,2017-02-14,04:15,T,56,5.0       ,297.8,29.2
19.228,98.232,323.8,1.2,1.1,2017-02-14,04:15,T,50,5.0       ,298.9,25
19.217,98.213,312.2,1.2,1.1,2017-02-14,04:15,T,47,5.0       ,295.6,12.6
19.487,96.34,348.8,1,1,2017-02-14,04:15,T,95,5.0       ,304.3,54.2
19.455,96.373,331.1,1,1,2017-02-14,04:15,T,84,5.0       ,303.3,25
19.453,96.383,329.9,1,1,2017-02-14,04:15,T,83,5.0       ,302.7,24.5
19.514,95.287,321.1,1,1,2017-02-14,04:15,T,74,5.0       ,304.3,10.2
17.967,104.276,311.1,3.2,1.7,2017-02-14,04:15,T,46,5.0       ,296.2,48.3
19.517,95.132,321.9,1,1,2017-02-14,04:15,T,75,5.0       ,301.6,13.5
19.516,95.142,325.1,1,1,2017-02-14,04:15,T,78,5.0       ,303.1,17.7
19.323,96.33,321.2,1,1,2017-02-14,04:15,T,45,5.0       ,303.5,11.3
17.97,104.27,312.5,3.2,1.7,2017-02-14,04:15,T,54,5.0       ,296.2,56.2
18.121,102.93,312.7,2.5,1.5,2017-02-14,04:15,T,39,5.0       ,299.7,28.2
19.127,96.285,316.4,1,1,2017-02-14,04:15,T,39,5.0       ,299,8.6
19.259,95.267,320.1,1,1,2017-02-14,04:15,T,68,5.0       ,303.7,10.6
18.915,97.36,318.4,1.1,1,2017-02-14,04:15,T,45,5.0       ,300.7,14.1
17.799,103.644,318,2.9,1.6,2017-02-14,04:15,T,69,5.0       ,301.2,52.2
18.869,97.367,314.8,1.1,1,2017-02-14,04:15,T,26,5.0       ,300.8,9.9
17.796,103.639,314.2,2.9,1.6,2017-02-14,04:15,T,61,5.0       ,300.9,33.3
18.863,97.284,314.5,1.1,1,2017-02-14,04:15,T,41,5.0       ,301.9,7.2
17.698,103.842,313.5,3,1.6,2017-02-14,04:15,T,57,5.0       ,299.9,32.9
18.829,97.258,313.3,1.1,1,2017-02-14,04:15,T,58,5.0       ,301,10.1
18.654,97.379,313,1.1,1,2017-02-14,04:15,T,38,5.0       ,301.1,9.2
18.932,95.486,321.9,1,1,2017-02-14,04:15,T,48,5.0       ,304.4,9.7
17.316,104.609,315.7,3.5,1.8,2017-02-14,04:15,T,58,5.0       ,298.6,59.1
18.588,97.392,315.8,1.1,1,2017-02-14,04:15,T,51,5.0       ,299.8,9.5
18.572,97.494,313.2,1.1,1,2017-02-14,04:15,T,57,5.0       ,299.5,7.9
17.306,104.599,316.8,3.5,1.8,2017-02-14,04:15,T,67,5.0       ,298.7,68.5
17.3,104.631,312.6,3.5,1.8,2017-02-14,04:15,T,54,5.0       ,298.7,40
18.839,95.493,321.4,1,1,2017-02-14,04:15,T,65,5.0       ,302.6,8.6
18.493,97.413,313.7,1.1,1,2017-02-14,04:15,T,55,5.0       ,299.8,9
17.303,104.057,317.7,3.2,1.7,2017-02-14,04:15,T,68,5.0       ,300.9,59.4
18.347,97.57,313.4,1.1,1,2017-02-14,04:15,T,54,5.0       ,299.3,11.5
18.345,97.58,311.5,1.1,1,2017-02-14,04:15,T,47,5.0       ,298.6,9.8
18.691,95.054,316.6,1,1,2017-02-14,04:15,T,65,5.0       ,301.7,7.3
18.22,97.907,327.3,1.1,1.1,2017-02-14,04:15,T,80,5.0       ,298.9,29.9
18.531,95.579,318.9,1,1,2017-02-14,04:15,T,54,5.0       ,302.2,8.8
18.508,95.738,317.1,1,1,2017-02-14,04:15,T,67,5.0       ,301.8,6.5
17.261,102.963,321.8,2.6,1.6,2017-02-14,04:15,T,74,5.0       ,302.5,61.4
17.257,102.987,320.8,2.6,1.6,2017-02-14,04:15,T,73,5.0       ,301.2,56.6
18.511,95.215,326.2,1,1,2017-02-14,04:15,T,79,5.0       ,301.8,17.8
16.779,103.822,317.3,3.1,1.7,2017-02-14,04:15,T,66,5.0       ,300.6,60.3
18.233,95.096,320.3,1,1,2017-02-14,04:15,T,72,5.0       ,303.2,11
18.123,95.843,317.9,1,1,2017-02-14,04:15,T,69,5.0       ,302.9,7.1
16.78,103.815,315.1,3.1,1.7,2017-02-14,04:15,T,56,5.0       ,300.8,42.2
17.396,99.179,313.7,1.4,1.2,2017-02-14,04:15,T,39,5.0       ,298.7,15.1
17.733,96.654,318.8,1,1,2017-02-14,04:15,T,70,5.0       ,302.9,9.9
17.012,100.807,316.5,1.8,1.3,2017-02-14,04:15,T,66,5.0       ,301.1,24.2
27.566,114.748,319,1.1,1.1,2017-02-14,05:45,A,70,5.0       ,295.6,23.4
27.597,114.836,343.2,1.1,1.1,2017-02-14,05:45,A,92,5.0       ,294.5,69.9
27.595,114.824,330.7,1.1,1.1,2017-02-14,05:45,A,83,5.0       ,293.6,43.5
27.578,114.689,310.5,1.1,1.1,2017-02-14,05:45,A,40,5.0       ,295.4,13.5
27.733,115.525,326.1,1.2,1.1,2017-02-14,05:45,A,79,5.0       ,293.1,41.3
27.66,114.844,311.2,1.1,1.1,2017-02-14,05:45,A,47,5.0       ,293.3,15.6
28.008,116.635,311.2,1.4,1.2,2017-02-14,05:45,A,47,5.0       ,296.1,16.8
28.32,118.264,311.1,1.9,1.3,2017-02-14,05:45,A,46,5.0       ,295.7,26.1
27.931,114.395,317.1,1.1,1,2017-02-14,05:45,A,67,5.0       ,295,19.9
27.93,114.384,312.4,1.1,1,2017-02-14,05:45,A,54,5.0       ,295.1,14
28.22,114.42,318.4,1.1,1.1,2017-02-14,05:45,A,69,5.0       ,293,23.4
28.322,114.583,310.6,1.1,1.1,2017-02-14,05:45,A,41,5.0       ,293.9,14.5
29.152,117.852,315.3,1.8,1.3,2017-02-14,05:45,A,63,5.0       ,293.5,40.7
28.891,113.852,320.1,1.1,1,2017-02-14,05:45,A,72,5.0       ,294.9,24.1
28.846,112.503,314.9,1,1,2017-02-14,05:45,A,62,5.0       ,292.3,15.2
28.883,112.563,311.6,1,1,2017-02-14,05:45,A,32,5.0       ,289.8,12.7
29.683,116.505,314.6,1.5,1.2,2017-02-14,05:45,A,61,5.0       ,294.5,27.4
29.806,116.262,316.8,1.4,1.2,2017-02-14,05:45,A,58,5.0       ,293.5,33.6
29.72,112.968,312.1,1,1,2017-02-14,05:45,A,49,5.0       ,292.2,12.3
30.633,114.436,311.2,1.2,1.1,2017-02-14,05:45,A,45,5.0       ,297.4,10.8
17.239,99.205,314.1,1.4,1.2,2017-02-14,04:15,T,58,5.0       ,299.4,13.4
17.241,99.127,316.4,1.4,1.2,2017-02-14,04:15,T,62,5.0       ,303,12.9
16.457,103.165,316.3,2.8,1.6,2017-02-14,04:15,T,66,5.0       ,300.2,36.1
16.452,103.191,322.7,2.8,1.6,2017-02-14,04:15,T,75,5.0       ,300.6,70.9
14.01,104.906,313.8,4.3,1.9,2017-02-14,04:15,T,36,5.0       ,298.6,53.1
14.037,104.19,320.4,3.8,1.8,2017-02-14,04:15,T,73,5.0       ,299.4,109.8
14.031,104.224,314.2,3.8,1.8,2017-02-14,04:15,T,51,5.0       ,298.8,62.5
13.795,105.357,317.2,4.7,2,2017-02-14,04:15,T,62,5.0       ,299,92.3
13.795,105.352,318.5,4.7,2,2017-02-14,04:15,T,68,5.0       ,299.1,107.8
14.517,101.137,310.4,2.2,1.4,2017-02-14,04:15,T,17,5.0       ,299.9,23.6
13.962,104.1,316.1,3.7,1.8,2017-02-14,04:15,T,18,5.0       ,300.3,60.2
13.874,104.625,314.7,4.1,1.9,2017-02-14,04:15,T,49,5.0       ,300.5,56
13.581,104.748,314.7,4.3,1.9,2017-02-14,04:15,T,33,5.0       ,299.7,57.7
13.42,105.301,314.8,4.7,2,2017-02-14,04:15,T,62,5.0       ,298.4,94.1
13.595,104.551,317.4,4.1,1.9,2017-02-14,04:15,T,46,5.0       ,299.8,73.2
13.42,105.296,315.1,4.7,2,2017-02-14,04:15,T,63,5.0       ,298.2,98.5
13.85,102.563,347.5,2.9,1.6,2017-02-14,04:15,T,94,5.0       ,301.9,255.1
13.845,102.589,316.9,2.9,1.6,2017-02-14,04:15,T,63,5.0       ,300.5,32.1
13.848,102.556,336.8,2.9,1.6,2017-02-14,04:15,T,88,5.0       ,301.3,161
13.843,102.582,327.2,2.9,1.6,2017-02-14,04:15,T,80,5.0       ,301,91.9
13.989,101.674,316.9,2.4,1.5,2017-02-14,04:15,T,67,5.0       ,301.7,36
13.404,104.622,314.1,4.2,1.9,2017-02-14,04:15,T,59,5.0       ,298.5,53.9
13.483,104.116,314.4,3.8,1.8,2017-02-14,04:15,T,53,5.0       ,299.6,55.7
13.476,104.15,319.3,3.8,1.8,2017-02-14,04:15,T,71,5.0       ,300.3,90.8
13.4,104.617,314.5,4.2,1.9,2017-02-14,04:15,T,58,5.0       ,298.3,56
13.47,104.144,318.4,3.8,1.8,2017-02-14,04:15,T,70,5.0       ,300.5,83
13.332,104.337,319.2,4,1.9,2017-02-14,04:15,T,71,5.0       ,300.4,90.6
14.272,98.917,313.3,1.5,1.2,2017-02-14,04:15,T,48,5.0       ,299.8,15.8
13.327,104.328,317.8,4,1.9,2017-02-14,04:15,T,68,5.0       ,299.8,80.6
13.42,102.397,321.9,2.8,1.6,2017-02-14,04:15,T,73,5.0       ,300.4,66.4
13.417,102.391,319.4,2.8,1.6,2017-02-14,04:15,T,64,5.0       ,300.3,54
13.329,101.152,324.7,2.3,1.5,2017-02-14,04:15,T,78,5.0       ,302.2,56.4
13.066,101.374,311.9,2.4,1.5,2017-02-14,04:15,T,42,5.0       ,299.4,24.1
-4.277,119.899,320.4,1,1,2017-02-14,05:40,A,71,5.0       ,300.5,11.5
-3.932,119.797,314.8,1,1,2017-02-14,05:40,A,58,5.0       ,292,9.1
4.666,114.842,321.1,1.2,1.1,2017-02-14,05:40,A,73,5.0       ,289.5,26
4.664,114.831,316,1.2,1.1,2017-02-14,05:40,A,65,5.0       ,288.3,18.4
5.27,115.521,314.6,1.1,1,2017-02-14,05:40,A,62,5.0       ,293.8,11.7
5.268,115.511,314.7,1.1,1,2017-02-14,05:40,A,62,5.0       ,294.1,11.8
6.418,116.434,317,1,1,2017-02-14,05:40,A,63,5.0       ,301.5,9.3
11.975,108.513,313.9,2.6,1.6,2017-02-14,05:45,A,34,5.0       ,288.5,51.7
12.029,107.836,313,2.9,1.6,2017-02-14,05:45,A,56,5.0       ,294.2,52.7
12.03,107.829,315.6,2.9,1.6,2017-02-14,05:45,A,64,5.0       ,293.9,66.1
12.243,106.78,327.4,3.5,1.8,2017-02-14,05:45,A,64,5.0       ,299.8,127.1
12.237,106.774,324.1,3.5,1.8,2017-02-14,05:45,A,67,5.0       ,300.4,105.5
12.293,106.63,334.1,3.6,1.8,2017-02-14,05:45,A,86,5.0       ,301.2,176
12.287,106.598,321.1,3.6,1.8,2017-02-14,05:45,A,74,5.0       ,300.5,60.8
12.285,106.627,335.3,3.6,1.8,2017-02-14,05:45,A,87,5.0       ,301.7,190.6
12.327,106.586,319.5,3.6,1.8,2017-02-14,05:45,A,61,5.0       ,300.6,58.3
12.337,106.271,321.7,3.8,1.8,2017-02-14,05:45,A,61,5.0       ,299.9,83.2
12.328,106.266,320.5,3.8,1.8,2017-02-14,05:45,A,60,5.0       ,297.9,74.8
12.612,106.88,318.4,3.4,1.7,2017-02-14,05:45,A,70,5.0       ,299.1,82.5
12.606,106.849,312.6,3.4,1.7,2017-02-14,05:45,A,42,5.0       ,296.6,47
12.544,106.498,317.4,3.6,1.8,2017-02-14,05:45,A,52,5.0       ,300.5,42.2
12.607,106.874,322.5,3.4,1.7,2017-02-14,05:45,A,75,5.0       ,299,112.1
12.748,106.968,322.9,3.3,1.7,2017-02-14,05:45,A,76,5.0       ,295.5,117.6
12.731,106.877,316.6,3.4,1.7,2017-02-14,05:45,A,57,5.0       ,297.7,61.8
12.725,106.846,316.8,3.4,1.7,2017-02-14,05:45,A,67,5.0       ,297.2,63.8
12.804,106.181,318.1,3.8,1.8,2017-02-14,05:45,A,69,5.0       ,300.2,51.7
13.05,107.457,319.6,3,1.6,2017-02-14,05:45,A,62,5.0       ,293.5,77.5
13.099,107.298,328,3.1,1.7,2017-02-14,05:45,A,42,5.0       ,298.8,110.6
12.953,106.489,320.8,3.6,1.8,2017-02-14,05:45,A,73,5.0       ,300.7,77.3
13.041,106.799,327.8,3.4,1.7,2017-02-14,05:45,A,81,5.0       ,295.3,142.5
15.082,120.104,319.8,1.6,1.3,2017-02-14,05:45,A,43,5.0       ,302.7,19.7
12.809,105.333,317.8,4.4,1.9,2017-02-14,05:45,A,58,5.0       ,297.1,103.1
15.08,120.098,324.6,1.6,1.3,2017-02-14,05:45,A,77,5.0       ,302.1,32.2
13.042,106.825,323.3,3.4,1.7,2017-02-14,05:45,A,75,5.0       ,291.4,107.7
13.036,106.795,324.5,3.4,1.7,2017-02-14,05:45,A,70,5.0       ,295.2,117.5
12.818,105.368,315.7,4.4,1.9,2017-02-14,05:45,A,64,5.0       ,296.7,84.9
12.811,105.328,316.1,4.4,1.9,2017-02-14,05:45,A,65,5.0       ,297.1,94.5
13.052,106.261,321.1,3.7,1.8,2017-02-14,05:45,A,73,5.0       ,300.9,66.8
13.105,106.138,313.9,3.8,1.8,2017-02-14,05:45,A,52,5.0       ,300.1,51.7
15.323,120.5,320,1.8,1.3,2017-02-14,05:45,A,66,5.0       ,303.3,24.1
13.18,106.496,315.1,3.5,1.8,2017-02-14,05:45,A,56,5.0       ,298.9,43.6
13.112,106.133,313.5,3.8,1.8,2017-02-14,05:45,A,54,5.0       ,299.9,51.3
13.411,107.585,316.2,2.9,1.6,2017-02-14,05:45,A,42,5.0       ,294.6,38.7
13.235,106.351,314.1,3.6,1.8,2017-02-14,05:45,A,48,5.0       ,299.4,49.8
13.229,106.318,315.2,3.6,1.8,2017-02-14,05:45,A,63,5.0       ,299.3,58.9
13.218,106.076,323.3,3.8,1.8,2017-02-14,05:45,A,53,5.0       ,300.7,116.7
13.244,106.342,318.8,3.6,1.8,2017-02-14,05:45,A,70,5.0       ,298.8,85.7
13.238,106.309,312.1,3.6,1.8,2017-02-14,05:45,A,52,5.0       ,298.8,40.7
13.33,106.718,321.4,3.4,1.7,2017-02-14,05:45,A,46,5.0       ,299.2,83.4
13.518,107.584,314.7,2.9,1.6,2017-02-14,05:45,A,56,5.0       ,292.7,52.9
13.353,106.351,320.3,3.6,1.8,2017-02-14,05:45,A,69,5.0       ,297.7,84
13.402,106.44,322,3.5,1.8,2017-02-14,05:45,A,49,5.0       ,299.1,78.7
13.131,104.981,311.1,4.6,2,2017-02-14,05:45,A,40,5.0       ,298,52.5
13.425,105.292,317.7,4.3,1.9,2017-02-14,05:45,A,68,5.0       ,300.7,91.1
13.428,105.284,317.7,4.3,1.9,2017-02-14,05:45,A,68,5.0       ,300.8,88.5
13.486,105.313,314.7,4.3,1.9,2017-02-14,05:45,A,62,5.0       ,300.6,65
13.426,104.995,319.7,4.5,2,2017-02-14,05:45,A,70,5.0       ,300.4,78.2
13.608,105.788,317.4,3.9,1.8,2017-02-14,05:45,A,68,5.0       ,300.5,75.2
13.602,105.753,320.4,3.9,1.8,2017-02-14,05:45,A,73,5.0       ,299.5,105.3
13.644,105.89,322.3,3.8,1.8,2017-02-14,05:45,A,53,5.0       ,300.6,103.3
13.493,105.066,320.2,4.5,1.9,2017-02-14,05:45,A,60,5.0       ,301.8,76.1
13.488,105.308,314.4,4.3,1.9,2017-02-14,05:45,A,61,5.0       ,300.5,60.2
13.426,104.991,318.5,4.5,2,2017-02-14,05:45,A,70,5.0       ,300.3,60.5
13.598,105.786,320.5,3.9,1.8,2017-02-14,05:45,A,73,5.0       ,300.9,100.7
13.591,105.751,318.1,3.9,1.8,2017-02-14,05:45,A,65,5.0       ,299.5,83.1
13.703,106.257,316,3.6,1.8,2017-02-14,05:45,A,38,5.0       ,299,54.7
13.65,105.884,322.4,3.8,1.8,2017-02-14,05:45,A,75,5.0       ,300.5,108.6
13.494,105.061,319.1,4.5,1.9,2017-02-14,05:45,A,66,5.0       ,301.8,68.1
13.663,105.773,336.2,3.9,1.8,2017-02-14,05:45,A,87,5.0       ,299.4,263.6
13.656,105.737,314.3,3.9,1.8,2017-02-14,05:45,A,32,5.0       ,300.3,54.4
13.653,105.768,332,3.9,1.8,2017-02-14,05:45,A,84,5.0       ,300.5,216.7
13.751,106.105,316,3.7,1.8,2017-02-14,05:45,A,36,5.0       ,300.9,47.2
14.032,107.532,313.1,2.8,1.6,2017-02-14,05:45,A,52,5.0       ,296.5,45.7
13.789,106.131,315.1,3.7,1.8,2017-02-14,05:45,A,34,5.0       ,300.1,42.9
13.78,105.815,319.4,3.9,1.8,2017-02-14,05:45,A,44,5.0       ,301.2,94
13.767,105.745,320.1,3.9,1.8,2017-02-14,05:45,A,59,5.0       ,300.8,89.9
13.76,105.71,317,3.9,1.8,2017-02-14,05:45,A,61,5.0       ,300.5,71.7
13.684,105.301,322.9,4.3,1.9,2017-02-14,05:45,A,49,5.0       ,301.1,113.7
13.77,105.813,319.1,3.9,1.8,2017-02-14,05:45,A,37,5.0       ,300.6,87.7
22.233,112.277,314.5,1,1,2017-02-14,05:45,A,61,5.0       ,296.8,13.3
22.242,112.276,310.1,1,1,2017-02-14,05:45,A,23,5.0       ,296.9,8.7
21.917,110.23,334.8,1.3,1.1,2017-02-14,05:45,A,86,5.0       ,297,57.9
21.915,110.218,323.1,1.3,1.1,2017-02-14,05:45,A,76,5.0       ,297,32.5
21.847,109.272,311.6,1.5,1.2,2017-02-14,05:45,A,50,5.0       ,294.5,18.3
21.845,109.258,314,1.5,1.2,2017-02-14,05:45,A,60,5.0       ,295.5,23
21.909,109.504,326.1,1.4,1.2,2017-02-14,05:45,A,79,5.0       ,295.8,45.1
21.906,109.49,311.3,1.4,1.2,2017-02-14,05:45,A,47,5.0       ,296.1,14.8
22.857,115.8,322.5,1.1,1.1,2017-02-14,05:45,A,75,5.0       ,298.5,23.2
22.211,110.269,310.3,1.3,1.1,2017-02-14,05:45,A,35,5.0       ,295.9,12.6
22.339,110.796,314.6,1.2,1.1,2017-02-14,05:45,A,61,5.0       ,296.1,17.3
23.292,116.487,311,1.2,1.1,2017-02-14,05:45,A,45,5.0       ,297.9,11.6
23.291,116.475,314,1.2,1.1,2017-02-14,05:45,A,60,5.0       ,296,15.1
22.54,111.167,320.8,1.1,1.1,2017-02-14,05:45,A,73,5.0       ,294.5,24.3
23.229,114.591,325.4,1,1,2017-02-14,05:45,A,79,5.0       ,296.5,25.4
22.694,110.393,314.8,1.2,1.1,2017-02-14,05:45,A,62,5.0       ,294.4,20.5
22.578,109.531,310.1,1.4,1.2,2017-02-14,05:45,A,28,5.0       ,293.9,15.1
23.04,111.769,310.9,1.1,1,2017-02-14,05:45,A,45,5.0       ,295.3,11.5
23.038,111.758,314.9,1.1,1,2017-02-14,05:45,A,62,5.0       ,295.8,16.2
22.172,106.462,312.6,2.3,1.5,2017-02-14,05:45,A,55,5.0       ,290.2,47.8
22.168,106.441,331.4,2.3,1.5,2017-02-14,05:45,A,84,5.0       ,290.7,128.7
23.716,115.494,320.8,1.1,1.1,2017-02-14,05:45,A,73,5.0       ,295.4,25.4
22.322,106.277,310.6,2.4,1.5,2017-02-14,05:45,A,41,5.0       ,289.6,42.7
22.318,106.255,310.3,2.4,1.5,2017-02-14,05:45,A,35,5.0       ,288.9,41.8
22.357,106.246,340.1,2.4,1.5,2017-02-14,05:45,A,90,5.0       ,290.5,179.7
22.353,106.225,335.1,2.4,1.5,2017-02-14,05:45,A,87,5.0       ,289.3,148.7
17.912,96.025,314.6,2,1.4,2017-02-14,07:25,A,48,5.0       ,298.4,26.3
18.232,98.499,313.8,3.1,1.7,2017-02-14,07:25,A,54,5.0       ,299.7,46.3
18.752,97.27,316.5,2.6,1.5,2017-02-14,07:25,A,33,5.0       ,299.1,37.2
19.263,95.005,320.1,1.8,1.3,2017-02-14,07:25,A,66,5.0       ,303.2,21.8
19.723,97.607,316.3,2.8,1.6,2017-02-14,07:25,A,62,5.0       ,300.1,36.5
19.726,97.6,318.5,2.8,1.6,2017-02-14,07:25,A,70,5.0       ,300.4,49.4
19.712,95.035,321.7,1.8,1.3,2017-02-14,07:25,A,60,5.0       ,303.8,23.4
19.706,95.03,323.1,1.8,1.3,2017-02-14,07:25,A,43,5.0       ,304.6,26.3
19.958,97.062,320.1,2.6,1.5,2017-02-14,07:25,A,0,5.0       ,305.5,56.3
19.847,94.936,322.4,1.8,1.3,2017-02-14,07:25,A,75,5.0       ,306.4,20.9
20.02,94.75,321,1.7,1.3,2017-02-14,07:25,A,70,5.0       ,304.7,22.3
20.66,95.358,322.1,2,1.4,2017-02-14,07:25,A,75,5.0       ,305.4,28.3
20.476,93.76,315.3,1.5,1.2,2017-02-14,07:25,A,52,5.0       ,301.9,20.6
21.069,107.279,315.8,2.1,1.4,2017-02-14,05:45,A,65,5.0       ,294.1,46.5
21.643,110.314,314.7,1.3,1.1,2017-02-14,05:45,A,62,5.0       ,296.4,17.6
21.912,111.81,310.3,1.1,1,2017-02-14,05:45,A,34,5.0       ,297.3,8.8
21.867,111.299,311.3,1.1,1.1,2017-02-14,05:45,A,48,5.0       ,295.3,12.9
22.152,112.659,311.4,1,1,2017-02-14,05:45,A,48,5.0       ,296.2,11.4
21.971,111.319,323.2,1.1,1.1,2017-02-14,05:45,A,76,5.0       ,296.8,28.3
-5.528,148.421,324.8,1.5,1.2,2017-02-14,04:00,A,74,5.0       ,297.7,35.2
-5.517,148.421,320.9,1.5,1.2,2017-02-14,04:00,A,73,5.0       ,296.7,26.7
-4.267,142.906,313.3,1,1,2017-02-14,04:00,A,58,5.0       ,291.9,7.8
-4.562,136.883,313.5,2.6,1.6,2017-02-14,04:00,A,55,5.0       ,292.5,32.6
20.663,95.352,321,2,1.4,2017-02-14,07:25,A,68,5.0       ,304.9,22
20.502,93.339,328,1.4,1.2,2017-02-14,07:25,A,81,5.0       ,306.9,35.7
20.573,93.082,318.9,1.4,1.2,2017-02-14,07:25,A,53,5.0       ,305.1,11.7
21.148,97.179,322.5,2.7,1.6,2017-02-14,07:25,A,74,5.0       ,299.8,78.5
21.47,96.913,311.6,2.6,1.6,2017-02-14,07:25,A,49,5.0       ,295.4,37.4
21.872,96.745,314.6,2.6,1.5,2017-02-14,07:25,A,60,5.0       ,300.7,38.1
21.478,92.104,313.5,1.2,1.1,2017-02-14,07:25,A,58,5.0       ,303.1,9.3
21.725,93.53,313.7,1.5,1.2,2017-02-14,07:25,A,52,5.0       ,300.9,25.1
21.723,93.516,311.4,1.5,1.2,2017-02-14,07:25,A,36,5.0       ,295.4,22
22.354,97.529,315.8,3,1.6,2017-02-14,07:25,A,32,5.0       ,301.5,40.7
22.353,97.524,316.1,3,1.6,2017-02-14,07:25,A,63,5.0       ,301.5,43.7
21.792,92.1,319.7,1.2,1.1,2017-02-14,07:25,A,72,5.0       ,303.7,17.8
22.127,94.033,317.7,1.6,1.3,2017-02-14,07:25,A,52,5.0       ,302.2,18.3
22.149,94.029,320.6,1.6,1.3,2017-02-14,07:25,A,29,5.0       ,302.9,24
22.16,94.039,317.4,1.7,1.3,2017-02-14,07:25,A,20,5.0       ,301.9,15.6
23.782,93.262,346.2,1.5,1.2,2017-02-14,07:25,A,93,5.0       ,294.1,115
23.795,93.276,348.1,1.5,1.2,2017-02-14,07:25,A,94,5.0       ,294.7,122.9
23.793,93.26,325.9,1.5,1.2,2017-02-14,07:25,A,68,5.0       ,291.8,48.7
23.799,93.284,327.8,1.6,1.2,2017-02-14,07:25,A,81,5.0       ,292,59.1
23.797,93.268,340.7,1.5,1.2,2017-02-14,07:25,A,90,5.0       ,295.7,97.8
23.9,92.377,314.1,1.4,1.2,2017-02-14,07:25,A,60,5.0       ,299.5,16.9
23.899,92.364,310.7,1.4,1.2,2017-02-14,07:25,A,42,5.0       ,299.9,11.5
23.916,91.424,314.3,1.2,1.1,2017-02-14,07:25,A,61,5.0       ,302.6,8.7
24.071,92.274,328.8,1.3,1.1,2017-02-14,07:25,A,82,5.0       ,299.4,43.5
24.351,92.837,310.1,1.5,1.2,2017-02-14,07:25,A,25,5.0       ,299.5,12.5
24.474,93.827,310.4,1.7,1.3,2017-02-14,07:25,A,36,5.0       ,297.3,17.4
24.611,94.153,317.7,1.8,1.3,2017-02-14,07:25,A,68,5.0       ,297.1,39.2
24.785,94.302,317.9,1.9,1.3,2017-02-14,07:25,A,69,5.0       ,297.1,43
24.743,93.592,315.9,1.7,1.3,2017-02-14,07:25,A,65,5.0       ,299.1,28.3
24.739,93.556,332.2,1.7,1.3,2017-02-14,07:25,A,84,5.0       ,298.4,71.5
24.751,93.554,310.6,1.7,1.3,2017-02-14,07:25,A,26,5.0       ,298.4,15.5
24.744,93.601,313.3,1.7,1.3,2017-02-14,07:25,A,57,5.0       ,299.1,21.6
24.738,93.549,329.6,1.7,1.3,2017-02-14,07:25,A,82,5.0       ,298.1,63.3
24.75,93.549,328.7,1.7,1.3,2017-02-14,07:25,A,82,5.0       ,298.4,60
24.787,93.676,317.4,1.7,1.3,2017-02-14,07:25,A,68,5.0       ,297.3,31.6
24.785,93.662,313.7,1.7,1.3,2017-02-14,07:25,A,59,5.0       ,299.7,23.9
24.859,92.674,317.2,1.5,1.2,2017-02-14,07:25,A,67,5.0       ,305,13.7
25.377,97.196,310.2,3.1,1.7,2017-02-14,07:25,A,33,5.0       ,297.2,30.3
25.375,97.191,311.3,3.1,1.7,2017-02-14,07:25,A,48,5.0       ,297.2,36.7
25.14,94.455,311.6,2,1.4,2017-02-14,07:25,A,41,5.0       ,298.4,28.3
25.492,94.615,318.9,2,1.4,2017-02-14,07:25,A,70,5.0       ,294.8,55.4
25.493,94.609,315.1,2,1.4,2017-02-14,07:25,A,63,5.0       ,294.5,43.4
25.441,93.968,315.7,1.8,1.3,2017-02-14,07:25,A,64,5.0       ,299.5,34.4
25.897,98.688,310.5,4.1,1.9,2017-02-14,07:25,A,39,5.0       ,288.6,104.3
25.904,98.68,310.1,4.1,1.9,2017-02-14,07:25,A,18,5.0       ,289.7,92.2
25.789,93.055,312.7,1.6,1.2,2017-02-14,07:25,A,40,5.0       ,299.8,14.1
25.527,90.878,313.5,1.2,1.1,2017-02-14,07:25,A,47,5.0       ,301,9.8
25.525,90.866,314.7,1.2,1.1,2017-02-14,07:25,A,59,5.0       ,301.3,11.6
25.53,90.87,317.1,1.2,1.1,2017-02-14,07:25,A,67,5.0       ,301.3,17
25.79,93.048,313.3,1.6,1.2,2017-02-14,07:25,A,52,5.0       ,299.9,16.2
25.964,92.384,314.8,1.4,1.2,2017-02-14,07:25,A,62,5.0       ,294,22.9
25.963,92.369,311.1,1.4,1.2,2017-02-14,07:25,A,46,5.0       ,293.7,16.8
25.945,90.225,316.3,1.1,1.1,2017-02-14,07:25,A,65,5.0       ,301.2,10.9
26.602,94.686,311.1,2.1,1.4,2017-02-14,07:25,A,46,5.0       ,294.1,30.9
26.601,94.68,313.7,2.1,1.4,2017-02-14,07:25,A,59,5.0       ,294.6,40.9
26.71,94.725,313.6,2.1,1.4,2017-02-14,07:25,A,58,5.0       ,293.8,38
26.723,94.723,313.2,2.1,1.4,2017-02-14,07:25,A,57,5.0       ,292.7,36
26.682,93.533,311.3,1.8,1.3,2017-02-14,07:25,A,30,5.0       ,296.7,14.9
26.741,91.141,314.7,1.3,1.1,2017-02-14,07:25,A,58,5.0       ,298.8,12
26.734,90.911,332.4,1.2,1.1,2017-02-14,07:25,A,85,5.0       ,302.7,37.9
26.732,90.899,338.3,1.2,1.1,2017-02-14,07:25,A,89,5.0       ,301.4,52.1
26.731,90.887,320.2,1.2,1.1,2017-02-14,07:25,A,63,5.0       ,299.5,17.4
26.7,90.238,313,1.1,1.1,2017-02-14,07:25,A,42,5.0       ,300.3,9.5
26.695,90.124,332.5,1.1,1.1,2017-02-14,07:25,A,85,5.0       ,298.1,40
26.69,90.012,310.4,1.1,1,2017-02-14,07:25,A,37,5.0       ,297.9,8.7
26.853,91.133,311.4,1.3,1.1,2017-02-14,07:25,A,48,5.0       ,292.7,17.4
26.808,90.6,318.3,1.2,1.1,2017-02-14,07:25,A,69,5.0       ,295.9,21.4
26.807,90.589,312.1,1.2,1.1,2017-02-14,07:25,A,40,5.0       ,297.1,12.7
26.746,90.098,312.3,1.1,1.1,2017-02-14,07:25,A,53,5.0       ,297.3,11.4
27.324,93.769,321.4,1.9,1.3,2017-02-14,07:25,A,64,5.0       ,289.2,62.2
27.331,93.764,334.8,1.9,1.3,2017-02-14,07:25,A,75,5.0       ,288.5,109.5
27.57,96.103,320.8,2.8,1.6,2017-02-14,07:25,A,73,5.0       ,296.9,84.6
27.563,93.664,363.7,1.9,1.3,2017-02-14,07:25,A,94,5.0       ,294.4,263.2
27.561,93.646,320.4,1.8,1.3,2017-02-14,07:25,A,68,5.0       ,292.6,54.6
27.568,93.659,327,1.9,1.3,2017-02-14,07:25,A,76,5.0       ,292,72.7
28.054,95.428,312.3,2.5,1.5,2017-02-14,07:25,A,54,5.0       ,298.5,33.4
23.055,110.094,312,1.3,1.1,2017-02-14,05:45,A,52,5.0       ,294.6,16.9
23.053,110.082,315.6,1.3,1.1,2017-02-14,05:45,A,64,5.0       ,294.4,21.9
22.352,106.242,334.6,2.4,1.5,2017-02-14,05:45,A,86,5.0       ,290.1,148.9
22.348,106.222,312,2.4,1.5,2017-02-14,05:45,A,30,5.0       ,288.6,44.1
22.366,106.239,326.8,2.4,1.5,2017-02-14,05:45,A,80,5.0       ,289.7,108.7
22.361,106.218,312.3,2.4,1.5,2017-02-14,05:45,A,41,5.0       ,286.3,46.1
22.366,106.17,310.7,2.4,1.5,2017-02-14,05:45,A,25,5.0       ,286.8,42.7
23.405,111.097,316.3,1.1,1.1,2017-02-14,05:45,A,66,5.0       ,294.5,20
23.403,111.087,313.8,1.1,1.1,2017-02-14,05:45,A,59,5.0       ,294.8,16.6
23.969,113.887,326.3,1,1,2017-02-14,05:45,A,79,5.0       ,293.6,29.9
23.968,113.877,315.7,1,1,2017-02-14,05:45,A,64,5.0       ,293.9,16.8
24.204,115.489,315.9,1.1,1.1,2017-02-14,05:45,A,65,5.0       ,297.7,16.8
24.203,115.478,314.3,1.1,1.1,2017-02-14,05:45,A,61,5.0       ,297.1,14.5
24.207,115.483,352.6,1.1,1.1,2017-02-14,05:45,A,96,5.0       ,299.5,89.4
24.206,115.472,331.8,1.1,1.1,2017-02-14,05:45,A,84,5.0       ,297.8,40.9
24.217,115.481,354.4,1.1,1.1,2017-02-14,05:45,A,97,5.0       ,296.5,94.6
24.215,115.47,341.9,1.1,1.1,2017-02-14,05:45,A,91,5.0       ,297,61.8
23.985,113.609,315.4,1,1,2017-02-14,05:45,A,64,5.0       ,295,15.1
23.984,113.599,310.2,1,1,2017-02-14,05:45,A,33,5.0       ,295.9,10
23.469,110.236,337.8,1.2,1.1,2017-02-14,05:45,A,88,5.0       ,296.8,61
23.467,110.224,315.9,1.2,1.1,2017-02-14,05:45,A,65,5.0       ,295.7,19
23.776,112.112,340.6,1,1,2017-02-14,05:45,A,90,5.0       ,295.6,54.8
23.725,111.536,323.7,1.1,1,2017-02-14,05:45,A,77,5.0       ,294.6,27.8
23.723,111.526,315.6,1.1,1,2017-02-14,05:45,A,64,5.0       ,294.4,17.3
24.025,113.502,324.4,1,1,2017-02-14,05:45,A,77,5.0       ,295.1,27.3
24.023,113.492,324.8,1,1,2017-02-14,05:45,A,78,5.0       ,294.9,27.4
23.734,111.535,315.6,1.1,1,2017-02-14,05:45,A,47,5.0       ,293.6,16.6
24.316,115.538,329.1,1.1,1.1,2017-02-14,05:45,A,82,5.0       ,296.7,38.2
24.844,118.518,319.3,1.7,1.3,2017-02-14,05:45,A,71,5.0       ,295.9,36.9
24.842,118.501,315.7,1.7,1.3,2017-02-14,05:45,A,64,5.0       ,295.7,27.5
24.112,112.827,312.2,1,1,2017-02-14,05:45,A,53,5.0       ,297.8,11
24.018,112.188,314.1,1,1,2017-02-14,05:45,A,60,5.0       ,297,14.5
24.025,112.171,312.7,1,1,2017-02-14,05:45,A,55,5.0       ,295.3,11.6
24.842,118.511,327.7,1.7,1.3,2017-02-14,05:45,A,81,5.0       ,296.4,61.4
23.611,109.553,320,1.3,1.1,2017-02-14,05:45,A,72,5.0       ,295.3,29.2
23.929,111.427,331.4,1.1,1,2017-02-14,05:45,A,84,5.0       ,293.4,41.5
23.919,111.363,325.7,1.1,1,2017-02-14,05:45,A,79,5.0       ,294.3,33
24.079,112.344,325.6,1,1,2017-02-14,05:45,A,79,5.0       ,298,28.1
24.36,113.852,316,1,1,2017-02-14,05:45,A,63,5.0       ,296.7,14.3
23.895,110.697,310.7,1.2,1.1,2017-02-14,05:45,A,42,5.0       ,292.8,15.2
24.168,112.333,313.1,1,1,2017-02-14,05:45,A,57,5.0       ,294,13.8
24.233,112.704,312.6,1,1,2017-02-14,05:45,A,55,5.0       ,294.1,12.6
24.625,115.203,317.9,1.1,1,2017-02-14,05:45,A,69,5.0       ,295.4,21.7
24.102,111.527,311.1,1.1,1,2017-02-14,05:45,A,46,5.0       ,293.7,13.1
24.36,112.755,315.4,1,1,2017-02-14,05:45,A,64,5.0       ,294.6,16.5
24.228,111.803,320.3,1,1,2017-02-14,05:45,A,72,5.0       ,296.4,22
24.226,111.793,351.9,1,1,2017-02-14,05:45,A,96,5.0       ,300.8,79.6
24.237,111.801,327.5,1,1,2017-02-14,05:45,A,81,5.0       ,297.2,31.6
24.235,111.791,336,1,1,2017-02-14,05:45,A,87,5.0       ,295.8,45.3
24.573,114.068,316.1,1,1,2017-02-14,05:45,A,65,5.0       ,295.7,16.9
24.237,111.628,312,1.1,1,2017-02-14,05:45,A,52,5.0       ,293.2,15
24.316,111.967,313.6,1,1,2017-02-14,05:45,A,59,5.0       ,293,15.2
24.321,111.811,335.6,1,1,2017-02-14,05:45,A,87,5.0       ,295.5,46.9
24.319,111.801,333.6,1,1,2017-02-14,05:45,A,86,5.0       ,298,43.6
24.706,114.296,318.2,1,1,2017-02-14,05:45,A,69,5.0       ,294.2,21.2
24.704,114.286,331,1,1,2017-02-14,05:45,A,84,5.0       ,295.3,39.3
24.451,112.495,322.2,1,1,2017-02-14,05:45,A,75,5.0       ,296.9,23.5
24.46,112.493,313.7,1,1,2017-02-14,05:45,A,48,5.0       ,295.5,12.9
24.632,112.979,312.8,1,1,2017-02-14,05:45,A,56,5.0       ,294.2,14.2
24.689,113.249,344.2,1,1,2017-02-14,05:45,A,92,5.0       ,293.5,61
24.687,113.239,312,1,1,2017-02-14,05:45,A,52,5.0       ,291.2,14.4
24.335,110.714,316.3,1.1,1.1,2017-02-14,05:45,A,66,5.0       ,291.9,23.4
24.855,114.042,313.4,1,1,2017-02-14,05:45,A,58,5.0       ,293.1,16.2
24.691,112.561,319,1,1,2017-02-14,05:45,A,71,5.0       ,295.6,17.3
24.904,113.994,313.1,1,1,2017-02-14,05:45,A,53,5.0       ,294.8,14
24.6,111.823,325.4,1,1,2017-02-14,05:45,A,79,5.0       ,295.9,29.3
24.598,111.813,345.1,1,1,2017-02-14,05:45,A,93,5.0       ,297.3,64
25.081,115.061,310.3,1.1,1,2017-02-14,05:45,A,36,5.0       ,293.3,13.5
24.454,110.724,310.8,1.1,1.1,2017-02-14,05:45,A,44,5.0       ,293.3,15.5
24.77,112.471,313.5,1,1,2017-02-14,05:45,A,58,5.0       ,295.5,12
24.907,113.359,356.1,1,1,2017-02-14,05:45,A,98,5.0       ,291.7,87.1
24.906,113.35,391.1,1,1,2017-02-14,05:45,A,100,5.0       ,301.8,213
24.904,113.34,317.8,1,1,2017-02-14,05:45,A,69,5.0       ,292.1,19.6
24.916,113.358,346.1,1,1,2017-02-14,05:45,A,93,5.0       ,288.8,64.8
24.913,113.338,364.5,1,1,2017-02-14,05:45,A,100,5.0       ,295.1,109.6
24.571,110.873,313.2,1.1,1.1,2017-02-14,05:45,A,57,5.0       ,295.8,14.5
24.831,112.443,314.5,1,1,2017-02-14,05:45,A,61,5.0       ,292.8,15.4
24.969,113.141,313.9,1,1,2017-02-14,05:45,A,60,5.0       ,294,13.4
24.967,113.132,316.6,1,1,2017-02-14,05:45,A,66,5.0       ,294.9,16.4
24.535,110.166,317.4,1.2,1.1,2017-02-14,05:45,A,43,5.0       ,285.7,21
24.917,112.593,312,1,1,2017-02-14,05:45,A,49,5.0       ,295.7,11.7
24.916,112.583,313.2,1,1,2017-02-14,05:45,A,57,5.0       ,297.3,12.1
24.537,110.161,317.2,1.2,1.1,2017-02-14,05:45,A,56,5.0       ,285.8,22.8
25.112,113.839,338.3,1,1,2017-02-14,05:45,A,89,5.0       ,295.7,50.2
25.121,113.837,310.3,1,1,2017-02-14,05:45,A,34,5.0       ,292.7,12.4
25.035,112.766,310.5,1,1,2017-02-14,05:45,A,38,5.0       ,292.1,12.5
25.034,112.757,313.1,1,1,2017-02-14,05:45,A,57,5.0       ,293.8,15.1
25.098,112.886,312.4,1,1,2017-02-14,05:45,A,54,5.0       ,295.7,11.4
24.422,108.64,333.5,1.5,1.2,2017-02-14,05:45,A,85,5.0       ,286.8,66.2
24.42,108.625,325.9,1.5,1.2,2017-02-14,05:45,A,79,5.0       ,286.3,46.5
24.914,111.584,314.3,1,1,2017-02-14,05:45,A,61,5.0       ,293.3,17.2
25.024,111.578,313.5,1,1,2017-02-14,05:45,A,56,5.0       ,295.9,13.9
25.022,111.568,335.3,1,1,2017-02-14,05:45,A,87,5.0       ,297.7,44
25.503,114.41,351.5,1.1,1,2017-02-14,05:45,A,96,5.0       ,296.2,82.2
25.501,114.4,321.7,1.1,1,2017-02-14,05:45,A,74,5.0       ,294.4,26.1
25.333,112.983,336.4,1,1,2017-02-14,05:45,A,88,5.0       ,299.2,42.7
23.899,103.297,326.1,3.6,1.8,2017-02-14,05:45,A,79,5.0       ,291.3,185.1
23.893,103.266,316.2,3.6,1.8,2017-02-14,05:45,A,65,5.0       ,290.6,108.6
23.893,103.292,329.5,3.6,1.8,2017-02-14,05:45,A,82,5.0       ,291.7,216.7
25.57,112.453,313.5,1,1,2017-02-14,05:45,A,58,5.0       ,295.4,12.6
26.067,116.121,335.6,1.3,1.1,2017-02-14,05:45,A,87,5.0       ,293.1,61.6
26.065,116.108,334.2,1.3,1.1,2017-02-14,05:45,A,86,5.0       ,297.1,58.2
25.404,111.169,318.8,1.1,1,2017-02-14,05:45,A,70,5.0       ,289.9,24.9
25.402,111.158,310.2,1.1,1,2017-02-14,05:45,A,33,5.0       ,290.8,14.1
25.496,111.647,312.7,1,1,2017-02-14,05:45,A,55,5.0       ,294.7,11.5
25.495,111.637,316.3,1,1,2017-02-14,05:45,A,66,5.0       ,295.2,15.7
25.621,112.423,312.2,1,1,2017-02-14,05:45,A,53,5.0       ,295.2,10.8
25.612,112.176,317.5,1,1,2017-02-14,05:45,A,68,5.0       ,295.7,16.4
25.601,112.106,318.7,1,1,2017-02-14,05:45,A,70,5.0       ,294.6,18.5
25.6,112.096,315.8,1,1,2017-02-14,05:45,A,65,5.0       ,296.3,15.3
26.001,114.787,326.2,1.1,1,2017-02-14,05:45,A,79,5.0       ,294.5,34.3
25.665,111.975,316.7,1,1,2017-02-14,05:45,A,66,5.0       ,295.6,15.4
25.658,111.802,314.7,1,1,2017-02-14,05:45,A,62,5.0       ,295,14.7
25.788,112.37,314.7,1,1,2017-02-14,05:45,A,62,5.0       ,294.8,13.4
25.787,112.361,314.4,1,1,2017-02-14,05:45,A,61,5.0       ,295.2,12.8
26.582,118.525,314.4,1.8,1.3,2017-02-14,05:45,A,61,5.0       ,290.9,45.1
25.833,112.367,325.7,1,1,2017-02-14,05:45,A,79,5.0       ,295.4,27.4
25.85,112.232,323.6,1,1,2017-02-14,05:45,A,77,5.0       ,295.8,22.4
25.836,112.133,310.7,1,1,2017-02-14,05:45,A,43,5.0       ,295.6,10.2
25.828,112.083,312.5,1,1,2017-02-14,05:45,A,54,5.0       ,294.7,11.6
17.537,96.367,322,1,1,2017-02-14,04:15,T,75,5.0       ,301.6,17.9
16.69,101.166,314.7,2,1.4,2017-02-14,04:15,T,51,5.0       ,302.1,21.5
16.687,101.184,325.2,2,1.4,2017-02-14,04:15,T,78,5.0       ,303,53
16.684,101.177,327.4,2,1.4,2017-02-14,04:15,T,80,5.0       ,302.7,61.6
16.746,99.867,317.6,1.6,1.2,2017-02-14,04:15,T,68,5.0       ,301.3,16.8
16.743,99.881,315.2,1.6,1.2,2017-02-14,04:15,T,56,5.0       ,301.5,12.8
17.334,96.186,315.8,1,1,2017-02-14,04:15,T,65,5.0       ,301.3,7.6
17.304,95.953,319.6,1,1,2017-02-14,04:15,T,68,5.0       ,304.5,9.3
17.127,96.393,320.1,1,1,2017-02-14,04:15,T,61,5.0       ,304.3,10.6
16.756,97.948,335.2,1.2,1.1,2017-02-14,04:15,T,87,5.0       ,304.8,44.1
16.318,99.864,317.7,1.6,1.2,2017-02-14,04:15,T,68,5.0       ,301.6,20.7
16.101,100.776,318.2,1.9,1.3,2017-02-14,04:15,T,65,5.0       ,305.4,20.5
15.901,101.876,320.5,2.3,1.5,2017-02-14,04:15,T,73,5.0       ,301.1,44.7
15.897,101.897,315.4,2.3,1.5,2017-02-14,04:15,T,37,5.0       ,301.2,25.5
16.566,97.983,318.9,1.2,1.1,2017-02-14,04:15,T,65,5.0       ,304.5,12.9
16.578,97.849,333.7,1.2,1.1,2017-02-14,04:15,T,86,5.0       ,307.6,35.9
15.904,101.871,315.3,2.3,1.5,2017-02-14,04:15,T,63,5.0       ,301.1,27.5
15.9,101.893,319.6,2.3,1.5,2017-02-14,04:15,T,71,5.0       ,301.6,45.1
15.521,103.816,316,3.3,1.7,2017-02-14,04:15,T,65,5.0       ,300.5,40.6
16.021,100.845,332.7,1.9,1.4,2017-02-14,04:15,T,85,5.0       ,305.4,71.4
16.017,100.863,322.6,1.9,1.4,2017-02-14,04:15,T,75,5.0       ,304.9,35.2
16.001,100.57,318.6,1.8,1.3,2017-02-14,04:15,T,62,5.0       ,304.6,18.4
15.422,103.692,316.2,3.2,1.7,2017-02-14,04:15,T,65,5.0       ,300.6,41.6
16.596,96.124,327.9,1,1,2017-02-14,04:15,T,81,5.0       ,305.4,20.3
16.313,97.585,316.5,1.2,1.1,2017-02-14,04:15,T,34,5.0       ,303.5,11.8
16.311,97.596,317.8,1.2,1.1,2017-02-14,04:15,T,28,5.0       ,302.3,13.3
16.517,96.222,323.8,1,1,2017-02-14,04:15,T,77,5.0       ,305.7,13
15.617,101.626,315.7,2.2,1.4,2017-02-14,04:15,T,64,5.0       ,302.2,23.6
16.462,96.275,327.2,1,1,2017-02-14,04:15,T,80,5.0       ,305.6,17
16.461,96.285,324.2,1,1,2017-02-14,04:15,T,77,5.0       ,304.9,12.5
16.438,96.311,322.5,1,1,2017-02-14,04:15,T,50,5.0       ,304.6,12.7
16.43,96.182,323.5,1,1,2017-02-14,04:15,T,76,5.0       ,305.4,12.1
16.429,96.192,320.1,1,1,2017-02-14,04:15,T,72,5.0       ,305.7,7.5
15.899,99.347,324.4,1.5,1.2,2017-02-14,04:15,T,71,5.0       ,301.5,35.5
15.898,99.29,312.3,1.5,1.2,2017-02-14,04:15,T,31,5.0       ,297.1,16.3
15.896,99.304,314.6,1.5,1.2,2017-02-14,04:15,T,38,5.0       ,297,19.2
15.897,99.34,321,1.5,1.2,2017-02-14,04:15,T,27,5.0       ,300.2,25
15.893,99.297,320.3,1.5,1.2,2017-02-14,04:15,T,72,5.0       ,297.5,33.4
15.478,101.217,320.7,2.1,1.4,2017-02-14,04:15,T,67,5.0       ,305.4,30.6
16.037,97.642,319,1.2,1.1,2017-02-14,04:15,T,68,5.0       ,305.1,14.4
15.33,100.951,316.8,2,1.4,2017-02-14,04:15,T,50,5.0       ,302.6,24.3
16.081,95.444,330.8,1,1,2017-02-14,04:15,T,83,5.0       ,305.8,22.1
16.072,95.442,325.2,1,1,2017-02-14,04:15,T,78,5.0       ,303.2,14.1
15.042,101.523,318.4,2.3,1.5,2017-02-14,04:15,T,70,5.0       ,299.9,37.3
16.016,95.504,338.2,1,1,2017-02-14,04:15,T,89,5.0       ,306.3,32.8
15.044,101.518,314.4,2.3,1.5,2017-02-14,04:15,T,61,5.0       ,299.8,25.8
15.04,101.538,314.2,2.3,1.5,2017-02-14,04:15,T,60,5.0       ,299.9,24.2
15.537,97.82,315.7,1.2,1.1,2017-02-14,04:15,T,48,5.0       ,304.7,11
15.025,100.871,319.3,2,1.4,2017-02-14,04:15,T,70,5.0       ,303.4,33.8
15.525,97.83,338.7,1.2,1.1,2017-02-14,04:15,T,89,5.0       ,305.9,53.2
15.523,97.841,336.9,1.2,1.1,2017-02-14,04:15,T,88,5.0       ,305.7,50.3
14.258,104.776,321.6,4.1,1.9,2017-02-14,04:15,T,74,5.0       ,299.9,103.9
14.254,104.771,320.1,4.1,1.9,2017-02-14,04:15,T,72,5.0       ,300.5,92.4
14.707,102.07,318.9,2.5,1.5,2017-02-14,04:15,T,70,5.0       ,299.6,47.3
14.135,105.024,316.9,4.3,1.9,2017-02-14,04:15,T,66,5.0       ,297.8,79.2
14.112,105.143,313.7,4.4,1.9,2017-02-14,04:15,T,50,5.0       ,296.9,63.5
14.104,105.183,315.4,4.5,1.9,2017-02-14,04:15,T,64,5.0       ,297.4,88.5
14.22,104.499,317,3.9,1.8,2017-02-14,04:15,T,38,5.0       ,298.7,51.3
14.12,105.178,314.9,4.5,1.9,2017-02-14,04:15,T,61,5.0       ,297.1,81.2
14.133,105.017,317.6,4.3,1.9,2017-02-14,04:15,T,68,5.0       ,297.7,87.3
14.749,101.098,322.3,2.1,1.4,2017-02-14,04:15,T,75,5.0       ,302.4,45.9
14.749,101.093,318.4,2.1,1.4,2017-02-14,04:15,T,69,5.0       ,302.5,33.8
14.745,101.112,313.6,2.1,1.4,2017-02-14,04:15,T,38,5.0       ,301.1,21.2
25.861,112.24,312.6,1,1,2017-02-14,05:45,A,39,5.0       ,294.4,10.1
25.859,112.23,321.4,1,1,2017-02-14,05:45,A,74,5.0       ,294.3,20.1
25.839,112.091,338.2,1,1,2017-02-14,05:45,A,89,5.0       ,293.1,46.3
25.837,112.081,344.8,1,1,2017-02-14,05:45,A,92,5.0       ,295.7,58.9
25.868,111.667,327.9,1,1,2017-02-14,05:45,A,81,5.0       ,291.6,34.5
26.092,112.946,314,1,1,2017-02-14,05:45,A,60,5.0       ,295,13.2
26.097,112.915,313.3,1,1,2017-02-14,05:45,A,58,5.0       ,294.9,11.1
26.293,114.139,329.4,1.1,1,2017-02-14,05:45,A,82,5.0       ,291.5,38.8
26.291,114.129,310.4,1,1,2017-02-14,05:45,A,38,5.0       ,290.7,13.9
26.298,114.107,336.3,1,1,2017-02-14,05:45,A,87,5.0       ,292.2,50.6
26.168,112.895,310.9,1,1,2017-02-14,05:45,A,41,5.0       ,296.7,9
26.167,112.886,316.5,1,1,2017-02-14,05:45,A,66,5.0       ,300.2,14.6
26.183,112.741,333.5,1,1,2017-02-14,05:45,A,85,5.0       ,294.6,37.9
26.181,112.731,317.9,1,1,2017-02-14,05:45,A,69,5.0       ,294.7,17
26.221,112.815,326,1,1,2017-02-14,05:45,A,79,5.0       ,294.5,27
25.999,111.252,315.6,1,1,2017-02-14,05:45,A,58,5.0       ,291.4,16.5
26.259,112.762,317.6,1,1,2017-02-14,05:45,A,68,5.0       ,293.8,17.6
26.552,114.64,352.9,1.1,1,2017-02-14,05:45,A,96,5.0       ,299.7,88.2
26.55,114.629,352.3,1.1,1,2017-02-14,05:45,A,96,5.0       ,299.2,85.7
26.6,114.449,312.5,1.1,1,2017-02-14,05:45,A,55,5.0       ,293.3,15.4
26.802,115.975,311.8,1.3,1.1,2017-02-14,05:45,A,45,5.0       ,296.6,15.4
26.8,115.963,325.7,1.3,1.1,2017-02-14,05:45,A,79,5.0       ,297.1,37.8
26.317,112.329,316.5,1,1,2017-02-14,05:45,A,66,5.0       ,293.1,17.1
27.112,118.541,341.5,1.9,1.3,2017-02-14,05:45,A,91,5.0       ,292,136.2
27.11,118.523,321.9,1.9,1.3,2017-02-14,05:45,A,75,5.0       ,295,60.2
26.819,115.947,323.3,1.3,1.1,2017-02-14,05:45,A,76,5.0       ,296,35.7
27.558,115.427,312.5,1.2,1.1,2017-02-14,05:45,A,47,5.0       ,294.3,17.4
27.417,113.957,314.9,1.1,1,2017-02-14,05:45,A,62,5.0       ,292.7,18.8
27.568,114.759,310.6,1.1,1.1,2017-02-14,05:45,A,40,5.0       ,295.1,12.9
11.133,98.838,311.7,2.6,1.6,2017-02-14,07:20,A,38,5.0       ,300.4,30.3
11.139,98.83,332.5,2.6,1.6,2017-02-14,07:20,A,85,5.0       ,301.9,134.1
12.49,98.653,321.7,2.7,1.6,2017-02-14,07:20,A,0,5.0       ,304.9,56.9
14.353,99.183,317.6,3.1,1.7,2017-02-14,07:20,A,68,5.0       ,302.3,67.8
14.349,99.151,315.1,3.1,1.7,2017-02-14,07:20,A,60,5.0       ,301.7,56.8
14.351,99.179,320.5,3.1,1.7,2017-02-14,07:20,A,73,5.0       ,302.8,85.4
14.618,99.134,316.3,3.1,1.7,2017-02-14,07:20,A,34,5.0       ,303.6,47.3
15.517,101.119,319,4.5,2,2017-02-14,07:20,A,64,5.0       ,301.8,65.9
15.38,98.78,345.2,3,1.6,2017-02-14,07:20,A,93,5.0       ,299.7,285.3
15.377,98.752,330.4,3,1.6,2017-02-14,07:20,A,83,5.0       ,297.6,157.4
15.395,98.779,324.8,3,1.6,2017-02-14,07:20,A,78,5.0       ,297.2,122.5
15.392,98.751,331,3,1.6,2017-02-14,07:20,A,84,5.0       ,296.3,166.5
15.379,98.775,342.9,3,1.6,2017-02-14,07:20,A,91,5.0       ,300.3,263.3
15.377,98.747,319.5,3,1.6,2017-02-14,07:20,A,71,5.0       ,296.7,85.5
15.394,98.774,333.5,3,1.6,2017-02-14,07:20,A,85,5.0       ,297.6,182.9
15.391,98.746,322.9,3,1.6,2017-02-14,07:20,A,76,5.0       ,295.8,108.7
16.148,97.961,320.1,2.7,1.6,2017-02-14,07:20,A,72,5.0       ,303.6,45.1
16.145,97.937,318.9,2.6,1.6,2017-02-14,07:20,A,70,5.0       ,303,38.9
16.139,97.954,323.3,2.7,1.6,2017-02-14,07:20,A,76,5.0       ,303.9,60.7
16.028,95.529,326.1,1.7,1.3,2017-02-14,07:20,A,79,5.0       ,305.5,28.3
16.026,95.513,323.6,1.7,1.3,2017-02-14,07:20,A,77,5.0       ,305.5,20.6
16.025,95.523,327.2,1.7,1.3,2017-02-14,07:20,A,80,5.0       ,305.5,29.3
16.075,95.549,344.5,1.7,1.3,2017-02-14,07:20,A,92,5.0       ,306.1,98.4
16.073,95.533,343.4,1.7,1.3,2017-02-14,07:20,A,92,5.0       ,303.6,92.8
16.073,95.436,325.7,1.7,1.3,2017-02-14,07:20,A,74,5.0       ,299.9,33.8
16.791,100.567,321,4.3,1.9,2017-02-14,07:20,A,73,5.0       ,297,134.2
16.778,100.561,325.2,4.3,1.9,2017-02-14,07:20,A,78,5.0       ,298,182.1
16.622,98.533,319,3,1.6,2017-02-14,07:20,A,54,5.0       ,304.6,45.4
16.89,100.997,319.8,4.6,2,2017-02-14,07:20,A,72,5.0       ,298.5,170
16.888,100.994,319.8,4.6,2,2017-02-14,07:20,A,72,5.0       ,298.6,168.5
16.468,96.25,327.1,2,1.4,2017-02-14,07:20,A,80,5.0       ,305.9,37.7
16.48,96.248,328.7,2,1.4,2017-02-14,07:20,A,82,5.0       ,306,46.4
16.478,96.23,322.5,2,1.4,2017-02-14,07:20,A,68,5.0       ,304.3,22.5
16.624,97.366,338.8,2.4,1.5,2017-02-14,07:20,A,67,5.0       ,306,119.3
16.483,96.173,333.2,2,1.4,2017-02-14,07:20,A,85,5.0       ,305.4,62.5
16.481,96.155,325.7,2,1.4,2017-02-14,07:20,A,79,5.0       ,305,33.3
16.471,96.242,332.1,2,1.4,2017-02-14,07:20,A,84,5.0       ,305.7,60.1
16.475,96.167,328.5,2,1.4,2017-02-14,07:20,A,82,5.0       ,305.4,44.1
16.62,97.359,327.1,2.4,1.5,2017-02-14,07:20,A,61,5.0       ,305.3,56.1
16.488,96.166,328.7,2,1.4,2017-02-14,07:20,A,82,5.0       ,305.2,44.5
16.633,97.357,330.1,2.4,1.5,2017-02-14,07:20,A,72,5.0       ,305.9,73.4
17.353,99.494,311.5,3.6,1.8,2017-02-14,07:20,A,43,5.0       ,297.8,40.2
17.976,99.075,316.7,3.4,1.7,2017-02-14,07:20,A,66,5.0       ,296.3,68.6
17.985,99.07,316.3,3.4,1.7,2017-02-14,07:20,A,66,5.0       ,296.6,70.2
22.471,96.553,322.5,2.5,1.5,2017-02-14,07:25,A,72,5.0       ,299.2,70.2
22.217,94.031,322.2,1.7,1.3,2017-02-14,07:25,A,75,5.0       ,304,31.4
22.215,94.015,325.7,1.6,1.3,2017-02-14,07:25,A,79,5.0       ,303,40.8
22.236,92.907,330.5,1.4,1.2,2017-02-14,07:25,A,83,5.0       ,302.9,50.8
22.365,93.447,320.6,1.5,1.2,2017-02-14,07:25,A,73,5.0       ,293.7,37.2
22.363,93.433,350,1.5,1.2,2017-02-14,07:25,A,95,5.0       ,297,125.3
22.357,93.44,339.8,1.5,1.2,2017-02-14,07:25,A,90,5.0       ,295.5,90.4
22.356,93.428,327.3,1.5,1.2,2017-02-14,07:25,A,80,5.0       ,297.2,50.9
22.606,94.038,318.9,1.7,1.3,2017-02-14,07:25,A,61,5.0       ,301,22.5
22.604,94.022,328.4,1.7,1.3,2017-02-14,07:25,A,81,5.0       ,299.8,51.1
22.604,94.031,325.6,1.7,1.3,2017-02-14,07:25,A,79,5.0       ,300.9,38.9
23.136,98.53,323.7,3.6,1.8,2017-02-14,07:25,A,77,5.0       ,296.5,158.5
22.659,93.503,317.1,1.5,1.2,2017-02-14,07:25,A,55,5.0       ,300.5,23.6
22.657,93.487,318.1,1.5,1.2,2017-02-14,07:25,A,61,5.0       ,300.4,28.9
22.905,93.058,310.7,1.5,1.2,2017-02-14,07:25,A,40,5.0       ,299.5,12.1
23.093,93.716,321.9,1.6,1.3,2017-02-14,07:25,A,74,5.0       ,297.7,42.4
23.346,92.245,338.1,1.3,1.1,2017-02-14,07:25,A,89,5.0       ,302.6,62.8
23.345,92.232,317.1,1.3,1.1,2017-02-14,07:25,A,67,5.0       ,301.8,17.7
23.669,93.661,317.7,1.6,1.3,2017-02-14,07:25,A,64,5.0       ,297.5,28.7
23.771,93.265,333.7,1.5,1.2,2017-02-14,07:25,A,86,5.0       ,296.5,72.6
23.77,93.251,322,1.5,1.2,2017-02-14,07:25,A,75,5.0       ,296.8,41.2
23.613,91.933,313.5,1.3,1.1,2017-02-14,07:25,A,58,5.0       ,301.5,12.8
27.104,118.537,338.2,1.9,1.3,2017-02-14,05:45,A,89,5.0       ,293,121.2
26.404,112.612,312.7,1,1,2017-02-14,05:45,A,55,5.0       ,294.7,11.4
26.404,112.551,312.1,1,1,2017-02-14,05:45,A,52,5.0       ,295,10.6
26.421,112.032,313.7,1,1,2017-02-14,05:45,A,59,5.0       ,293.3,13.9
26.419,112.022,335.6,1,1,2017-02-14,05:45,A,87,5.0       ,293.8,43.7
26.781,114.428,312,1.1,1,2017-02-14,05:45,A,37,5.0       ,292.7,14.2
26.791,114.427,324.5,1.1,1,2017-02-14,05:45,A,78,5.0       ,292.6,30.6
26.921,115.371,313,1.2,1.1,2017-02-14,05:45,A,57,5.0       ,293.3,18.1
26.792,113.892,310.7,1,1,2017-02-14,05:45,A,43,5.0       ,291.4,15.4
26.763,113.676,326.1,1,1,2017-02-14,05:45,A,79,5.0       ,295.6,28.5
26.762,113.666,319.8,1,1,2017-02-14,05:45,A,72,5.0       ,296.2,20.2
26.826,114.004,311,1,1,2017-02-14,05:45,A,45,5.0       ,293.6,13.9
27.238,116.764,330.4,1.4,1.2,2017-02-14,05:45,A,83,5.0       ,296.1,59.7
26.965,114.43,313.8,1.1,1,2017-02-14,05:45,A,59,5.0       ,294.4,17.4
26.994,114.582,319.3,1.1,1,2017-02-14,05:45,A,71,5.0       ,297.6,24.5
26.959,114.093,315.8,1.1,1,2017-02-14,05:45,A,65,5.0       ,295.8,19.5
27.159,115.487,314,1.2,1.1,2017-02-14,05:45,A,60,5.0       ,296.5,19.6
27.051,114.466,316.5,1.1,1,2017-02-14,05:45,A,66,5.0       ,298.1,21.9
26.942,113.57,310.4,1,1,2017-02-14,05:45,A,38,5.0       ,293.2,10.5
26.94,113.487,311.7,1,1,2017-02-14,05:45,A,51,5.0       ,293.1,14.7
27.251,115.826,316.8,1.3,1.1,2017-02-14,05:45,A,67,5.0       ,292.5,25.2
27.291,115.987,334.6,1.3,1.1,2017-02-14,05:45,A,86,5.0       ,291.3,62.1
27.289,115.975,356.3,1.3,1.1,2017-02-14,05:45,A,98,5.0       ,295.5,126.3
27.29,115.981,343.7,1.3,1.1,2017-02-14,05:45,A,92,5.0       ,293.1,86
27.288,115.969,316.8,1.3,1.1,2017-02-14,05:45,A,67,5.0       ,292.5,27
27.3,115.98,401.2,1.3,1.1,2017-02-14,05:45,A,100,5.0       ,297.8,385.3
27.299,115.968,372.3,1.3,1.1,2017-02-14,05:45,A,100,5.0       ,299.5,194.1
26.748,111.627,345.2,1,1,2017-02-14,05:45,A,93,5.0       ,294.3,62.4
26.746,111.617,325.5,1,1,2017-02-14,05:45,A,79,5.0       ,293.7,28.9
27.147,114.201,312.5,1.1,1,2017-02-14,05:45,A,55,5.0       ,294.9,14.8
27.089,113.637,315.5,1,1,2017-02-14,05:45,A,64,5.0       ,293.2,19.6
27.248,114.795,312.7,1.1,1.1,2017-02-14,05:45,A,55,5.0       ,294.2,16.6
27.247,114.784,310.2,1.1,1.1,2017-02-14,05:45,A,34,5.0       ,294.1,13.4
27.193,114.143,311.1,1.1,1,2017-02-14,05:45,A,46,5.0       ,291.5,14.6
27.218,114.26,317.8,1.1,1,2017-02-14,05:45,A,69,5.0       ,293.7,21.6
27.216,114.249,321.6,1.1,1,2017-02-14,05:45,A,74,5.0       ,294.2,26.8
27.44,115.364,333.8,1.2,1.1,2017-02-14,05:45,A,86,5.0       ,292.8,54.5
27.438,115.352,323.2,1.2,1.1,2017-02-14,05:45,A,76,5.0       ,294.2,34.7
27.509,115.434,318.4,1.2,1.1,2017-02-14,05:45,A,70,5.0       ,293.3,27.3
27.224,113.144,310.6,1,1,2017-02-14,05:45,A,41,5.0       ,293.9,11.4
27.549,115.428,319.8,1.2,1.1,2017-02-14,05:45,A,72,5.0       ,294,28.5
-6.136,155.195,305.4,2.2,1.4,2017-02-14,11:45,T,29,5.0       ,287.4,32.2
13.053,106.81,319.5,1,1,2017-02-14,15:10,T,98,5.0       ,293.4,23.7
12.997,106.374,307.2,1.1,1,2017-02-14,15:10,T,53,5.0       ,294.8,10.2
13.176,106.958,309.5,1,1,2017-02-14,15:10,T,67,5.0       ,292.5,12.9
13.175,106.949,311.1,1,1,2017-02-14,15:10,T,74,5.0       ,292.8,14.4
13.113,105.389,310.4,1.2,1.1,2017-02-14,15:10,T,71,5.0       ,293.1,17.2
13.112,105.379,308.8,1.2,1.1,2017-02-14,15:10,T,63,5.0       ,293.2,15.4
13.287,106.4,318.7,1.1,1,2017-02-14,15:10,T,97,5.0       ,294.3,23.5
13.285,106.39,305.1,1.1,1,2017-02-14,15:10,T,17,5.0       ,293.9,8.4
13.346,106.42,322.3,1.1,1,2017-02-14,15:10,T,100,5.0       ,293.5,28.6
13.345,106.411,316.9,1.1,1,2017-02-14,15:10,T,92,5.0       ,293.2,21.6
13.662,108.548,306.6,1,1,2017-02-14,15:10,T,38,5.0       ,289.6,14.6
13.406,106.455,327.7,1.1,1,2017-02-14,15:10,T,100,5.0       ,294.2,34.1
13.404,106.445,324,1.1,1,2017-02-14,15:10,T,100,5.0       ,294.1,28.7
13.414,106.444,309.7,1.1,1,2017-02-14,15:10,T,52,5.0       ,293.6,11
13.443,106.403,319,1.1,1,2017-02-14,15:10,T,97,5.0       ,293.8,22.4
13.442,106.393,339,1.1,1,2017-02-14,15:10,T,100,5.0       ,296,54.9
13.452,106.401,316.9,1.1,1,2017-02-14,15:10,T,92,5.0       ,292.5,19.8
13.451,106.392,321.4,1.1,1,2017-02-14,15:10,T,100,5.0       ,293.3,25.6
13.46,106.39,321.6,1.1,1,2017-02-14,15:10,T,100,5.0       ,292.8,25.7
13.475,106.428,318.6,1.1,1,2017-02-14,15:10,T,96,5.0       ,293.2,22.8
13.474,106.418,315.6,1.1,1,2017-02-14,15:10,T,89,5.0       ,292.4,18.6
13.485,106.366,317.6,1.1,1,2017-02-14,15:10,T,94,5.0       ,291.5,21.3
13.573,106.9,313.1,1,1,2017-02-14,15:10,T,81,5.0       ,292.6,16.2
13.325,104.973,315.7,1.2,1.1,2017-02-14,15:10,T,89,5.0       ,292.2,26.5
13.547,106.29,330,1.1,1,2017-02-14,15:10,T,100,5.0       ,294.6,38.4
13.557,106.299,313.8,1.1,1,2017-02-14,15:10,T,22,5.0       ,293.7,14.3
13.592,106.403,310.1,1.1,1,2017-02-14,15:10,T,49,5.0       ,289.2,12.5
13.424,105.287,305,1.2,1.1,2017-02-14,15:10,T,7,5.0       ,290.5,13.9
13.761,107.501,305.8,1,1,2017-02-14,15:10,T,37,5.0       ,290.5,10.9
13.65,106.737,305.8,1,1,2017-02-14,15:10,T,36,5.0       ,293.2,8
13.649,106.728,308.6,1,1,2017-02-14,15:10,T,62,5.0       ,293.4,10.9
13.601,106.402,309.1,1.1,1,2017-02-14,15:10,T,65,5.0       ,288.9,11.7
13.606,106.311,344,1.1,1,2017-02-14,15:10,T,100,5.0       ,292.2,66.9
13.605,106.301,322,1.1,1,2017-02-14,15:10,T,100,5.0       ,291,27.4
13.614,106.314,321.2,1.1,1,2017-02-14,15:10,T,100,5.0       ,292.3,26.7
13.613,106.304,321.3,1.1,1,2017-02-14,15:10,T,100,5.0       ,293.5,26
13.645,106.329,326.6,1.1,1,2017-02-14,15:10,T,100,5.0       ,290.5,36.1
13.696,106.244,306.3,1.1,1,2017-02-14,15:10,T,33,5.0       ,293.3,11.6
13.795,106.78,309,1,1,2017-02-14,15:10,T,64,5.0       ,293.3,12
13.605,104.598,317.4,1.3,1.1,2017-02-14,15:10,T,93,5.0       ,292,32.1
13.743,102.647,313.9,1.8,1.3,2017-02-14,15:10,T,83,5.0       ,293.9,37.7
14.332,104.211,314.6,1.3,1.1,2017-02-14,15:10,T,86,5.0       ,295,25
14.086,101.235,307.6,2.2,1.4,2017-02-14,15:10,T,55,5.0       ,291.7,38.3
14.085,101.228,308.6,2.2,1.4,2017-02-14,15:10,T,62,5.0       ,291.5,41.8
15.793,100.602,316,2.3,1.5,2017-02-14,15:10,T,90,5.0       ,290.8,70.4
16.172,101.661,308.6,1.9,1.3,2017-02-14,15:10,T,62,5.0       ,290.3,33.6
16.606,103.307,309.6,1.4,1.2,2017-02-14,15:10,T,67,5.0       ,291.7,24
16.54,102.135,306.1,1.7,1.3,2017-02-14,15:10,T,42,5.0       ,292.6,22.2
16.974,102.935,308,1.5,1.2,2017-02-14,15:10,T,58,5.0       ,290.5,24.6
17.016,102.786,308.4,1.5,1.2,2017-02-14,15:10,T,60,5.0       ,290.4,25.5
17.018,102.78,316.3,1.5,1.2,2017-02-14,15:10,T,90,5.0       ,290.4,38.2
18.268,104.217,305.7,1.2,1.1,2017-02-14,15:10,T,35,5.0       ,291,13
17.743,100.99,315.3,2,1.4,2017-02-14,15:10,T,88,5.0       ,285.4,61.2
17.746,100.983,316.9,2,1.4,2017-02-14,15:10,T,92,5.0       ,285.4,65.8
21.24,106.679,323.7,1,1,2017-02-14,15:10,T,100,5.0       ,286.4,33.1
23.303,108.734,336.1,1.2,1.1,2017-02-14,15:10,T,100,5.0       ,286.3,68.8
26.575,101.671,319.7,1.2,1.1,2017-02-14,15:10,T,99,5.0       ,287.7,37.3
26.573,101.659,308.1,1.2,1.1,2017-02-14,15:10,T,59,5.0       ,285.7,20.8
27.73,102.212,327.4,1.1,1.1,2017-02-14,15:10,T,100,5.0       ,278.1,48.2
27.728,102.201,309.3,1.1,1.1,2017-02-14,15:10,T,66,5.0       ,275.6,22.9
11.691,104.282,319.9,1.5,1.2,2017-02-14,15:10,T,99,5.0       ,292.6,41.2
12.331,106.727,320.2,1.1,1,2017-02-14,15:10,T,100,5.0       ,294,25.1
12.33,106.717,305.8,1.1,1,2017-02-14,15:10,T,38,5.0       ,293.4,8.9
12.383,106.393,312.5,1.1,1,2017-02-14,15:10,T,79,5.0       ,294.1,15.7
12.548,106.516,310.4,1.1,1,2017-02-14,15:10,T,71,5.0       ,294.5,12.8
12.546,106.506,305.1,1.1,1,2017-02-14,15:10,T,15,5.0       ,294.4,7.5
12.554,106.495,310,1.1,1,2017-02-14,15:10,T,69,5.0       ,294.6,12.6
12.68,106.23,306.7,1.1,1,2017-02-14,15:10,T,48,5.0       ,294.7,9.2
12.678,106.22,307.7,1.1,1,2017-02-14,15:10,T,56,5.0       ,294.8,10.5
12.79,106.84,312.4,1,1,2017-02-14,15:10,T,79,5.0       ,293.3,15.6
12.706,106.215,306,1.1,1,2017-02-14,15:10,T,40,5.0       ,294.7,8.4
12.679,105.908,310.1,1.1,1.1,2017-02-14,15:10,T,69,5.0       ,294.2,14
12.696,105.894,308,1.1,1.1,2017-02-14,15:10,T,58,5.0       ,294.5,11.8
12.695,105.884,305.1,1.1,1.1,2017-02-14,15:10,T,16,5.0       ,294.3,8.9
12.749,106.116,319.1,1.1,1.1,2017-02-14,15:10,T,97,5.0       ,295,24.3
12.747,106.106,310,1.1,1.1,2017-02-14,15:10,T,69,5.0       ,294.4,13
12.915,106.873,308.5,1,1,2017-02-14,15:10,T,61,5.0       ,292.9,11.2
12.986,106.923,320,1,1,2017-02-14,15:10,T,100,5.0       ,293.3,24.5
12.985,106.913,305.6,1,1,2017-02-14,15:10,T,33,5.0       ,292.7,9
12.901,106.284,305.6,1.1,1,2017-02-14,15:10,T,35,5.0       ,294.9,8.4
12.817,105.473,305.3,1.2,1.1,2017-02-14,15:10,T,26,5.0       ,293.2,10.9
13.123,107.416,305.3,1,1,2017-02-14,15:10,T,26,5.0       ,292.2,8.7
13.054,106.819,312.4,1,1,2017-02-14,15:10,T,79,5.0       ,293.1,15.3